,2,3,8,23,96,98,100,110
2,0.0,0.9043262606757853,0.33785468776123867,0.9189841305725422,0.7936507114689765,1.199422738698244,1.0944013998077025,0.7837690354627295
3,0.9043262606757853,0.0,0.5941694195638269,0.00839073022181917,1.1270647841238464,0.8271161906961477,0.8939050871996157,1.0227382480948684
8,0.33785468776123867,0.5941694195638269,0.0,0.615401249709017,0.7295534114636455,0.9092387391963941,0.8449085327122656,0.6637298452369456
23,0.9189841305725422,0.00839073022181917,0.615401249709017,0.0,1.1363890982745626,0.8091413777758514,0.908397150926461,1.036042348590319
96,0.7936507114689765,1.1270647841238464,0.7295534114636455,1.1363890982745626,0.0,0.7833781177621876,0.5670959150899345,0.11709123577838844
98,1.199422738698244,0.8271161906961477,0.9092387391963941,0.8091413777758514,0.7833781177621876,0.0,0.21007877624420754,0.6580525798287056
100,1.0944013998077025,0.8939050871996157,0.8449085327122656,0.908397150926461,0.5670959150899345,0.21007877624420754,0.0,0.46025281618286545
110,0.7837690354627295,1.0227382480948684,0.6637298452369456,1.036042348590319,0.11709123577838844,0.6580525798287056,0.46025281618286545,0.0
