,11,14,16,19,105,108,121,124
11,0.0,0.7738884711626502,0.880883360446542,0.570800001580953,1.0636093988571491,1.3018802448696019,1.1720772413435125,1.1983500290334987
14,0.7738884711626502,0.0,0.10858067735615662,0.2437464589518794,0.9305299835403813,0.8263445626722432,0.7796964173115152,0.7468548062334187
16,0.880883360446542,0.10858067735615662,0.0,0.3547736186689254,0.9886943320472962,0.8246707876570207,0.8055395089108759,0.7683660683111821
19,0.570800001580953,0.2437464589518794,0.3547736186689254,0.0,0.7943473979355725,0.8304253482653391,0.7372155086203634,0.7122665028329648
105,1.0636093988571491,0.9305299835403813,0.9886943320472962,0.7943473979355725,0.0,0.5277031809614278,0.36236644975665794,0.4205829543540377
108,1.3018802448696019,0.8263445626722432,0.8246707876570207,0.8304253482653391,0.5277031809614278,0.0,0.22071840053635347,0.1737898329410678
121,1.1720772413435125,0.7796964173115152,0.8055395089108759,0.7372155086203634,0.36236644975665794,0.22071840053635347,0.0,0.061185667034593355
124,1.1983500290334987,0.7468548062334187,0.7683660683111821,0.7122665028329648,0.4205829543540377,0.1737898329410678,0.061185667034593355,0.0
