,0,11,30,31,115,124,125,126
0,0.0,0.7172391420620956,0.46684408749547723,0.5775675865055356,0.8207204654081178,0.7142748744883339,1.16287610880418,0.9788704086108531
11,0.7172391420620956,0.0,0.22783717059670353,0.14278453635248584,1.2804130572611643,1.1374558683763145,0.9145348230190832,1.0080056054178457
30,0.46684408749547723,0.22783717059670353,0.0,0.09242494353512457,1.101310149351189,1.0292643223854752,0.9867192977397513,0.9023408592670142
31,0.5775675865055356,0.14278453635248584,0.09242494353512457,0.0,1.1254087805188737,1.1045779143300136,0.9908937435254761,0.9675592526256184
115,0.8207204654081178,1.2804130572611643,1.101310149351189,1.1254087805188737,0.0,0.07627694694328305,0.85372505783799,0.557451457148595
124,0.7142748744883339,1.1374558683763145,1.0292643223854752,1.1045779143300136,0.07627694694328305,0.0,0.8731814036184901,0.5256135286990938
125,1.16287610880418,0.9145348230190832,0.9867192977397513,0.9908937435254761,0.85372505783799,0.8731814036184901,0.0,0.28214440204894425
126,0.9788704086108531,1.0080056054178457,0.9023408592670142,0.9675592526256184,0.557451457148595,0.5256135286990938,0.28214440204894425,0.0
