,100,109,115,116,120,124,125,126
100,0.0,0.7097872458450836,0.1700080727801563,0.247005362513246,0.1651718072664437,0.1492524220537104,0.7241763428114699,0.4131454626306916
109,0.7097872458450836,0.0,0.8530975082776422,0.9177800185434611,0.5497936559628664,0.841388988622566,0.12462493463860885,0.2990882177497477
115,0.1700080727801563,0.8530975082776422,0.0,0.08641742373271344,0.33610696133634826,0.09052256570252235,0.898014094198,0.5777450783116933
116,0.247005362513246,0.9177800185434611,0.08641742373271344,0.0,0.4070644536173086,0.1315390592806405,0.9830552420979689,0.6655538915304071
120,0.1651718072664437,0.5497936559628664,0.33610696133634826,0.4070644536173086,0.0,0.3012012350410346,0.5651427174915793,0.2583461138169308
124,0.1492524220537104,0.841388988622566,0.09052256570252235,0.1315390592806405,0.3012012350410346,0.0,0.8678999724114634,0.5575029941363977
125,0.7241763428114699,0.12462493463860885,0.898014094198,0.9830552420979689,0.5651427174915793,0.8678999724114634,0.0,0.32544907036587584
126,0.4131454626306916,0.2990882177497477,0.5777450783116933,0.6655538915304071,0.2583461138169308,0.5575029941363977,0.32544907036587584,0.0
