,2,3,4,10,13,18,24,27
2,0.0,0.1273375251433185,0.08694037172452211,0.014488966540604335,0.13507057040693118,0.17610621164883225,0.08873460660739976,0.12464104007089327
3,0.1273375251433185,0.0,0.039710787892166144,0.1283222021343668,0.11676876786146063,0.09217181272292023,0.1743686433512228,0.18003396667133234
4,0.08694037172452211,0.039710787892166144,0.0,0.08936474293480853,0.11195132876431405,0.11415455344024353,0.14335810972121316,0.1565597137435982
10,0.014488966540604335,0.1283222021343668,0.08936474293480853,0.0,0.14526454625756782,0.1838662345304825,0.10127419202982152,0.136735043913327
13,0.13507057040693118,0.11676876786146063,0.11195132876431405,0.14526454625756782,0.0,0.072937655700792,0.10845615155367332,0.08703757910036578
18,0.17610621164883225,0.09217181272292023,0.11415455344024353,0.1838662345304825,0.072937655700792,0.0,0.17683866118017602,0.160324645461882
24,0.08873460660739976,0.1743686433512228,0.14335810972121316,0.10127419202982152,0.10845615155367332,0.17683866118017602,0.0,0.04373151124598714
27,0.12464104007089327,0.18003396667133234,0.1565597137435982,0.136735043913327,0.08703757910036578,0.160324645461882,0.04373151124598714,0.0
