,96,102,106,108,109,113,123,126
96,0.0,0.267853879980823,0.7039934391235393,0.8347798081531925,0.1383743616089292,0.1707475202189439,0.23772219352936602,0.17722591747034142
102,0.267853879980823,0.0,0.4570097847412715,0.5769398651996483,0.38894077788436454,0.19621793774265023,0.13187580877544788,0.1744511847389996
106,0.7039934391235393,0.4570097847412715,0.0,0.14684763057494923,0.8266908906645313,0.5621261418033959,0.4749786997138064,0.5470234775266117
108,0.8347798081531925,0.5769398651996483,0.14684763057494923,0.0,0.9511789252070085,0.7012575227817949,0.6124825346437501,0.6832941484467209
109,0.1383743616089292,0.38894077788436454,0.8266908906645313,0.9511789252070085,0.0,0.29620968526378383,0.3678215575919281,0.30035135675393004
113,0.1707475202189439,0.19621793774265023,0.5621261418033959,0.7012575227817949,0.29620968526378383,0.0,0.09108579478157523,0.021552641200878454
123,0.23772219352936602,0.13187580877544788,0.4749786997138064,0.6124825346437501,0.3678215575919281,0.09108579478157523,0.0,0.07410010615749217
126,0.17722591747034142,0.1744511847389996,0.5470234775266117,0.6832941484467209,0.30035135675393004,0.021552641200878454,0.07410010615749217,0.0
