,96,103,104,105,106,114,120,124
96,0.0,0.09014157948992234,0.16075517024056052,0.3204261388754087,0.7049599246980396,0.5919109710604764,0.42520242919265405,0.7185792615344302
103,0.09014157948992234,0.0,0.11821569853468543,0.40708898418082295,0.7724973229236413,0.6733104915396898,0.4931383546494495,0.7853442071929885
104,0.16075517024056052,0.11821569853468543,0.0,0.46865291066694315,0.8544421387206973,0.7457304221377236,0.5784717963403387,0.8663938690541134
105,0.3204261388754087,0.40708898418082295,0.46865291066694315,0.0,0.39864829865176016,0.2903937412128507,0.1520120839867387,0.41599921029290554
106,0.7049599246980396,0.7724973229236413,0.8544421387206973,0.39864829865176016,0.0,0.12543012949894708,0.29482696799306246,0.05992038515105841
114,0.5919109710604764,0.6733104915396898,0.7457304221377236,0.2903937412128507,0.12543012949894708,0.0,0.20348354866964383,0.14227247053461223
120,0.42520242919265405,0.4931383546494495,0.5784717963403387,0.1520120839867387,0.29482696799306246,0.20348354866964383,0.0,0.30218594706830837
124,0.7185792615344302,0.7853442071929885,0.8663938690541134,0.41599921029290554,0.05992038515105841,0.14227247053461223,0.30218594706830837,0.0
