,98,99,102,105,108,117,121,124
98,0.0,0.8395912167989278,0.5154627274277943,0.46311884372216905,0.06690715176752907,0.29999198560039037,0.15915633308505994,0.11257343624128684
99,0.8395912167989278,0.0,0.349188393499497,0.39547762739061687,0.9049468860853417,0.5515246457195667,0.7131643630644172,0.7729303078949613
102,0.5154627274277943,0.349188393499497,0.0,0.06801917478079514,0.5775348830061665,0.262230660515391,0.4186669942767843,0.4736017304020573
105,0.46311884372216905,0.39547762739061687,0.06801917478079514,0.0,0.5201297461543192,0.20906128306760738,0.35962656546190186,0.4170141602337942
108,0.06690715176752907,0.9049468860853417,0.5775348830061665,0.5201297461543192,0.0,0.3641883310248042,0.22178802798535033,0.1700792232255916
117,0.29999198560039037,0.5515246457195667,0.262230660515391,0.20906128306760738,0.3641883310248042,0.0,0.16567916958805926,0.22618834251620487
121,0.15915633308505994,0.7131643630644172,0.4186669942767843,0.35962656546190186,0.22178802798535033,0.16567916958805926,0.0,0.06236127488696146
124,0.11257343624128684,0.7729303078949613,0.4736017304020573,0.4170141602337942,0.1700792232255916,0.22618834251620487,0.06236127488696146,0.0
