,0,9,10,15,17,20,22,23
0,0.0,0.06662747884742537,0.19259120508064687,0.09806759872861068,0.1983632610868288,0.16377270684156325,0.06375238220001038,0.20598584436126982
9,0.06662747884742537,0.0,0.12625362002587043,0.056481480247163,0.16143741673109951,0.09872629661487838,0.062139585259485416,0.13924204574379628
10,0.19259120508064687,0.12625362002587043,0.0,0.13496858876521103,0.12673815343866146,0.053892319462323944,0.15738851924292846,0.02275130456940478
15,0.09806759872861068,0.056481480247163,0.13496858876521103,0.0,0.20385949291838826,0.08798741003607405,0.11621966926561483,0.1398307066388262
17,0.1983632610868288,0.16143741673109951,0.12673815343866146,0.20385949291838826,0.0,0.16337781879356505,0.13687904946355883,0.14758669758223178
20,0.16377270684156325,0.09872629661487838,0.053892319462323944,0.08798741003607405,0.16337781879356505,0.0,0.14629598248111084,0.052271090340122284
22,0.06375238220001038,0.062139585259485416,0.15738851924292846,0.11621966926561483,0.13687904946355883,0.14629598248111084,0.0,0.17507858786696867
23,0.20598584436126982,0.13924204574379628,0.02275130456940478,0.1398307066388262,0.14758669758223178,0.052271090340122284,0.17507858786696867,0.0
