,96,98,100,102,103,107,110,111
96,0.0,0.7725954498326086,0.5694306149290559,0.266516302343443,0.0890833695260851,0.10951713987791956,0.1237079676413839,0.06818745595482165
98,0.7725954498326086,0.0,0.21308276326138587,0.5117308653838946,0.850503656810642,0.8179561342383788,0.6529253666721312,0.744010809308358
100,0.5694306149290559,0.21308276326138587,0.0,0.3272563248557423,0.6466703824421501,0.6128607340768245,0.4601983096310974,0.5524644092584293
102,0.266516302343443,0.5117308653838946,0.3272563248557423,0.0,0.35418848011240156,0.34470428854828405,0.14360355562197993,0.24040402080864864
103,0.0890833695260851,0.850503656810642,0.6466703824421501,0.35418848011240156,0.0,0.06691299042061785,0.2122585098119596,0.14145060478699914
107,0.10951713987791956,0.8179561342383788,0.6128607340768245,0.34470428854828405,0.06691299042061785,0.0,0.21606803348230602,0.14239541723724397
110,0.1237079676413839,0.6529253666721312,0.4601983096310974,0.14360355562197993,0.2122585098119596,0.21606803348230602,0.0,0.10585567563306773
111,0.06818745595482165,0.744010809308358,0.5524644092584293,0.24040402080864864,0.14145060478699914,0.14239541723724397,0.10585567563306773,0.0
