,8,19,21,24,110,118,121,127
8,0.0,0.20204195997097896,0.237871443584751,0.15221011506451554,0.6560428292664401,0.6900831449883214,0.8608864829586179,0.8638761448270845
19,0.20204195997097896,0.0,0.4309476653305414,0.34181394435376755,0.6806791038002982,0.6781128882568043,0.7336947615491042,0.7867022779581426
21,0.237871443584751,0.4309476653305414,0.0,0.12743577643718695,0.7847148628083027,0.8234030437931578,1.0632909447332244,1.037995649861104
24,0.15221011506451554,0.34181394435376755,0.12743577643718695,0.0,0.6567875223614583,0.7047711591209098,0.9561879753139662,0.9152249684765601
110,0.6560428292664401,0.6806791038002982,0.7847148628083027,0.6567875223614583,0.0,0.037610911435917445,0.5561185693912571,0.33447962289144356
118,0.6900831449883214,0.6781128882568043,0.8234030437931578,0.7047711591209098,0.037610911435917445,0.0,0.4861736958391389,0.2781137504310398
121,0.8608864829586179,0.7336947615491042,1.0632909447332244,0.9561879753139662,0.5561185693912571,0.4861736958391389,0.0,0.23002280204833733
127,0.8638761448270845,0.7867022779581426,1.037995649861104,0.9152249684765601,0.33447962289144356,0.2781137504310398,0.23002280204833733,0.0
