,8,10,19,21,97,103,108,123
8,0.0,0.1931922114096739,0.20700554396492302,0.11221299506961976,0.9999335330474873,0.9999613630613601,0.5906182202692807,1.0645498749682545
10,0.1931922114096739,0.0,0.2510302664512131,0.16292498422997995,1.0000698827031176,0.9999587987706571,0.6711168621595845,0.9999247668236338
19,0.20700554396492302,0.2510302664512131,0.0,0.06913527229152397,0.999987931665664,0.4048025893599941,0.36798345716860126,0.6626227739213528
21,0.11221299506961976,0.16292498422997995,0.06913527229152397,0.0,2.1814997687456015,1.00002922630445,1.6686783614948675,0.9468946927134697
97,0.9999335330474873,1.0000698827031176,0.999987931665664,2.1814997687456015,0.0,0.19904809152846129,0.07210958245974125,0.6118867597524792
103,0.9999613630613601,0.9999587987706571,0.4048025893599941,1.00002922630445,0.19904809152846129,0.0,0.26100102022649857,0.42863223524362964
108,0.5906182202692807,0.6711168621595845,0.36798345716860126,1.6686783614948675,0.07210958245974125,0.26100102022649857,0.0,0.6832926415306977
123,1.0645498749682545,0.9999247668236338,0.6626227739213528,0.9468946927134697,0.6118867597524792,0.42863223524362964,0.6832926415306977,0.0
