,2,17,28,29,99,110,120,123
2,0.0,0.11830036785252936,0.09609369775227379,0.3015652542756499,0.9999341384907908,2.34674833234171,1.0000905481093958,1.2130822539501427
17,0.11830036785252936,0.0,0.15333805754083002,0.2641819016801871,0.8451163707626618,1.000016117281854,0.9200487651939699,1.0000189311749856
28,0.09609369775227379,0.15333805754083002,0.0,0.17039507661166683,0.9483157006908922,0.9999895514302067,0.472550639409713,0.8993722135598203
29,0.3015652542756499,0.2641819016801871,0.17039507661166683,0.0,3.5348538241644096,0.8951809887446651,0.9293905171218002,1.3495344967912002
99,0.9999341384907908,0.8451163707626618,0.9483157006908922,3.5348538241644096,0.0,0.08479175637826561,0.089179783597032,0.2699599617516264
110,2.34674833234171,1.000016117281854,0.9999895514302067,0.8951809887446651,0.08479175637826561,0.0,0.0700263408370159,0.309918522542309
120,1.0000905481093958,0.9200487651939699,0.472550639409713,0.9293905171218002,0.089179783597032,0.0700263408370159,0.0,0.3163872229785194
123,1.2130822539501427,1.0000189311749856,0.8993722135598203,1.3495344967912002,0.2699599617516264,0.309918522542309,0.3163872229785194,0.0
