,3,4,9,14,19,20,22,25
3,0.0,0.2300745510215628,0.16434356294400043,0.1901587298495376,0.22440164605393734,0.09697396390460332,0.17100261236984557,0.24251512872786798
4,0.2300745510215628,0.0,0.18829999656147922,0.20706778867447737,0.23452951046153198,0.2790325293362637,0.10066228982603705,0.1052622593381589
9,0.16434356294400043,0.18829999656147922,0.0,0.09003717017623256,0.13812141999619298,0.1784381696341043,0.13705256280774428,0.13948099316430426
14,0.1901587298495376,0.20706778867447737,0.09003717017623256,0.0,0.06318643843014102,0.12583662580457333,0.19824161226176462,0.20843257480363428
19,0.22440164605393734,0.23452951046153198,0.13812141999619298,0.06318643843014102,0.0,0.12352367732889484,0.27787471526835245,0.268957179412997
20,0.09697396390460332,0.2790325293362637,0.1784381696341043,0.12583662580457333,0.12352367732889484,0.0,0.19338041456325297,0.23421346161906223
22,0.17100261236984557,0.10066228982603705,0.13705256280774428,0.19824161226176462,0.27787471526835245,0.19338041456325297,0.0,0.09193495826788169
25,0.24251512872786798,0.1052622593381589,0.13948099316430426,0.20843257480363428,0.268957179412997,0.23421346161906223,0.09193495826788169,0.0
