,3,6,9,12,14,15,18,20
3,0.0,0.23432963937228293,0.16434360212656388,0.29498006905516083,0.19015875251822606,0.17955247411831243,0.16645168864653545,0.09697401014540372
6,0.23432963937228293,0.0,0.17393022903371028,0.23185748822578747,0.2375698368778227,0.24497405335813946,0.18378894400769247,0.1739061169480264
9,0.16434360212656388,0.17393022903371028,0.0,0.09553432222807325,0.09003721310931116,0.19002684384710686,0.07164146742217369,0.17843825472007432
12,0.29498006905516083,0.23185748822578747,0.09553432222807325,0.0,0.15019073471015645,0.2518482233163488,0.16957049452026482,0.26096069992615956
14,0.19015875251822606,0.2375698368778227,0.09003721310931116,0.15019073471015645,0.0,0.13182346882924392,0.03807263389890909,0.1258366558063664
15,0.17955247411831243,0.24497405335813946,0.19002684384710686,0.2518482233163488,0.13182346882924392,0.0,0.16463553614738066,0.09116168227095992
18,0.16645168864653545,0.18378894400769247,0.07164146742217369,0.16957049452026482,0.03807263389890909,0.16463553614738066,0.0,0.18128124444641464
20,0.09697401014540372,0.1739061169480264,0.17843825472007432,0.26096069992615956,0.1258366558063664,0.09116168227095992,0.18128124444641464,0.0
