,4,17,25,28,106,118,119,122
4,0.0,0.009685115373667116,0.1052622593381589,0.17755246069232353,2.37547118334059,0.7482942815419866,1.3424934029110809,1.0001110409666947
17,0.009685115373667116,0.0,0.09684002755549247,0.15333798442356383,0.8362960776718436,1.0000795825777744,1.4777706570739917,1.3811352949970588
25,0.1052622593381589,0.09684002755549247,0.0,0.14794428229496273,6.166787175457725,1.4027439538867863,0.8340210765691538,2.297479425784929
28,0.17755246069232353,0.15333798442356383,0.14794428229496273,0.0,0.6550157087874487,0.28784573862300605,0.9998126731644148,2.6149823252929805
106,2.37547118334059,0.8362960776718436,6.166787175457725,0.6550157087874487,0.0,0.9619162444209923,0.5778401302907746,0.21628388451290925
118,0.7482942815419866,1.0000795825777744,1.4027439538867863,0.28784573862300605,0.9619162444209923,0.0,0.4988279382852174,0.7931800099409447
119,1.3424934029110809,1.4777706570739917,0.8340210765691538,0.9998126731644148,0.5778401302907746,0.4988279382852174,0.0,0.3499582905889458
122,1.0001110409666947,1.3811352949970588,2.297479425784929,2.6149823252929805,0.21628388451290925,0.7931800099409447,0.3499582905889458,0.0
