,4,5,7,8,13,14,17,24
4,0.0,0.2978999161625145,0.28035296907710705,0.21969242664227684,0.19638118123287748,0.20706778867447737,0.009683545305160786,0.11669618411751365
5,0.2978999161625145,0.0,0.17622022222977504,0.22924159527778779,0.08349778368261163,0.10765504569578402,0.33670087879703975,0.2278815548613541
7,0.28035296907710705,0.17622022222977504,0.0,0.12728783612326866,0.09623646753234308,0.09268752008266361,0.19164838123526243,0.14136377412212678
8,0.21969242664227684,0.22924159527778779,0.12728783612326866,0.0,0.240423423323315,0.16547041996028072,0.2137767916794113,0.2235224702593037
13,0.19638118123287748,0.08349778368261163,0.09623646753234308,0.240423423323315,0.0,0.02766260814708576,0.219601777722103,0.18134470371003256
14,0.20706778867447737,0.10765504569578402,0.09268752008266361,0.16547041996028072,0.02766260814708576,0.0,0.30700052572435954,0.1752379686659952
17,0.009683545305160786,0.33670087879703975,0.19164838123526243,0.2137767916794113,0.219601777722103,0.30700052572435954,0.0,0.13290042731425786
24,0.11669618411751365,0.2278815548613541,0.14136377412212678,0.2235224702593037,0.18134470371003256,0.1752379686659952,0.13290042731425786,0.0
