,5,11,14,31,104,113,115,116
5,0.0,0.27973206646080956,0.10767098605984393,0.06457214749061471,1.0000301920364334,0.9989282242221749,1.03204387799329,0.35283660920602467
11,0.27973206646080956,0.0,0.18354949947476368,0.25604154765613757,1.1825084519974725,1.8926411899938804,2.668434055057781,1.6017233673531945
14,0.10767098605984393,0.18354949947476368,0.0,0.06475502382524037,0.7573596138096674,0.9999232450345115,1.3112200845111563,0.9998350979358143
31,0.06457214749061471,0.25604154765613757,0.06475502382524037,0.0,0.7848864436465401,0.4137380785925646,0.650903398925585,1.0000544466871906
104,1.0000301920364334,1.1825084519974725,0.7573596138096674,0.7848864436465401,0.0,0.8571693732075938,0.4842293601236533,0.18482080242338347
113,0.9989282242221749,1.8926411899938804,0.9999232450345115,0.4137380785925646,0.8571693732075938,0.0,0.3929607467253138,0.5268929936561851
115,1.03204387799329,2.668434055057781,1.3112200845111563,0.650903398925585,0.4842293601236533,0.3929607467253138,0.0,0.34245505317807345
116,0.35283660920602467,1.6017233673531945,0.9998350979358143,1.0000544466871906,0.18482080242338347,0.5268929936561851,0.34245505317807345,0.0
