,4,8,16,26,96,98,99,112
4,0.0,0.2196925313998142,0.16446644618405953,0.11399400705039213,0.999597257537209,0.9867316494771934,1.0641140323050682,0.31989147285346853
8,0.2196925313998142,0.0,0.04134622779530344,0.27181838818829085,0.9999439611333334,0.9999684362153113,2.0801256744603895,0.9999992197075105
16,0.16446644618405953,0.04134622779530344,0.0,0.2469634064763137,0.9999395418213168,0.9998568499601197,1.7670822474227714,1.2700061189148024
26,0.11399400705039213,0.27181838818829085,0.2469634064763137,0.0,0.7735159671932975,0.38989714760967986,0.3649152520821293,0.9999227402747213
96,0.999597257537209,0.9999439611333334,0.9999395418213168,0.7735159671932975,0.0,0.511261997183956,0.963118959840856,0.31608507123579405
98,0.9867316494771934,0.9999684362153113,0.9998568499601197,0.38989714760967986,0.511261997183956,0.0,0.43118967423678944,0.06924967737605121
99,1.0641140323050682,2.0801256744603895,1.7670822474227714,0.3649152520821293,0.963118959840856,0.43118967423678944,0.0,0.42392993738119666
112,0.31989147285346853,0.9999992197075105,1.2700061189148024,0.9999227402747213,0.31608507123579405,0.06924967737605121,0.42392993738119666,0.0
