,100,103,107,109,112,116,122,123
100,0.0,0.46413694899622976,0.06809042106871199,0.7833644952053426,0.34886947210231406,0.10055583522050052,0.5639886658507165,0.032332485049014884
103,0.46413694899622976,0.0,0.5001335014691177,0.33519946747497215,0.3513336426674336,0.5142240143133433,0.11810881368105892,0.4286434256204907
107,0.06809042106871199,0.5001335014691177,0.0,0.7239722045747158,0.2015140992895763,0.09716908799663916,0.44522394530831166,0.09238004543521199
109,0.7833644952053426,0.33519946747497215,0.7239722045747158,0.0,0.6106054624867451,0.79711815962227,0.3735006161688519,0.6840343234536358
112,0.34886947210231406,0.3513336426674336,0.2015140992895763,0.6106054624867451,0.0,0.3051541663553005,0.28261587661453275,0.16923159593389253
116,0.10055583522050052,0.5142240143133433,0.09716908799663916,0.79711815962227,0.3051541663553005,0.0,0.33169395207937563,0.11509037254624782
122,0.5639886658507165,0.11810881368105892,0.44522394530831166,0.3735006161688519,0.28261587661453275,0.33169395207937563,0.0,0.43935609912518025
123,0.032332485049014884,0.4286434256204907,0.09238004543521199,0.6840343234536358,0.16923159593389253,0.11509037254624782,0.43935609912518025,0.0
