,3,9,10,17,21,23,24,29
3,0.0,0.16434360212656388,0.08476026580825337,0.2070248422657733,0.2042462115818537,0.2674112718771148,0.10701818884870162,0.015983458986396394
9,0.16434360212656388,0.0,0.16826837713558881,0.21013878866096775,0.04459892902911986,0.13018809792227148,0.15099289745263575,0.2420137114057459
10,0.08476026580825337,0.16826837713558881,0.0,0.18670885979320537,0.1629430672752027,0.19499734800446447,0.09373723899065321,0.06363514803484545
17,0.2070248422657733,0.21013878866096775,0.18670885979320537,0.0,0.2047409534070021,0.1010497176170885,0.13292254593452232,0.2641818701872522
21,0.2042462115818537,0.04459892902911986,0.1629430672752027,0.2047409534070021,0.0,0.18336843764931662,0.12137197179850091,0.1618506888868823
23,0.2674112718771148,0.13018809792227148,0.19499734800446447,0.1010497176170885,0.18336843764931662,0.0,0.17054301707844544,0.220072710893553
24,0.10701818884870162,0.15099289745263575,0.09373723899065321,0.13292254593452232,0.12137197179850091,0.17054301707844544,0.0,0.09141635434777473
29,0.015983458986396394,0.2420137114057459,0.06363514803484545,0.2641818701872522,0.1618506888868823,0.220072710893553,0.09141635434777473,0.0
