,2,5,6,7,11,15,26,29
2,0.0,0.283409117337266,0.05809506753993869,0.20407365686866544,0.015841026475013235,0.15632182468410702,0.696852053056692,0.30156521832627237
5,0.283409117337266,0.0,0.32158255730716007,0.17623597824973591,0.2797320998074725,0.04211580587069696,0.28428268824297487,0.1881085079194662
6,0.05809506753993869,0.32158255730716007,0.0,0.19178697108683423,0.10650051834148223,0.24497405335813946,0.14165973279581254,0.21759779291821604
7,0.20407365686866544,0.17623597824973591,0.19178697108683423,0.0,0.19680405423238168,0.1289169237758147,0.14932873483247236,0.10300563020144862
11,0.015841026475013235,0.2797320998074725,0.10650051834148223,0.19680405423238168,0.0,0.2717747120803129,0.29631090372526897,0.24924452148735252
15,0.15632182468410702,0.04211580587069696,0.24497405335813946,0.1289169237758147,0.2717747120803129,0.0,0.27514658465388814,0.20500200636742347
26,0.696852053056692,0.28428268824297487,0.14165973279581254,0.14932873483247236,0.29631090372526897,0.27514658465388814,0.0,0.10077210058082257
29,0.30156521832627237,0.1881085079194662,0.21759779291821604,0.10300563020144862,0.24924452148735252,0.20500200636742347,0.10077210058082257,0.0
