,2,9,11,13,16,19,20,25
2,0.0,0.1161635722284324,0.015841026475013235,0.21001157066722198,0.09393079950669149,0.27485472090463714,0.23025907171004106,0.020370107499915385
9,0.1161635722284324,0.0,0.10030317552255266,0.0817794455851098,0.07064652369004812,0.1381214529269096,0.17843825472007432,0.13948102641916843
11,0.015841026475013235,0.10030317552255266,0.0,0.19019094478235837,0.06599520009345196,0.2662661896549774,0.2186624632704432,0.037795503162065036
13,0.21001157066722198,0.0817794455851098,0.19019094478235837,0.0,0.12300435512221201,0.05081470818415414,0.09946446958293556,0.2543420716813686
16,0.09393079950669149,0.07064652369004812,0.06599520009345196,0.12300435512221201,0.0,0.16268562658328706,0.16267971163123873,0.14656193733558198
19,0.27485472090463714,0.1381214529269096,0.2662661896549774,0.05081470818415414,0.16268562658328706,0.0,0.12352370677923799,0.2689572435373932
20,0.23025907171004106,0.17843825472007432,0.2186624632704432,0.09946446958293556,0.16267971163123873,0.12352370677923799,0.0,0.2342135733007703
25,0.020370107499915385,0.13948102641916843,0.037795503162065036,0.2543420716813686,0.14656193733558198,0.2689572435373932,0.2342135733007703,0.0
