,97,100,104,107,113,119,122,127
97,0.0,0.8745435893536972,0.8438283369726745,0.6382725845559307,0.05007644599914904,0.5542897665557376,0.22357142423837328,0.40112205535312273
100,0.8745435893536972,0.0,0.24242876086285528,0.06809033989865317,0.593091260641572,0.09792526423029552,0.5639885313853562,0.042929901823103855
104,0.8438283369726745,0.24242876086285528,0.0,0.18054175753507565,0.8571693732075938,0.37163928214028114,0.6555828046223188,0.2789682720993295
107,0.6382725845559307,0.06809033989865317,0.18054175753507565,0.0,0.59421142354349,0.15771541388316915,0.4452237860838495,0.09862231264373565
113,0.05007644599914904,0.593091260641572,0.8571693732075938,0.59421142354349,0.0,0.6363793984586136,0.2210699411684206,0.39269480643367166
119,0.5542897665557376,0.09792526423029552,0.37163928214028114,0.15771541388316915,0.6363793984586136,0.0,0.3499583740255141,0.06935559001269354
122,0.22357142423837328,0.5639885313853562,0.6555828046223188,0.4452237860838495,0.2210699411684206,0.3499583740255141,0.0,0.41887996019620605
127,0.40112205535312273,0.042929901823103855,0.2789682720993295,0.09862231264373565,0.39269480643367166,0.06935559001269354,0.41887996019620605,0.0
