,3,4,8,9,13,23,28,31
3,0.0,0.2300499777206432,0.26469201223852495,0.1643347079242882,0.1560474043701172,0.26739702283200034,0.17137735397246553,0.21941334671442356
4,0.2300499777206432,0.0,0.21969242664227684,0.18828152349713054,0.19638118123287748,0.10796065885714703,0.1775329044753038,0.24125792029386656
8,0.26469201223852495,0.21969242664227684,0.0,0.08695084009565866,0.240423423323315,0.08658026234978608,0.10117415775219742,0.253493833669698
9,0.1643347079242882,0.18828152349713054,0.08695084009565866,0.0,0.08176408280978449,0.1301725171455076,0.07302890427753035,0.09089161724974996
13,0.1560474043701172,0.19638118123287748,0.240423423323315,0.08176408280978449,0.0,0.20113049159248106,0.08311514660397798,0.040114793652482904
23,0.26739702283200034,0.10796065885714703,0.08658026234978608,0.1301725171455076,0.20113049159248106,0.0,0.1792465248335839,0.33772357644928724
28,0.17137735397246553,0.1775329044753038,0.10117415775219742,0.07302890427753035,0.08311514660397798,0.1792465248335839,0.0,0.15923480542105806
31,0.21941334671442356,0.24125792029386656,0.253493833669698,0.09089161724974996,0.040114793652482904,0.33772357644928724,0.15923480542105806,0.0
