,101,105,107,109,114,118,120,122
101,0.0,0.59816256735703,0.20427905973674548,0.5733887958446974,0.1916942163277502,0.5312475172479232,0.5348172530663661,0.2794936394636188
105,0.59816256735703,0.0,0.2643936190061759,1.0000653546267402,0.7573259836540467,0.08474236303718591,0.1513934002531143,0.8304248037962307
107,0.20427905973674548,0.2643936190061759,0.0,0.7239720319663121,0.3902602274165095,0.32264374779698973,0.299178543206247,0.4452237860838495
109,0.5733887958446974,1.0000653546267402,0.7239720319663121,0.0,0.3052020061378476,1.0001517037115353,0.6256812948442664,0.3735004158075617
114,0.1916942163277502,0.7573259836540467,0.3902602274165095,0.3052020061378476,0.0,0.7306398822207466,0.7264550661719159,0.18913654505785923
118,0.5312475172479232,0.08474236303718591,0.32264374779698973,1.0001517037115353,0.7306398822207466,0.0,0.3222504815934058,0.7931800572181589
120,0.5348172530663661,0.1513934002531143,0.299178543206247,0.6256812948442664,0.7264550661719159,0.3222504815934058,0.0,0.7496796235434054
122,0.2794936394636188,0.8304248037962307,0.4452237860838495,0.3735004158075617,0.18913654505785923,0.7931800572181589,0.7496796235434054,0.0
