,12,13,16,18,23,26,30,31
12,0.0,0.16038537637976563,0.06809183344322539,0.16957049452026482,0.1479391854825846,0.3118544486064868,0.24834695930237244,0.1883154632546223
13,0.16038537637976563,0.0,0.12300435512221201,0.06238555919938727,0.20114936207996884,0.22016888211842864,0.07754231468673656,0.04011907860354231
16,0.06809183344322539,0.12300435512221201,0.0,0.11671649633812313,0.09428179867992807,0.24698369169827492,0.2018225418880117,0.17311307478489737
18,0.16957049452026482,0.06238555919938727,0.11671649633812313,0.0,0.15600291401149563,0.2128635853892435,0.1391901173292039,0.0745897634162868
23,0.1479391854825846,0.20114936207996884,0.09428179867992807,0.15600291401149563,0.0,0.1957395910123594,0.27814000943476763,0.33772953495041663
26,0.3118544486064868,0.22016888211842864,0.24698369169827492,0.2128635853892435,0.1957395910123594,0.0,0.20196687602760358,0.18844106211252087
30,0.24834695930237244,0.07754231468673656,0.2018225418880117,0.1391901173292039,0.27814000943476763,0.20196687602760358,0.0,0.13971965108370885
31,0.1883154632546223,0.04011907860354231,0.17311307478489737,0.0745897634162868,0.33772953495041663,0.18844106211252087,0.13971965108370885,0.0
