,3,10,13,22,25,28,29,31
3,0.0,0.08476024559983364,0.1560643333815262,0.17100257159965057,0.24251507090776248,0.17141486714005247,0.01598344374338934,0.219432886197957
10,0.08476024559983364,0.0,0.1488150539077172,0.15674539367514018,0.23022097562161745,0.12125650892052231,0.0636350570041011,0.22876066787574167
13,0.1560643333815262,0.1488150539077172,0.0,0.20984627739429906,0.2543419504016468,0.0831243021903715,0.18174962739454986,0.04011904990815142
22,0.17100257159965057,0.15674539367514018,0.20984627739429906,0.0,0.0919349144298879,0.11459238010707579,0.1681729226487417,0.22863018898213136
25,0.24251507090776248,0.23022097562161745,0.2543419504016468,0.0919349144298879,0.0,0.147944264658631,0.28925160350615736,0.22722780348853003
28,0.17141486714005247,0.12125650892052231,0.0831243021903715,0.11459238010707579,0.147944264658631,0.0,0.170394934422994,0.1592584590836707
29,0.01598344374338934,0.0636350570041011,0.18174962739454986,0.1681729226487417,0.28925160350615736,0.170394934422994,0.0,0.12778834210773105
31,0.219432886197957,0.22876066787574167,0.04011904990815142,0.22863018898213136,0.22722780348853003,0.1592584590836707,0.12778834210773105,0.0
