,1,2,5,8,14,18,20,28
1,0.0,0.14057128623294632,0.21277557661401242,0.08097258039324837,0.15954573442738654,0.14170329146691849,0.25118086498475534,0.12020146566715739
2,0.14057128623294632,0.0,0.28339577257664095,0.07616349718892398,0.18449399932829752,0.16478863187274628,0.2302455671880588,0.09608512959872774
5,0.21277557661401242,0.28339577257664095,0.0,0.22924159527778779,0.10765504569578402,0.13231865159611056,0.13163389883184312,0.1721103642709469
8,0.08097258039324837,0.07616349718892398,0.22924159527778779,0.0,0.16547041996028072,0.18540253299990916,0.17029559386392,0.10117415775219742
14,0.15954573442738654,0.18449399932829752,0.10765504569578402,0.16547041996028072,0.0,0.03806782327451846,0.1258213858184221,0.07683654941643173
18,0.14170329146691849,0.16478863187274628,0.13231865159611056,0.18540253299990916,0.03806782327451846,0.0,0.18127145519574886,0.06887281630559491
20,0.25118086498475534,0.2302455671880588,0.13163389883184312,0.17029559386392,0.1258213858184221,0.18127145519574886,0.0,0.14775262905739367
28,0.12020146566715739,0.09608512959872774,0.1721103642709469,0.10117415775219742,0.07683654941643173,0.06887281630559491,0.14775262905739367,0.0
