,0,3,5,11,16,18,21,25
0,0.0,0.17692553545424125,0.09878770328630057,0.2739868976422467,0.15740548116176473,0.05528439349583187,0.060755257859294684,0.23121958932945025
3,0.17692553545424125,0.0,0.21912848251628908,0.1316141911759107,0.22819460872410394,0.16645156959105273,0.2042461385377294,0.2425150998178135
5,0.09878770328630057,0.21912848251628908,0.0,0.27973206646080956,0.19667093536714456,0.13232862089471975,0.12287488805011586,0.317100751205477
11,0.2739868976422467,0.1316141911759107,0.27973206646080956,0.0,0.06599515289002333,0.19548268931646026,0.14965856635670433,0.037795467117481586
16,0.15740548116176473,0.22819460872410394,0.19667093536714456,0.06599515289002333,0.0,0.11671641285600934,0.0831350048034454,0.14656186744942096
18,0.05528439349583187,0.16645156959105273,0.13232862089471975,0.19548268931646026,0.11671641285600934,0.0,0.029558695186672,0.20140869276122447
21,0.060755257859294684,0.2042461385377294,0.12287488805011586,0.14965856635670433,0.0831350048034454,0.029558695186672,0.0,0.16720719812957183
25,0.23121958932945025,0.2425150998178135,0.317100751205477,0.037795467117481586,0.14656186744942096,0.20140869276122447,0.16720719812957183,0.0
