,4,8,15,29,100,114,122,127
4,0.0,0.21969242664227684,0.31847485059777,0.21992705153080566,0.6704823556002477,0.3150828233213679,1.0001110473411414,0.5658629599337202
8,0.21969242664227684,0.0,0.21054251402130328,0.29484074559142465,0.9999848671476658,0.716965738792767,0.9999940187514473,1.683781217997777
15,0.31847485059777,0.21054251402130328,0.0,0.20498289662991329,0.8470500766294633,0.45138133707587114,0.8644633034086203,0.9999906314290024
29,0.21992705153080566,0.29484074559142465,0.20498289662991329,0.0,1.5505417479332315,0.7074047582784737,0.9999542770541191,2.3110129678837916
100,0.6704823556002477,0.9999848671476658,0.8470500766294633,1.5505417479332315,0.0,0.3301785753268091,0.563970715008654,0.04292201114270607
114,0.3150828233213679,0.716965738792767,0.45138133707587114,0.7074047582784737,0.3301785753268091,0.0,0.18911909461406104,0.3140779125005971
122,1.0001110473411414,0.9999940187514473,0.8644633034086203,0.9999542770541191,0.563970715008654,0.18911909461406104,0.0,0.418861285153475
127,0.5658629599337202,1.683781217997777,0.9999906314290024,2.3110129678837916,0.04292201114270607,0.3140779125005971,0.418861285153475,0.0
