,103,105,107,114,116,125,126,127
103,0.0,0.9735155398213203,0.5001334120382867,0.18362419385779225,0.5142240143133433,0.1003419717596442,0.8703063044987903,0.46856017932675464
105,0.9735155398213203,0.0,0.2643936190061759,0.7573265253359952,0.31379681897512507,0.832361680920366,0.10165551598995339,0.4483698190966765
107,0.5001334120382867,0.2643936190061759,0.0,0.3902603204618095,0.09716906482972602,0.5223639574930617,0.4089912545057295,0.09862235967053015
114,0.18362419385779225,0.7573265253359952,0.3902603204618095,0.0,0.5054928360354702,0.169570534949026,0.7932767686580459,0.31409921715487565
116,0.5142240143133433,0.31379681897512507,0.09716906482972602,0.5054928360354702,0.0,0.6186584351721875,0.37343728509163404,0.12335774786054539
125,0.1003419717596442,0.832361680920366,0.5223639574930617,0.169570534949026,0.6186584351721875,0.0,0.60238782176556,0.4966895972009453
126,0.8703063044987903,0.10165551598995339,0.4089912545057295,0.7932767686580459,0.37343728509163404,0.60238782176556,0.0,0.4549018793974757
127,0.46856017932675464,0.4483698190966765,0.09862235967053015,0.31409921715487565,0.12335774786054539,0.4966895972009453,0.4549018793974757,0.0
