,4,9,11,30,108,114,125,126
4,0.0,0.18830010879705672,0.17415237076986764,0.39410748538877016,0.999988012822538,0.31508274819977783,1.1585957604183712,2.436223965561721
9,0.18830010879705672,0.0,0.10030322335084524,0.16147421705846807,0.7902019968652831,0.9999022080608505,0.5543010987894884,0.9999431324558212
11,0.17415237076986764,0.10030322335084524,0.0,0.23181990146237008,1.9351854445287489,1.4067881800894386,1.0000994941089763,1.0000732035640492
30,0.39410748538877016,0.16147421705846807,0.23181990146237008,0.0,0.9999006805586247,0.4424447938974615,1.4910700582912908,0.9211111262808087
108,0.999988012822538,0.7902019968652831,1.9351854445287489,0.9999006805586247,0.0,0.37628676253558785,0.21628192501012145,1.1473553586858922
114,0.31508274819977783,0.9999022080608505,1.4067881800894386,0.4424447938974615,0.37628676253558785,0.0,0.169570534949026,0.7932767686580459
125,1.1585957604183712,0.5543010987894884,1.0000994941089763,1.4910700582912908,0.21628192501012145,0.169570534949026,0.0,0.60238782176556
126,2.436223965561721,0.9999431324558212,1.0000732035640492,0.9211111262808087,1.1473553586858922,0.7932767686580459,0.60238782176556,0.0
