,99,106,110,111,114,119,120,123
99,0.0,0.7975150425215075,0.08479175637826561,0.6263633917609085,0.6081548280673934,0.4700609903098347,0.089179783597032,0.2699599617516264
106,0.7975150425215075,0.0,0.8375659368905242,0.08166748828121474,0.2576993508317177,0.577840233616651,1.7917074413762815,0.5492538345695303
110,0.08479175637826561,0.8375659368905242,0.0,0.7603240621216465,0.6363186925198849,0.43981137169863666,0.0700263408370159,0.309918522542309
111,0.6263633917609085,0.08166748828121474,0.7603240621216465,0.0,0.18032898486944351,0.4582684457959171,0.9194056442338262,0.4854529050680983
114,0.6081548280673934,0.2576993508317177,0.6363186925198849,0.18032898486944351,0.0,0.35614602973937187,0.7264550878219643,0.3432802788693045
119,0.4700609903098347,0.577840233616651,0.43981137169863666,0.4582684457959171,0.35614602973937187,0.0,0.3908766036849128,0.06282513628208979
120,0.089179783597032,1.7917074413762815,0.0700263408370159,0.9194056442338262,0.7264550878219643,0.3908766036849128,0.0,0.3163872229785194
123,0.2699599617516264,0.5492538345695303,0.309918522542309,0.4854529050680983,0.3432802788693045,0.06282513628208979,0.3163872229785194,0.0
