,3,11,19,26,101,113,118,119
3,0.0,0.13161422255518287,0.22440148554942993,0.1697364143998745,0.9998679252518209,0.272400714696237,1.0000859914443498,1.0001367847408158
11,0.13161422255518287,0.0,0.266265745275702,0.2963107624332534,0.9999818567657431,1.8926405131327666,0.9999987729305101,0.33382825338338973
19,0.22440148554942993,0.266265745275702,0.0,0.22225238907346392,0.9776933966037491,0.6360237414551376,1.0000633005790935,1.0001114928975976
26,0.1697364143998745,0.2963107624332534,0.22225238907346392,0.0,0.6169376127371479,1.0001082604238478,0.5744615432034507,12.031925917632933
101,0.9998679252518209,0.9999818567657431,0.9776933966037491,0.6169376127371479,0.0,0.4670394952597581,0.531247358923849,0.14190365800048058
113,0.272400714696237,1.8926405131327666,0.6360237414551376,1.0001082604238478,0.4670394952597581,0.0,0.6595155738706155,0.6363791329404931
118,1.0000859914443498,0.9999987729305101,1.0000633005790935,0.5744615432034507,0.531247358923849,0.6595155738706155,0.0,0.4988277598904769
119,1.0001367847408158,0.33382825338338973,1.0001114928975976,12.031925917632933,0.14190365800048058,0.6363791329404931,0.4988277598904769,0.0
