,6,16,19,24,102,121,125,126
6,0.0,0.12090123743255414,0.3198648945351222,0.31257127994780476,0.9999818822438657,2.2319901660345063,1.0000343339416287,1.0000142951078865
16,0.12090123743255414,0.0,0.16268562658328706,0.1567893107678582,1.270655302765987,1.5211588656446167,1.5525040840041642,0.9999794312376167
19,0.3198648945351222,0.16268562658328706,0.0,0.16494574354118882,0.9998678908701873,0.6616218878842127,0.40517384990654454,1.0000228059306477
24,0.31257127994780476,0.1567893107678582,0.16494574354118882,0.0,0.999904601285015,0.9998745283806781,1.0001974958142281,0.9998920828174795
102,0.9999818822438657,1.270655302765987,0.9998678908701873,0.999904601285015,0.0,0.1850221335143264,0.09541809282376164,0.9442340045166429
121,2.2319901660345063,1.5211588656446167,0.6616218878842127,0.9998745283806781,0.1850221335143264,0.0,0.08019288879137548,0.9356672792442473
125,1.0000343339416287,1.5525040840041642,0.40517384990654454,1.0001974958142281,0.09541809282376164,0.08019288879137548,0.0,0.6023879653860257
126,1.0000142951078865,0.9999794312376167,1.0000228059306477,0.9998920828174795,0.9442340045166429,0.9356672792442473,0.6023879653860257,0.0
