,100,101,112,114,117,118,123,125
100,0.0,0.18915210301258914,0.34886930574842606,0.33020723090748694,0.23433053327062248,0.3518097471467205,0.032332438797057106,0.5285047225548622
101,0.18915210301258914,0.0,0.05615894572922881,0.1916942163277502,0.11014173803455356,0.5312475489127436,0.13097489008914043,0.31434460561943156
112,0.34886930574842606,0.05615894572922881,0.0,0.16759168189527573,0.1626787032018562,0.5427231255512622,0.16923151523799848,0.30547886007775155
114,0.33020723090748694,0.1916942163277502,0.16759168189527573,0.0,0.20325854274700653,0.7306399039955123,0.3432802788693045,0.169570534949026
117,0.23433053327062248,0.11014173803455356,0.1626787032018562,0.20325854274700653,0.0,0.610191992452558,0.21097007594789888,0.2816137834481962
118,0.3518097471467205,0.5312475489127436,0.5427231255512622,0.7306399039955123,0.610191992452558,0.0,0.36825577483715033,0.8505780534628706
123,0.032332438797057106,0.13097489008914043,0.16923151523799848,0.3432802788693045,0.21097007594789888,0.36825577483715033,0.0,0.444452852709834
125,0.5285047225548622,0.31434460561943156,0.30547886007775155,0.169570534949026,0.2816137834481962,0.8505780534628706,0.444452852709834,0.0
