,3,25,29,31,110,116,118,125
3,0.0,0.2425151576379259,0.01598345136489105,0.21943296467328643,1.9236316022903481,0.999527865694377,1.0000859914152436,4.610659278198622
25,0.2425151576379259,0.0,0.28925170695061037,0.22722780348853003,2.2496913795926727,2.2851725287356848,1.4027440374968438,0.9999070527026058
29,0.01598345136489105,0.28925170695061037,0.0,0.12778846397624896,0.8951809887446651,1.095959557187296,0.99988343089977,0.9994731971369474
31,0.21943296467328643,0.22722780348853003,0.12778846397624896,0.0,0.5293658508391834,1.000054446672638,1.0306966788616942,0.9990376971322407
110,1.9236316022903481,2.2496913795926727,0.8951809887446651,0.5293658508391834,0.0,0.1859356839603477,0.115684488146959,0.705485062134617
116,0.999527865694377,2.2851725287356848,1.095959557187296,1.000054446672638,0.1859356839603477,0.0,0.2551807668499035,0.6186584167347297
118,1.0000859914152436,1.4027440374968438,0.99988343089977,1.0306966788616942,0.115684488146959,0.2551807668499035,0.0,0.8505780281136697
125,4.610659278198622,0.9999070527026058,0.9994731971369474,0.9990376971322407,0.705485062134617,0.6186584167347297,0.8505780281136697,0.0
