,6,7,8,16,96,102,120,125
6,0.0,0.19176845312215118,0.09439716159432986,0.12088639341674949,1.009011379845205,0.9999818809487688,1.0000454049125853,1.0000343359680524
7,0.19176845312215118,0.0,0.12728783612326866,0.19051525673709263,0.9999583325429738,0.3990966409896024,2.72004714748234,0.9998756591997139
8,0.09439716159432986,0.12728783612326866,0.0,0.04134622779530344,0.9999439611333334,0.6570427554870978,0.7822888516208399,1.000177248269765
16,0.12088639341674949,0.19051525673709263,0.04134622779530344,0.0,0.9999395418213168,1.270655302765987,1.094828308452945,1.5525040840041642
96,1.009011379845205,0.9999583325429738,0.9999439611333334,0.9999395418213168,0.0,0.10847815891145812,0.819091463224757,0.2140998181046482
102,0.9999818809487688,0.3990966409896024,0.6570427554870978,1.270655302765987,0.10847815891145812,0.0,0.948420145168142,0.09540510377419714
120,1.0000454049125853,2.72004714748234,0.7822888516208399,1.094828308452945,0.819091463224757,0.948420145168142,0.0,0.9276912009473522
125,1.0000343359680524,0.9998756591997139,1.000177248269765,1.5525040840041642,0.2140998181046482,0.09540510377419714,0.9276912009473522,0.0
