,107,109,111,112,116,118,121,123
107,0.0,0.7239720751184092,0.3914794394441894,0.20151390711084705,0.09716906482972602,0.32264374779698973,0.4562961666248943,0.09237997935987811
109,0.7239720751184092,0.0,0.2596500849434179,0.6106048801682757,0.7971181002323413,1.0001517037115353,0.2921355375981207,0.6840342215245862
111,0.3914794394441894,0.2596500849434179,0.0,0.2074408093904407,0.6334172328074961,0.8982464798067998,0.07349539541053186,0.4854529050680983
112,0.20151390711084705,0.6106048801682757,0.2074408093904407,0.0,0.30515409360088647,0.5427231255512622,0.28965759723832735,0.16923151523799848
116,0.09716906482972602,0.7971181002323413,0.6334172328074961,0.30515409360088647,0.0,0.25518079726982323,0.3827432782977648,0.11509023534791414
118,0.32264374779698973,1.0001517037115353,0.8982464798067998,0.5427231255512622,0.25518079726982323,0.0,0.6122076636005417,0.36825577483715033
121,0.4562961666248943,0.2921355375981207,0.07349539541053186,0.28965759723832735,0.3827432782977648,0.6122076636005417,0.0,0.44810708320519055
123,0.09237997935987811,0.6840342215245862,0.4854529050680983,0.16923151523799848,0.11509023534791414,0.36825577483715033,0.44810708320519055,0.0
