,96,100,102,103,108,114,117,124
96,0.0,0.6854682741737737,0.10849220354277814,0.2752591773837525,0.05013432462808262,0.37876768557525536,0.4800148600302316,0.9995490393730345
100,0.6854682741737737,0.0,0.5011655533765551,0.46413683833737107,0.8633175191115815,0.3302071521799575,0.23433050533624777,0.3481305629781906
102,0.10849220354277814,0.5011655533765551,0.0,0.15406816632467457,0.11402594601369785,0.2493630421600538,0.3440327203240109,0.7746085771146605
103,0.2752591773837525,0.46413683833737107,0.15406816632467457,0.0,0.26103020655218023,0.1836241500783781,0.24898514963718996,0.7884948894160659
108,0.05013432462808262,0.8633175191115815,0.11402594601369785,0.26103020655218023,0.0,0.37628671767871286,0.43816941316449953,0.6926832235243456
114,0.37876768557525536,0.3302071521799575,0.2493630421600538,0.1836241500783781,0.37628671767871286,0.0,0.2032585185167015,0.6563768164760306
117,0.4800148600302316,0.23433050533624777,0.3440327203240109,0.24898514963718996,0.43816941316449953,0.2032585185167015,0.0,0.668306165920669
124,0.9995490393730345,0.3481305629781906,0.7746085771146605,0.7884948894160659,0.6926832235243456,0.6563768164760306,0.668306165920669,0.0
