,2,6,8,13,14,23,26,30
2,0.0,0.0580854834777055,0.07616349718892398,0.21000115622811882,0.18449404331509994,0.014588525425779472,0.6968371626963417,0.3147949387079178
6,0.0580854834777055,0.0,0.09439711658226632,0.2328889349601508,0.23754941865211554,0.05337136263915575,0.14163835526936178,0.27623055763575455
8,0.07616349718892398,0.09439711658226632,0.0,0.240423423323315,0.16547045941150784,0.08658028299213168,0.27181819376869876,0.2487616900986694
13,0.21000115622811882,0.2328889349601508,0.240423423323315,0.0,0.02766261474236627,0.2011305155691055,0.22013465976488322,0.07753532671585862
14,0.18449404331509994,0.23754941865211554,0.16547045941150784,0.02766261474236627,0.0,0.18872090062987065,0.2082882879687322,0.088801167112097
23,0.014588525425779472,0.05337136263915575,0.08658028299213168,0.2011305155691055,0.18872090062987065,0.0,0.19572099471565615,0.2781069871497862
26,0.6968371626963417,0.14163835526936178,0.27181819376869876,0.22013465976488322,0.2082882879687322,0.19572099471565615,0.0,0.20194150117226353
30,0.3147949387079178,0.27623055763575455,0.2487616900986694,0.07753532671585862,0.088801167112097,0.2781069871497862,0.20194150117226353,0.0
