,96,97,100,105,108,112,117,120
96,0.0,0.04243784692253656,0.6854682741737737,0.9991848400673263,0.05013432462808262,0.31608499587524946,0.4800148886413476,0.8190914510193431
97,0.04243784692253656,0.0,0.8745436023854124,0.9943259119702919,0.07211977819313643,0.5791488545209901,0.39232543946814896,0.9096082741249232
100,0.6854682741737737,0.8745436023854124,0.0,0.4656104096078302,0.8633175191115815,0.34886930574842606,0.23433053327062248,0.3171833957358548
105,0.9991848400673263,0.9943259119702919,0.4656104096078302,0.0,0.7839448485213651,0.6820958568305053,0.5966432821042491,0.15139341830061506
108,0.05013432462808262,0.07211977819313643,0.8633175191115815,0.7839448485213651,0.0,0.5593245622770276,0.4381695176322409,0.999720738329265
112,0.31608499587524946,0.5791488545209901,0.34886930574842606,0.6820958568305053,0.5593245622770276,0.0,0.1626787032018562,0.5669116927667539
117,0.4800148886413476,0.39232543946814896,0.23433053327062248,0.5966432821042491,0.4381695176322409,0.1626787032018562,0.0,0.5336371415324861
120,0.8190914510193431,0.9096082741249232,0.3171833957358548,0.15139341830061506,0.999720738329265,0.5669116927667539,0.5336371415324861,0.0
