,102,105,108,112,121,122,123,126
102,0.0,0.9991595781494742,0.11402597319960511,0.39752118621531285,0.1850221555706848,0.14399170199049846,0.5176941404031655,0.9442340326570094
105,0.9991595781494742,0.0,0.7839448485213651,0.6820958568305053,0.827321945044928,0.8304248161705247,0.4097618297539304,0.1016554917533926
108,0.11402597319960511,0.7839448485213651,0.0,0.5593245622770276,0.35713313660572116,0.2653495241163159,0.6832927637129542,1.1473553244920385
112,0.39752118621531285,0.6820958568305053,0.5593245622770276,0.0,0.28965759723832735,0.2826157418528134,0.16923151523799848,0.62592309674297
121,0.1850221555706848,0.827321945044928,0.35713313660572116,0.28965759723832735,0.0,0.17415309739169724,0.44810708320519055,0.9356672862155118
122,0.14399170199049846,0.8304248161705247,0.2653495241163159,0.2826157418528134,0.17415309739169724,0.0,0.43935609912518025,0.8660688493165063
123,0.5176941404031655,0.4097618297539304,0.6832927637129542,0.16923151523799848,0.44810708320519055,0.43935609912518025,0.0,0.48614767410257664
126,0.9442340326570094,0.1016554917533926,1.1473553244920385,0.62592309674297,0.9356672862155118,0.8660688493165063,0.48614767410257664,0.0
