,17,24,27,28,97,100,106,113
17,0.0,0.13292241916976466,0.1732381989401042,0.1533379295856371,1.000002664051091,0.915728400492826,0.8362960776718436,3.2723757108817115
24,0.13292241916976466,0.0,0.06921978347831378,0.1256854177003695,1.000285254170279,0.8361305641935394,0.8795704087802253,1.2145273407964385
27,0.1732381989401042,0.06921978347831378,0.0,0.10502493890780674,0.9996446935211668,0.9998502215587209,0.9999861678854216,1.4678386308351332
28,0.1533379295856371,0.1256854177003695,0.10502493890780674,0.0,1.0000255119428472,0.999845547539812,0.6550157087874487,0.5784332494252639
97,1.000002664051091,1.000285254170279,0.9996446935211668,1.0000255119428472,0.0,0.8745435372268389,0.14407422133039438,0.05007638630340911
100,0.915728400492826,0.8361305641935394,0.9998502215587209,0.999845547539812,0.8745435372268389,0.0,0.4198473057558022,0.5930911545885998
106,0.8362960776718436,0.8795704087802253,0.9999861678854216,0.6550157087874487,0.14407422133039438,0.4198473057558022,0.0,0.11048417232713532
113,3.2723757108817115,1.2145273407964385,1.4678386308351332,0.5784332494252639,0.05007638630340911,0.5930911545885998,0.11048417232713532,0.0
