,103,111,114,116,120,125,126,127
103,0.0,0.054048209282966636,0.18362419385779225,0.5142240143133433,0.8587145510133273,0.1003419717596442,0.8703063044987903,0.46856017932675464
111,0.054048209282966636,0.0,0.18032898486944351,0.6334172328074961,0.919405651083932,0.10742032091194027,0.927424241973237,0.4762134696911981
114,0.18362419385779225,0.18032898486944351,0.0,0.5054928360354702,0.7264551094720134,0.169570534949026,0.7932767686580459,0.31409921715487565
116,0.5142240143133433,0.6334172328074961,0.5054928360354702,0.0,0.22928360184347804,0.6186584351721875,0.37343728509163404,0.12335774786054539
120,0.8587145510133273,0.919405651083932,0.7264551094720134,0.22928360184347804,0.0,0.9276953135001147,0.2678966704972063,0.44670940825738875
125,0.1003419717596442,0.10742032091194027,0.169570534949026,0.6186584351721875,0.9276953135001147,0.0,0.60238782176556,0.4966895972009453
126,0.8703063044987903,0.927424241973237,0.7932767686580459,0.37343728509163404,0.2678966704972063,0.60238782176556,0.0,0.4549018793974757
127,0.46856017932675464,0.4762134696911981,0.31409921715487565,0.12335774786054539,0.44670940825738875,0.4966895972009453,0.4549018793974757,0.0
