,96,98,101,106,112,115,124,125
96,0.0,0.5112822625227529,0.5268721409697411,0.18964066393585607,0.31608499587524946,0.40278919978568034,0.9995490394312159,0.21412860963154745
98,0.5112822625227529,0.0,0.11952537702315191,0.36311020808600303,0.06925988156097297,0.16609157861886056,0.5279713907028354,0.3040364550100388
101,0.5268721409697411,0.11952537702315191,0.0,0.4324640313047947,0.05615895911856645,0.1429883919758565,0.541202439327473,0.31434460561943156
106,0.18964066393585607,0.36311020808600303,0.4324640313047947,0.0,0.38633108904720487,0.3377412509585243,0.9017395427414095,0.14925274231500754
112,0.31608499587524946,0.06925988156097297,0.05615895911856645,0.38633108904720487,0.0,0.16210564886358478,0.6361580327412326,0.3054788964936716
115,0.40278919978568034,0.16609157861886056,0.1429883919758565,0.3377412509585243,0.16210564886358478,0.0,0.5766085259867391,0.22972758678388788
124,0.9995490394312159,0.5279713907028354,0.541202439327473,0.9017395427414095,0.6361580327412326,0.5766085259867391,0.0,0.7698702688474012
125,0.21412860963154745,0.3040364550100388,0.31434460561943156,0.14925274231500754,0.3054788964936716,0.22972758678388788,0.7698702688474012,0.0
