,10,12,20,26,103,112,114,117
10,0.0,0.2972743830255884,0.05992317101176945,0.13481781779793023,0.9999588009933705,0.440597022355622,1.0000501808502154,1.0001238829030548
12,0.2972743830255884,0.0,0.26096076214404623,0.3118545973103113,1.0203556762206618,1.1943786633333353,1.0000525556701418,0.9999450417422384
20,0.05992317101176945,0.26096076214404623,0.0,0.16711089137153373,9.425166581360335,0.8784520509027575,0.3117793622338842,0.6571633488138985
26,0.13481781779793023,0.3118545973103113,0.16711089137153373,0.0,0.699754880283357,0.9999227445308276,1.323659456804261,2.0596011846774473
103,0.9999588009933705,1.0203556762206618,9.425166581360335,0.699754880283357,0.0,0.3513334751385378,0.18362419385779225,0.2489852089998826
112,0.440597022355622,1.1943786633333353,0.8784520509027575,0.9999227445308276,0.3513334751385378,0.0,0.16759172185225116,0.16267872259467
114,1.0000501808502154,1.0000525556701418,0.3117793622338842,1.323659456804261,0.18362419385779225,0.16759172185225116,0.0,0.20325856697731443
117,1.0001238829030548,0.9999450417422384,0.6571633488138985,2.0596011846774473,0.2489852089998826,0.16267872259467,0.20325856697731443,0.0
