,9,10,11,20,21,24,29,31
9,0.0,0.16826837713558881,0.1003031994366961,0.17843829726307453,0.04459895029555151,0.15099289745263575,0.2420137402560302,0.09089749007728803
10,0.16826837713558881,0.0,0.22859764901616514,0.05992317101176945,0.16294308669953114,0.09373726133935521,0.06363516320664883,0.22876083149818036
11,0.1003031994366961,0.22859764901616514,0.0,0.2186625154036432,0.14965870908230336,0.19881926800202918,0.24924455119961664,0.256041700268838
20,0.17843829726307453,0.05992317101176945,0.2186625154036432,0.0,0.16703176330033315,0.15698746429284285,0.12339837083361054,0.15970534838595477
21,0.04459895029555151,0.16294308669953114,0.14965870908230336,0.16703176330033315,0.0,0.12137197179850091,0.1618507081809891,0.06684013947918868
24,0.15099289745263575,0.09373726133935521,0.19881926800202918,0.15698746429284285,0.12137197179850091,0.0,0.09141639793849975,0.17486187247639653
29,0.2420137402560302,0.06363516320664883,0.24924455119961664,0.12339837083361054,0.1618507081809891,0.09141639793849975,0.0,0.12778855537771366
31,0.09089749007728803,0.22876083149818036,0.256041700268838,0.15970534838595477,0.06684013947918868,0.17486187247639653,0.12778855537771366,0.0
