,8,11,21,30,98,107,113,117
8,0.0,0.08131332076122678,0.1122129683159601,0.2487616900986694,0.9999684362080355,0.9996961836324343,0.7782164335318833,1.000052929903293
11,0.08131332076122678,0.0,0.14963947803435906,0.23179983925827416,1.187083891974012,0.9999865272482473,1.8924264115495424,0.9999901521253524
21,0.1122129683159601,0.14963947803435906,0.0,0.15690607791276664,1.351927973657967,0.3549911100784824,0.9998066126452493,0.6956352714938915
30,0.2487616900986694,0.23179983925827416,0.15690607791276664,0.0,2.8833039294219174,1.5056165114416282,0.38385200942970815,1.000060076192377
98,0.9999684362080355,1.187083891974012,1.351927973657967,2.8833039294219174,0.0,0.23033704012536804,0.457187205438642,0.20510398765989865
107,0.9996961836324343,0.9999865272482473,0.3549911100784824,1.5056165114416282,0.23033704012536804,0.0,0.59421142354349,0.2044522512075832
113,0.7782164335318833,1.8924264115495424,0.9998066126452493,0.38385200942970815,0.457187205438642,0.59421142354349,0.0,0.4446773449877789
117,1.000052929903293,0.9999901521253524,0.6956352714938915,1.000060076192377,0.20510398765989865,0.2044522512075832,0.4446773449877789,0.0
