,14,16,26,28,96,109,118,120
14,0.0,0.10923581720793095,0.20829717726219601,0.07685076647804599,1.0000718358249434,0.9999953168444856,0.9999889652908145,1.2607777308979728
16,0.10923581720793095,0.0,0.24698369169827492,0.06614584060792224,0.9999395453863206,1.5651967227416523,0.687163935384065,1.0948283002958386
26,0.20829717726219601,0.24698369169827492,0.0,0.15947423775741862,0.7735159671932975,0.9988469197364497,0.574461406241162,1.7283634708274775
28,0.07685076647804599,0.06614584060792224,0.15947423775741862,0.0,0.998963245851711,0.4896657942379566,0.28784573862300605,0.472550639409713
96,1.0000718358249434,0.9999395453863206,0.7735159671932975,0.998963245851711,0.0,0.14274740082991647,0.9991549087113137,0.8190914510193431
109,0.9999953168444856,1.5651967227416523,0.9988469197364497,0.4896657942379566,0.14274740082991647,0.0,1.0001517037115353,0.6256812948442664
118,0.9999889652908145,0.687163935384065,0.574461406241162,0.28784573862300605,0.9991549087113137,1.0001517037115353,0.0,0.3222504815934058
120,1.2607777308979728,1.0948283002958386,1.7283634708274775,0.472550639409713,0.8190914510193431,0.6256812948442664,0.3222504815934058,0.0
