,3,24,26,29,104,112,118,126
3,0.0,0.10701818884870162,0.16973649533652327,0.015983458986396394,0.9999830488704621,1.0002568088772288,1.000085991407967,1.0007212189355237
24,0.10701818884870162,0.0,0.03302329652568922,0.09141635434777473,1.0000771353214084,0.7719342207180171,1.4191141038495454,0.9998920828174795
26,0.16973649533652327,0.03302329652568922,0.0,0.10077210058082257,0.7194488213662223,0.9999227445162768,0.574461406241162,0.48822916442680814
29,0.015983458986396394,0.09141635434777473,0.10077210058082257,0.0,0.9999981599399792,0.9999924937010072,0.9998834309143203,0.9999999450232069
104,0.9999830488704621,1.0000771353214084,0.7194488213662223,0.9999981599399792,0.0,0.39087110538116154,0.15506632809558932,0.22012644614194762
112,1.0002568088772288,0.7719342207180171,0.9999227445162768,0.9999924937010072,0.39087110538116154,0.0,0.542723093202444,0.6259230780890084
118,1.000085991407967,1.4191141038495454,0.574461406241162,0.9998834309143203,0.15506632809558932,0.542723093202444,0.0,0.1865867064761312
126,1.0007212189355237,0.9998920828174795,0.48822916442680814,0.9999999450232069,0.22012644614194762,0.6259230780890084,0.1865867064761312,0.0
