,1,5,13,17,103,105,114,125
1,0.0,0.2128018054598774,0.1558527226240093,0.1484356333881679,0.9999969439160254,0.4703270387210078,2.746452103697548,0.5476480592300662
5,0.2128018054598774,0.0,0.08350992809369913,0.33672247366495467,0.8669156140974642,0.3358137982961626,1.2001443372891656,0.9994942104819007
13,0.1558527226240093,0.08350992809369913,0.0,0.21962026057163253,1.0000174802298538,1.0001176659670146,0.9556359556689733,0.6889042359734673
17,0.1484356333881679,0.33672247366495467,0.21962026057163253,0.0,1.5021957240733028,0.9999909280834299,0.5188955910250284,2.0463016984586866
103,0.9999969439160254,0.8669156140974642,1.0000174802298538,1.5021957240733028,0.0,0.9735154237692314,0.1836241281886749,0.1003418760661285
105,0.4703270387210078,0.3358137982961626,1.0001176659670146,0.9999909280834299,0.9735154237692314,0.0,0.7573259836540467,0.832361680920366
114,2.746452103697548,1.2001443372891656,0.9556359556689733,0.5188955910250284,0.1836241281886749,0.7573259836540467,0.0,0.169570534949026
125,0.5476480592300662,0.9994942104819007,0.6889042359734673,2.0463016984586866,0.1003418760661285,0.832361680920366,0.169570534949026,0.0
