,6,10,11,20,96,104,121,125
6,0.0,0.16142306071899243,0.1065006199083397,0.17390619987294478,1.0090113742069144,4.576751821501496,2.2319904321084842,1.0000343339307143
10,0.16142306071899243,0.0,0.2285976762671301,0.05992317101176945,1.0001842680289923,0.3721939686911455,3.0606102249057803,0.5615433174088602
11,0.1065006199083397,0.2285976762671301,0.0,0.21866256753685565,1.000022330803531,1.1825084519974725,0.426892119328213,1.0000994941089763
20,0.17390619987294478,0.05992317101176945,0.21866256753685565,0.0,1.0000083616509412,0.42665562499041987,1.6108382491931459,1.0000148290299786
96,1.0090113742069144,1.0001842680289923,1.000022330803531,1.0000083616509412,0.0,0.9056573734133839,0.2442527183117888,0.21412860963154745
104,4.576751821501496,0.3721939686911455,1.1825084519974725,0.42665562499041987,0.9056573734133839,0.0,0.6517105828394466,0.48568227107637524
121,2.2319904321084842,3.0606102249057803,0.426892119328213,1.6108382491931459,0.2442527183117888,0.6517105828394466,0.0,0.08019288879137548
125,1.0000343339307143,0.5615433174088602,1.0000994941089763,1.0000148290299786,0.21412860963154745,0.48568227107637524,0.08019288879137548,0.0
