,97,106,107,108,111,115,116,123
97,0.0,0.1440743759053474,0.6382726416219493,0.07211979538783353,0.15078255495189402,0.37326922599659346,0.7109341095629498,0.6119037009025764
106,0.1440743759053474,0.0,0.5693264943526284,0.20209083491166155,0.08166750775226357,0.3377412509585243,0.6635883294827207,0.5492539655218647
107,0.6382726416219493,0.5693264943526284,0.0,0.7173502599569952,0.3914794394441894,0.3058978573891572,0.09716906482972602,0.09238000138498416
108,0.07211979538783353,0.20209083491166155,0.7173502599569952,0.0,0.25274551364633074,0.3388683265336663,0.7594698515572482,0.6832927637129542
111,0.15078255495189402,0.08166750775226357,0.3914794394441894,0.25274551364633074,0.0,0.2726087492376962,0.6334172328074961,0.48545293400334716
115,0.37326922599659346,0.3377412509585243,0.3058978573891572,0.3388683265336663,0.2726087492376962,0.0,0.34245525729725224,0.23128318712175072
116,0.7109341095629498,0.6635883294827207,0.09716906482972602,0.7594698515572482,0.6334172328074961,0.34245525729725224,0.0,0.1150902627875678
123,0.6119037009025764,0.5492539655218647,0.09238000138498416,0.6832927637129542,0.48545293400334716,0.23128318712175072,0.1150902627875678,0.0
