,99,105,107,108,115,118,121,127
99,0.0,0.2997391130415356,0.24218733695733338,0.8670694687976273,0.4345323480779409,0.18398877819863876,0.6847945043492444,0.2364037498289763
105,0.2997391130415356,0.0,0.2643936190061759,0.7839448718847426,0.71719151926949,0.08474236303718591,0.8273218464204726,0.4483697389219123
107,0.24218733695733338,0.2643936190061759,0.0,0.717350217199589,0.3058977844574334,0.32264374779698973,0.45629613942752417,0.09862231264373565
108,0.8670694687976273,0.7839448718847426,0.717350217199589,0.0,0.3388683265336663,0.9983280857685634,0.3571330940321362,0.468446189616568
115,0.4345323480779409,0.71719151926949,0.3058977844574334,0.3388683265336663,0.0,0.5591930913105266,0.17779529367305263,0.2250834598713986
118,0.18398877819863876,0.08474236303718591,0.32264374779698973,0.9983280857685634,0.5591930913105266,0.0,0.6122076636005417,0.37024880872933236
121,0.6847945043492444,0.8273218464204726,0.45629613942752417,0.3571330940321362,0.17779529367305263,0.6122076636005417,0.0,0.47047667824985245
127,0.2364037498289763,0.4483697389219123,0.09862231264373565,0.468446189616568,0.2250834598713986,0.37024880872933236,0.47047667824985245,0.0
