,0,4,11,13,14,16,25,28
0,0.0,0.21439784958245456,0.2739869303040321,0.019164577065052202,0.026801459474710514,0.15740551869016037,0.23121964445650278,0.1459123912151024
4,0.21439784958245456,0.0,0.17415224620642983,0.19638118123287748,0.20706778867447737,0.16448491600544451,0.1052622593381589,0.17755246069232353
11,0.2739869303040321,0.17415224620642983,0.0,0.19019094478235837,0.18354952135557043,0.0659951686244958,0.037795476128624224,0.1329796974592397
13,0.019164577065052202,0.19638118123287748,0.19019094478235837,0.0,0.027667653996220953,0.12300432579569193,0.25434201104150045,0.08312434182713697
14,0.026801459474710514,0.20706778867447737,0.18354952135557043,0.027667653996220953,0.0,0.10923576512024671,0.20843257480363428,0.07685071151011401
16,0.15740551869016037,0.16448491600544451,0.0659951686244958,0.12300432579569193,0.10923576512024671,0.0,0.1465618849209581,0.06614580906713509
25,0.23121964445650278,0.1052622593381589,0.037795476128624224,0.25434201104150045,0.20843257480363428,0.1465618849209581,0.0,0.14794428229496273
28,0.1459123912151024,0.17755246069232353,0.1329796974592397,0.08312434182713697,0.07685071151011401,0.06614580906713509,0.14794428229496273,0.0
