,9,11,20,29,115,119,120,127
9,0.0,0.10030322335084524,0.1784383398060849,0.2420137402560302,0.488324012904497,0.9994666379347721,0.6544314525295958,2.3241777600572764
11,0.10030322335084524,0.0,0.21866256753685565,0.24924461062415545,2.668434055057781,0.33382825338338973,1.3017313038187668,1.320703403565317
20,0.1784383398060849,0.21866256753685565,0.0,0.12339842967455304,0.5986439731220167,0.6329066377278972,1.218052191602028,4.230079584041883
29,0.2420137402560302,0.24924461062415545,0.12339842967455304,0.0,1.113838774791906,1.7865951470875727,0.9293905171218002,2.3110142076080877
115,0.488324012904497,2.668434055057781,0.5986439731220167,1.113838774791906,0.0,0.19768330833559422,0.548781267371012,0.22508351353548367
119,0.9994666379347721,0.33382825338338973,0.6329066377278972,1.7865951470875727,0.19768330833559422,0.0,0.3908766269829746,0.06935562308402386
120,0.6544314525295958,1.3017313038187668,1.218052191602028,0.9293905171218002,0.548781267371012,0.3908766269829746,0.0,0.44670940825738875
127,2.3241777600572764,1.320703403565317,4.230079584041883,2.3110142076080877,0.22508351353548367,0.06935562308402386,0.44670940825738875,0.0
