,104,105,108,111,117,118,126,127
104,0.0,0.2353329173157803,1.0963939762353894,0.7190635610460515,0.46633951187359235,0.15506632809558932,0.22012644614194762,0.2789682720993295
105,0.2353329173157803,0.0,0.7839448718847426,0.8668596161623735,0.5966432821042491,0.08474236303718591,0.1016554917533926,0.4483697389219123
108,1.0963939762353894,0.7839448718847426,0.0,0.2527454533871117,0.43816941316449953,0.9983280857685634,1.1473552902981858,0.468446189616568
111,0.7190635610460515,0.8668596161623735,0.2527454533871117,0.0,0.28844032524726365,0.8982464262671391,0.927424241973237,0.4762134129221321
117,0.46633951187359235,0.5966432821042491,0.43816941316449953,0.28844032524726365,0.0,0.610191956082282,0.6646524836946212,0.17655133151665406
118,0.15506632809558932,0.08474236303718591,0.9983280857685634,0.8982464262671391,0.610191956082282,0.0,0.1865867064761312,0.37024880872933236
126,0.22012644614194762,0.1016554917533926,1.1473552902981858,0.927424241973237,0.6646524836946212,0.1865867064761312,0.0,0.45490179805468817
127,0.2789682720993295,0.4483697389219123,0.468446189616568,0.4762134129221321,0.17655133151665406,0.37024880872933236,0.45490179805468817,0.0
