,0,4,22,31,99,102,112,127
0,0.0,0.2143978751406714,0.19864118660656,0.04616812384142954,1.9041288559421077,1.4759250833853867,0.9998872506159879,1.2871919241840437
4,0.2143978751406714,0.0,0.10066231382580001,0.24129381567516095,1.0641140323050682,0.9999744621932638,0.31989143471943554,0.5658628250214933
22,0.19864118660656,0.10066231382580001,0.0,0.2286304615307178,1.1915835111397193,1.0000218754749532,2.4483502050129284,1.0001292818812721
31,0.04616812384142954,0.24129381567516095,0.2286304615307178,0.0,0.9813986340517352,0.7045975419517556,0.6743015280800022,0.9999999382425832
99,1.9041288559421077,1.0641140323050682,1.1915835111397193,0.9813986340517352,0.0,0.7466494820831365,0.4239513653506692,0.2364037498289763
102,1.4759250833853867,0.9999744621932638,1.0000218754749532,0.7045975419517556,0.7466494820831365,0.0,0.39752116252120445,0.49954780439806085
112,0.9998872506159879,0.31989143471943554,2.4483502050129284,0.6743015280800022,0.4239513653506692,0.39752116252120445,0.0,0.1999634477582402
127,1.2871919241840437,0.5658628250214933,1.0001292818812721,0.9999999382425832,0.2364037498289763,0.49954780439806085,0.1999634477582402,0.0
