,100,101,110,114,117,120,121,122
100,0.0,0.18915208046390267,0.2768323026134244,0.3302071521799575,0.23433050533624777,0.3171833957358548,0.4683938954374418,0.5639885313853562
101,0.18915208046390267,0.0,0.43679934985347185,0.1916942163277502,0.11014168551489271,0.5348172530663661,0.3142429208981949,0.2794936394636188
110,0.2768323026134244,0.43679934985347185,0.0,0.6363186545923364,0.34314387136958757,0.07002632414143721,0.7600715421378594,0.47544342444967447
114,0.3302071521799575,0.1916942163277502,0.6363186545923364,0.0,0.2032585185167015,0.7264550661719159,0.13393709407353308,0.18913654505785923
117,0.23433050533624777,0.11014168551489271,0.34314387136958757,0.2032585185167015,0.0,0.5336371097252347,0.28255305093203975,0.19654910599392827
120,0.3171833957358548,0.5348172530663661,0.07002632414143721,0.7264550661719159,0.5336371097252347,0.0,0.5053732653171354,0.7496796235434054
121,0.4683938954374418,0.3142429208981949,0.7600715421378594,0.13393709407353308,0.28255305093203975,0.5053732653171354,0.0,0.17415305587036817
122,0.5639885313853562,0.2794936394636188,0.47544342444967447,0.18913654505785923,0.19654910599392827,0.7496796235434054,0.17415305587036817,0.0
