,0,5,14,16,18,19,23,29
0,0.0,0.09878770328630057,0.026801446694781787,0.15740548116176473,0.05528439349583187,0.050806143480456374,0.2730297866185815,0.11803348333240361
5,0.09878770328630057,0.0,0.10767098605984393,0.19667093536714456,0.13232862089471975,0.06618796097381506,0.3343148281957778,0.18810844064663348
14,0.026801446694781787,0.10767098605984393,0.0,0.10923573907641392,0.03807261574446686,0.06318642336532194,0.1887392143079754,0.14482677835963736
16,0.15740548116176473,0.19667093536714456,0.10923573907641392,0.0,0.11671641285600934,0.16268556840238357,0.09428177620139828,0.24490143580749035
18,0.05528439349583187,0.13232862089471975,0.03807261574446686,0.11671641285600934,0.0,0.09504117567746795,0.15600280242955625,0.11773269823120644
19,0.050806143480456374,0.06618796097381506,0.06318642336532194,0.16268556840238357,0.09504117567746795,0.0,0.3097859546994146,0.1387777026652787
23,0.2730297866185815,0.3343148281957778,0.1887392143079754,0.09428177620139828,0.15600280242955625,0.3097859546994146,0.0,0.2200725534853402
29,0.11803348333240361,0.18810844064663348,0.14482677835963736,0.24490143580749035,0.11773269823120644,0.1387777026652787,0.2200725534853402,0.0
