,4,10,11,13,15,21,28,31
4,0.0,0.250124067088554,0.17415218392474432,0.19638118123287748,0.3184987315791558,0.16643147027785454,0.1775523971946268,0.24129358555955596
10,0.250124067088554,0.0,0.22859751276138907,0.1488150539077172,0.18631320861853226,0.16294293130496842,0.12125650892052231,0.22876066787574167
11,0.17415218392474432,0.22859751276138907,0.0,0.19019092210983232,0.27177461488611926,0.14965853067532583,0.1329796340495938,0.25604154765613757
13,0.19638118123287748,0.1488150539077172,0.19019092210983232,0.0,0.12180274320719543,0.055820802573351945,0.0831243021903715,0.04011904990815142
15,0.3184987315791558,0.18631320861853226,0.27177461488611926,0.12180274320719543,0.0,0.21569317795052043,0.263068459942133,0.09936468298401142
21,0.16643147027785454,0.16294293130496842,0.14965853067532583,0.055820802573351945,0.21569317795052043,0.0,0.07153201286782729,0.06684001199186161
28,0.1775523971946268,0.12125650892052231,0.1329796340495938,0.0831243021903715,0.263068459942133,0.07153201286782729,0.0,0.1592584590836707
31,0.24129358555955596,0.22876066787574167,0.25604154765613757,0.04011904990815142,0.09936468298401142,0.06684001199186161,0.1592584590836707,0.0
