,106,109,111,112,116,117,118,121
106,0.0,0.18069669812638314,0.08166746881017055,0.3863308127217757,0.6635882899297753,0.3481042942179627,0.9619163590903513,0.10104815164076662
109,0.18069669812638314,0.0,0.259650023038021,0.6106047345887452,0.797118076476371,0.516451881149863,1.0001517037115353,0.2921355375981207
111,0.08166746881017055,0.259650023038021,0.0,0.2074408093904407,0.6334172328074961,0.28844032524726365,0.8982464262671391,0.07349539541053186
112,0.3863308127217757,0.6106047345887452,0.2074408093904407,0.0,0.30515405722368594,0.16267868380904474,0.542723093202444,0.289657562708453
116,0.6635882899297753,0.797118076476371,0.6334172328074961,0.30515405722368594,0.0,0.34872315292686334,0.25518079726982323,0.3827432782977648
117,0.3481042942179627,0.516451881149863,0.28844032524726365,0.16267868380904474,0.34872315292686334,0.0,0.610191956082282,0.28255305093203975
118,0.9619163590903513,1.0001517037115353,0.8982464262671391,0.542723093202444,0.25518079726982323,0.610191956082282,0.0,0.6122076636005417
121,0.10104815164076662,0.2921355375981207,0.07349539541053186,0.289657562708453,0.3827432782977648,0.28255305093203975,0.6122076636005417,0.0
