,19,20,22,25,98,103,112,123
19,0.0,0.12352373622958815,0.2778748146441124,0.2689572435373932,0.5638999592954804,0.40480174487686593,1.9779633263988283,0.6626227541736556
20,0.12352373622958815,0.0,0.1933805067742423,0.23421362914164434,1.0001126643925748,9.425166581360335,0.8784520509027575,3.784495956146818
22,0.2778748146441124,0.1933805067742423,0.0,0.09193500210589638,1.239361208818679,1.0000155019771328,2.448350350945977,0.999579628543663
25,0.2689572435373932,0.23421362914164434,0.09193500210589638,0.0,0.8661290552471382,1.3326266676851055,2.8301860460326576,2.008545846366302
98,0.5638999592954804,1.0001126643925748,1.239361208818679,0.8661290552471382,0.0,0.3364519956039257,0.06925988156097297,0.2060622504591763
103,0.40480174487686593,9.425166581360335,1.0000155019771328,1.3326266676851055,0.3364519956039257,0.0,0.3513334332563263,0.42864334897308015
112,1.9779633263988283,0.8784520509027575,2.448350350945977,2.8301860460326576,0.06925988156097297,0.3513334332563263,0.0,0.16923151523799848
123,0.6626227541736556,3.784495956146818,0.999579628543663,2.008545846366302,0.2060622504591763,0.42864334897308015,0.16923151523799848,0.0
