,1,2,12,20,24,25,26,30
1,0.0,0.14058172648279715,0.012273434540803143,0.251188470645387,0.23901034907062532,0.13877742142451088,0.27916195346117045,0.21630002530333714
2,0.14058172648279715,0.0,0.1517128707901884,0.2302591266080883,0.2677477315390918,0.020370126926372994,0.6968520945923122,0.3148164796449835
12,0.012273434540803143,0.1517128707901884,0.0,0.26096076214404623,0.2297183580010331,0.14884344083378065,0.3118545973103113,0.24834701851290866
20,0.251188470645387,0.2302591266080883,0.26096076214404623,0.0,0.1569875017215755,0.23421368498253164,0.16711089137153373,0.08259478414957683
24,0.23901034907062532,0.2677477315390918,0.2297183580010331,0.1569875017215755,0.0,0.16315277116862495,0.03302331227242785,0.17988030197811455
25,0.13877742142451088,0.020370126926372994,0.14884344083378065,0.23421368498253164,0.16315277116862495,0.0,0.2341542219800603,0.2338116130916014
26,0.27916195346117045,0.6968520945923122,0.3118545973103113,0.16711089137153373,0.03302331227242785,0.2341542219800603,0.0,0.20196697233293776
30,0.21630002530333714,0.3148164796449835,0.24834701851290866,0.08259478414957683,0.17988030197811455,0.2338116130916014,0.20196697233293776,0.0
