,23,25,26,31,99,100,102,103
23,0.0,0.00916124362919243,0.1957395210104392,0.33772949468992114,2.1469119689026024,0.999815619961551,1.8168212289596832,0.7784987625613825
25,0.00916124362919243,0.0,0.23415411032665315,0.22722780348853003,1.000018260897668,0.9999845208783196,0.9999860833708896,1.3326266676851055
26,0.1957395210104392,0.23415411032665315,0.0,0.18844097225684173,0.3649152520821293,0.9463791717067548,2.2240039100067204,0.699754880283357
31,0.33772949468992114,0.22722780348853003,0.18844097225684173,0.0,0.9813986340517352,1.128615291874324,0.7045975419517556,1.3705893504977982
99,2.1469119689026024,1.000018260897668,0.3649152520821293,0.9813986340517352,0.0,0.26687081878478014,0.7466493930755875,0.539970548774434
100,0.999815619961551,0.9999845208783196,0.9463791717067548,1.128615291874324,0.26687081878478014,0.0,0.5011655533765551,0.46413683833737107
102,1.8168212289596832,0.9999860833708896,2.2240039100067204,0.7045975419517556,0.7466493930755875,0.5011655533765551,0.0,0.1540680928592655
103,0.7784987625613825,1.3326266676851055,0.699754880283357,1.3705893504977982,0.539970548774434,0.46413683833737107,0.1540680928592655,0.0
