,4,12,15,27,98,105,117,122
4,0.0,0.24338383805246772,0.31849888345122207,0.19422638182786972,0.9867316522340898,1.0000110093957424,0.5271025712856503,1.000111040959418
12,0.24338383805246772,0.0,0.2518482233163488,0.24419364667143326,1.0003380611586885,1.000019471592562,0.9999450417313251,1.1263048927943962
15,0.31849888345122207,0.2518482233163488,0.0,0.20256579420653636,1.000096274160753,0.7569653546362314,0.9999669752392911,0.8644633291716347
27,0.19422638182786972,0.24419364667143326,0.20256579420653636,0.0,0.330175741393527,0.9999658700438884,1.5381191678331367,0.999680451921507
98,0.9867316522340898,1.0003380611586885,1.000096274160753,0.330175741393527,0.0,0.5618748410144987,0.2051237200016547,0.28389404240662164
105,1.0000110093957424,1.000019471592562,0.7569653546362314,0.9999658700438884,0.5618748410144987,0.0,0.5966432821042491,0.8304248037962307
117,0.5271025712856503,0.9999450417313251,0.9999669752392911,1.5381191678331367,0.2051237200016547,0.5966432821042491,0.0,0.19654910599392827
122,1.000111040959418,1.1263048927943962,0.8644633291716347,0.999680451921507,0.28389404240662164,0.8304248037962307,0.19654910599392827,0.0
