,4,7,27,28,101,117,120,122
4,0.0,0.2803599540858794,0.19422638182786972,0.17755252419004297,1.5405645396074221,0.5271025712856503,0.2900589395408248,1.000111040959418
7,0.2803599540858794,0.0,0.05204593247340562,0.11754909752863159,1.8927541163787036,0.9999286396047483,2.72004714748234,0.8177479202860416
27,0.19422638182786972,0.05204593247340562,0.0,0.10502503906744132,0.9266773670732787,1.5381191678331367,1.3067277221072404,0.999680451921507
28,0.17755252419004297,0.11754909752863159,0.10502503906744132,0.0,0.9999522498633493,1.925476061984875,0.472550639409713,2.6149824811580777
101,1.5405645396074221,1.8927541163787036,0.9266773670732787,0.9999522498633493,0.0,0.11014168551489271,0.5348172530663661,0.2794936394636188
117,0.5271025712856503,0.9999286396047483,1.5381191678331367,1.925476061984875,0.11014168551489271,0.0,0.5336371097252347,0.19654910599392827
120,0.2900589395408248,2.72004714748234,1.3067277221072404,0.472550639409713,0.5348172530663661,0.5336371097252347,0.0,0.7496796235434054
122,1.000111040959418,0.8177479202860416,0.999680451921507,2.6149824811580777,0.2794936394636188,0.19654910599392827,0.7496796235434054,0.0
