,3,6,9,11,13,17,20,25
3,0.0,0.23432963937228293,0.16434360212656388,0.13161415979664598,0.15606442640314544,0.2070248175864904,0.09697396390460332,0.2425151576379259
6,0.23432963937228293,0.0,0.17393020829961248,0.10650051834148223,0.23290648153659632,0.044288070864727316,0.17390607548558204,0.05503605937496436
9,0.16434360212656388,0.17393020829961248,0.0,0.10030315160841494,0.0817794455851098,0.21013868845900882,0.17843821217708425,0.13948099316430426
11,0.13161415979664598,0.10650051834148223,0.10030315160841494,0.0,0.19019094478235837,0.11871839775703501,0.2186624632704432,0.03779548513976901
13,0.15606442640314544,0.23290648153659632,0.0817794455851098,0.19019094478235837,0.0,0.21962026057163253,0.09946444586876088,0.2543420413614327
17,0.2070248175864904,0.044288070864727316,0.21013868845900882,0.11871839775703501,0.21962026057163253,0.0,0.23275743325963186,0.096840050643957
20,0.09697396390460332,0.17390607548558204,0.17843821217708425,0.2186624632704432,0.09946444586876088,0.23275743325963186,0.0,0.23421351745990962
25,0.2425151576379259,0.05503605937496436,0.13948099316430426,0.03779548513976901,0.2543420413614327,0.096840050643957,0.23421351745990962,0.0
