,101,104,109,117,118,123,124,125
101,0.0,0.3926544324098821,0.5733888300213339,0.11014179055423944,0.531247580577566,0.13097489008914043,0.541202439327473,0.31434460561943156
104,0.3926544324098821,0.0,0.84451168469205,0.4663395952616027,0.15506640203699418,0.2812945366737786,0.14842600767120273,0.48568227107637524
109,0.5733888300213339,0.84451168469205,0.0,0.5164520658474815,1.000151703682427,0.6840342419103949,0.8024609818382658,0.30247091815524785
117,0.11014179055423944,0.4663395952616027,0.5164520658474815,0.0,0.6101920106376967,0.21097010109749326,0.668306165920669,0.2816138170191773
118,0.531247580577566,0.15506640203699418,1.000151703682427,0.6101920106376967,0.0,0.3682557967869056,0.1298115165982423,0.8505780661374714
123,0.13097489008914043,0.2812945366737786,0.6840342419103949,0.21097010109749326,0.3682557967869056,0.0,0.3950439228427901,0.444452852709834
124,0.541202439327473,0.14842600767120273,0.8024609818382658,0.668306165920669,0.1298115165982423,0.3950439228427901,0.0,0.7698702688474012
125,0.31434460561943156,0.48568227107637524,0.30247091815524785,0.2816138170191773,0.8505780661374714,0.444452852709834,0.7698702688474012,0.0
