,98,103,111,112,114,117,121,123
98,0.0,0.33645203571213145,0.31129500688641726,0.06925988156097297,0.1531576371938802,0.20512379335962663,0.2506687918676143,0.2060622504591763
103,0.33645203571213145,0.0,0.054048209282966636,0.3513334751385378,0.18362419385779225,0.2489852089998826,0.06276372377325813,0.42864337452221546
111,0.31129500688641726,0.054048209282966636,0.0,0.2074408093904407,0.18032898486944351,0.28844032524726365,0.07349541293320169,0.48545293400334716
112,0.06925988156097297,0.3513334751385378,0.2074408093904407,0.0,0.16759172185225116,0.16267872259467,0.28965763176820575,0.1692315555859407
114,0.1531576371938802,0.18362419385779225,0.18032898486944351,0.16759172185225116,0.0,0.20325856697731443,0.13393712600662855,0.34328031979150514
117,0.20512379335962663,0.2489852089998826,0.28844032524726365,0.16267872259467,0.20325856697731443,0.0,0.2825531856638657,0.21097010109749326
121,0.2506687918676143,0.06276372377325813,0.07349541293320169,0.28965763176820575,0.13393712600662855,0.2825531856638657,0.0,0.44810708320519055
123,0.2060622504591763,0.42864337452221546,0.48545293400334716,0.1692315555859407,0.34328031979150514,0.21097010109749326,0.44810708320519055,0.0
