,4,9,11,14,17,23,30,31
4,0.0,0.1883000639028177,0.1741523292487118,0.20706778867447737,0.009685124610117304,0.10797811187035668,0.39410748538877016,0.24129387320409648
9,0.1883000639028177,0.0,0.1003031994366961,0.09003723457585813,0.21013878866096775,0.13018809792227148,0.16147417856001925,0.09089749007728803
11,0.1741523292487118,0.1003031994366961,0.0,0.1835496307596432,0.11871845436639192,0.02802863272021107,0.23181984619220516,0.256041700268838
14,0.20706778867447737,0.09003723457585813,0.1835496307596432,0.0,0.3070218261003348,0.1887393268053472,0.08881365938107157,0.06475505470284927
17,0.009685124610117304,0.21013878866096775,0.11871845436639192,0.3070218261003348,0.0,0.10104974170922147,0.22999700047114377,0.3684822122455242
23,0.10797811187035668,0.13018809792227148,0.02802863272021107,0.1887393268053472,0.10104974170922147,0.0,0.2781400757485214,0.33772953495041663
30,0.39410748538877016,0.16147417856001925,0.23181984619220516,0.08881365938107157,0.22999700047114377,0.2781400757485214,0.0,0.1397196677395902
31,0.24129387320409648,0.09089749007728803,0.256041700268838,0.06475505470284927,0.3684822122455242,0.33772953495041663,0.1397196677395902,0.0
