,5,6,9,11,113,117,119,121
5,0.0,0.3215824806359128,0.17392278565143202,0.2797320998074725,0.9989282243384654,0.9999777862333593,0.9990395190250185,0.8662642595916499
6,0.3215824806359128,0.0,0.17393018756551715,0.10650046755808983,1.00018992914272,1.0000287893614257,1.0000822976974113,2.2319900329975293
9,0.17392278565143202,0.17393018756551715,0.0,0.1003031276942829,1.760460601944018,1.4930861651118088,0.9994666377602422,1.477172657313411
11,0.2797320998074725,0.10650046755808983,0.1003031276942829,0.0,1.8926418668552363,0.9999901528020098,0.33382825338338973,0.4268922211072377
113,0.9989282243384654,1.00018992914272,1.760460601944018,1.8926418668552363,0.0,0.44470422170285334,0.6363792846651198,0.19049749741555017
117,0.9999777862333593,1.0000287893614257,1.4930861651118088,0.9999901528020098,0.44470422170285334,0.0,0.15569120543048706,0.282552916200278
119,0.9990395190250185,1.0000822976974113,0.9994666377602422,0.33382825338338973,0.6363792846651198,0.15569120543048706,0.0,0.39589337833539584
121,0.8662642595916499,2.2319900329975293,1.477172657313411,0.4268922211072377,0.19049749741555017,0.282552916200278,0.39589337833539584,0.0
