,13,17,22,23,96,97,100,102
13,0.0,0.21962023439085884,0.2098463524411894,0.20114929014336405,0.7948710603014727,0.3000387299555709,1.000005521908645,0.9997458934520393
17,0.21962023439085884,0.0,0.05396852890516503,0.10104969352496128,0.5460160597536541,1.000002664051091,0.915728400492826,0.9999616122023813
22,0.2098463524411894,0.05396852890516503,0.0,0.10658909602236677,0.8663728772017609,0.35508346048418926,1.2589623124476554,1.0000218754749532
23,0.20114929014336405,0.10104969352496128,0.10658909602236677,0.0,0.6047686067358435,0.7008429653684078,0.999815619961551,1.8168212289596832
96,0.7948710603014727,0.5460160597536541,0.8663728772017609,0.6047686067358435,0.0,0.04243780645067121,0.6854682333166819,0.10849217767622421
97,0.3000387299555709,1.000002664051091,0.35508346048418926,0.7008429653684078,0.04243780645067121,0.0,0.8745435632902676,0.08587630467651336
100,1.000005521908645,0.915728400492826,1.2589623124476554,0.999815619961551,0.6854682333166819,0.8745435632902676,0.0,0.5011655533765551
102,0.9997458934520393,0.9999616122023813,1.0000218754749532,1.8168212289596832,0.10849217767622421,0.08587630467651336,0.5011655533765551,0.0
