,5,7,12,16,17,24,25,28
5,0.0,0.17623597824973591,0.22332109096385483,0.19667102914717682,0.33672251380540397,0.22790116926738058,0.31710086460956305,0.17213002082711004
7,0.17623597824973591,0.0,0.21296975680847677,0.19053369911465456,0.19165306477730115,0.14137985172515505,0.19260803451423367,0.11754909752863159
12,0.22332109096385483,0.21296975680847677,0.0,0.06809183344322539,0.15828168438895043,0.2297183580010331,0.14884342309026088,0.1417000143891641
16,0.19667102914717682,0.19053369911465456,0.06809183344322539,0.0,0.14718047360261596,0.1567893107678582,0.14656193733558198,0.06614584060792224
17,0.33672251380540397,0.19165306477730115,0.15828168438895043,0.14718047360261596,0.0,0.13292254593452232,0.096840050643957,0.1533380392615102
24,0.22790116926738058,0.14137985172515505,0.2297183580010331,0.1567893107678582,0.13292254593452232,0.0,0.1631527322699777,0.12568553756338147
25,0.31710086460956305,0.19260803451423367,0.14884342309026088,0.14656193733558198,0.096840050643957,0.1631527322699777,0.0,0.14794429993129657
28,0.17213002082711004,0.11754909752863159,0.1417000143891641,0.06614584060792224,0.1533380392615102,0.12568553756338147,0.14794429993129657,0.0
