,96,97,103,104,109,114,125,127
96,0.0,0.042437867158483716,0.2752592430106623,0.9056573734133839,0.1427474518803743,0.3787677307278848,0.21412860963154745,0.6619195566196735
97,0.042437867158483716,0.0,0.19908212093615826,0.8438283621207189,0.14663862252741255,0.4259742973719919,0.14317014471462627,0.40112203144438585
103,0.2752592430106623,0.19908212093615826,0.0,0.7741309083397354,0.33519934759832243,0.18362419385779225,0.1003419717596442,0.46856017932675464
104,0.9056573734133839,0.8438283621207189,0.7741309083397354,0.0,0.84451168469205,0.5546423306287688,0.48568227107637524,0.2789683386105565
109,0.1427474518803743,0.14663862252741255,0.33519934759832243,0.84451168469205,0.0,0.3052020061378476,0.30247091815524785,0.6792370338551099
114,0.3787677307278848,0.4259742973719919,0.18362419385779225,0.5546423306287688,0.3052020061378476,0.0,0.169570534949026,0.31409921715487565
125,0.21412860963154745,0.14317014471462627,0.1003419717596442,0.48568227107637524,0.30247091815524785,0.169570534949026,0.0,0.4966895972009453
127,0.6619195566196735,0.40112203144438585,0.46856017932675464,0.2789683386105565,0.6792370338551099,0.31409921715487565,0.4966895972009453,0.0
