,0,8,11,13,15,16,19,22
0,0.0,0.19902668967893494,0.27395992033735383,0.01915980742303305,0.10918717813115572,0.15738851924292846,0.05079808888851647,0.19862236199818012
8,0.19902668967893494,0.0,0.0813133013746227,0.240423423323315,0.21054251402130328,0.04134616864909245,0.20700549461096124,0.15098447380179222
11,0.27395992033735383,0.0813133013746227,0.0,0.1901875666057768,0.2717612024207663,0.0659854611678552,0.26621902610719017,0.08220642599864121
13,0.01915980742303305,0.240423423323315,0.1901875666057768,0.0,0.12178044250055842,0.12299183333404642,0.05080794836866714,0.2098271162999109
15,0.10918717813115572,0.21054251402130328,0.2717612024207663,0.12178044250055842,0.0,0.2495836500560046,0.12401822293014941,0.28089463930733866
16,0.15738851924292846,0.04134616864909245,0.0659854611678552,0.12299183333404642,0.2495836500560046,0.0,0.162668289594791,0.13273706008757025
19,0.05079808888851647,0.20700549461096124,0.26621902610719017,0.05080794836866714,0.12401822293014941,0.162668289594791,0.0,0.2778537809006115
22,0.19862236199818012,0.15098447380179222,0.08220642599864121,0.2098271162999109,0.28089463930733866,0.13273706008757025,0.2778537809006115,0.0
