,8,15,26,31,100,107,113,122
8,0.0,0.21054251402130328,0.2718181289621989,0.253493833669698,0.9999848671476658,0.9996961836033393,0.7782164335318833,0.9999940187514473
15,0.21054251402130328,0.0,0.2751303819167113,0.0993486932597717,0.8470500766294633,0.3767236977224448,1.240933825806816,0.8644633034086203
26,0.2718181289621989,0.2751303819167113,0.0,0.18841392764474982,0.9463791681812177,1.7982200184512778,1.0001082666891257,2.172742615684861
31,0.253493833669698,0.0993486932597717,0.18841392764474982,0.0,1.1286152666478066,0.5410478157091282,0.4137535164857901,0.9997988604486812
100,0.9999848671476658,0.8470500766294633,0.9463791681812177,1.1286152666478066,0.0,0.06807965876312559,0.5930728784096136,0.563970715008654
107,0.9996961836033393,0.3767236977224448,1.7982200184512778,0.5410478157091282,0.06807965876312559,0.0,0.59421142354349,0.44520258320165124
113,0.7782164335318833,1.240933825806816,1.0001082666891257,0.4137535164857901,0.5930728784096136,0.59421142354349,0.0,0.22105365524932277
122,0.9999940187514473,0.8644633034086203,2.172742615684861,0.9997988604486812,0.563970715008654,0.44520258320165124,0.22105365524932277,0.0
