,7,9,10,11,14,18,23,24
7,0.0,0.12481610534679903,0.08289982579189017,0.19680405423238168,0.09269419404783677,0.09859174997119845,0.18217621559310826,0.14137985172515505
9,0.12481610534679903,0.0,0.16826837713558881,0.10030317552255266,0.09003721310931116,0.07164146742217369,0.13018809792227148,0.15099289745263575
10,0.08289982579189017,0.16826837713558881,0.0,0.22859764901616514,0.138109302025531,0.15405341884614757,0.19499734800446447,0.09373723899065321
11,0.19680405423238168,0.10030317552255266,0.22859764901616514,0.0,0.1835495651171917,0.19548278252989254,0.028028626037665077,0.1988192443009269
14,0.09269419404783677,0.09003721310931116,0.138109302025531,0.1835495651171917,0.0,0.03807263389890909,0.18873930430586747,0.17525591408942087
18,0.09859174997119845,0.07164146742217369,0.15405341884614757,0.19548278252989254,0.03807263389890909,0.0,0.15600291401149563,0.10778366261566454
23,0.18217621559310826,0.13018809792227148,0.19499734800446447,0.028028626037665077,0.18873930430586747,0.15600291401149563,0.0,0.17054301707844544
24,0.14137985172515505,0.15099289745263575,0.09373723899065321,0.1988192443009269,0.17525591408942087,0.10778366261566454,0.17054301707844544,0.0
