,5,6,7,10,13,16,21,22
5,0.0,0.32158251897153417,0.1762359572407714,0.30155993381438656,0.08350992809369913,0.1966709822571551,0.12287494664144226,0.272351425604011
6,0.32158251897153417,0.0,0.19178694822404704,0.16142302223274027,0.23290648153659632,0.12090123743255414,0.16397777044157363,0.06301981561840808
7,0.1762359572407714,0.19178694822404704,0.0,0.08289978626218225,0.0962627655927351,0.19053365368788616,0.1359409203458787,0.13604530710662482
10,0.30155993381438656,0.16142302223274027,0.08289978626218225,0.0,0.14881512486828152,0.21291911382379405,0.16294300900223124,0.1567455057882224
13,0.08350992809369913,0.23290648153659632,0.0962627655927351,0.14881512486828152,0.0,0.12300432579569193,0.05582084249951553,0.2098463774568255
16,0.1966709822571551,0.12090123743255414,0.19053365368788616,0.21291911382379405,0.12300432579569193,0.0,0.08313504444531429,0.13275734735273248
21,0.12287494664144226,0.16397777044157363,0.1359409203458787,0.16294300900223124,0.05582084249951553,0.08313504444531429,0.0,0.19518347047278276
22,0.272351425604011,0.06301981561840808,0.13604530710662482,0.1567455057882224,0.2098463774568255,0.13275734735273248,0.19518347047278276,0.0
