,7,16,20,22,100,104,108,124
7,0.0,0.19053385810842924,0.030034236031216698,0.13604543684960194,0.9992427320933472,0.9985527642374656,1.4117414540302746,1.1313321311200615
16,0.19053385810842924,0.0,0.1626798473818253,0.13275753726377706,0.9999965765388817,0.9998809470786332,2.1615250226083575,1.018254901958064
20,0.030034236031216698,0.1626798473818253,0.0,0.19338062203804077,1.4075325555551417,0.42665562499041987,0.43014599188883046,0.5096781224746032
22,0.13604543684960194,0.13275753726377706,0.19338062203804077,0.0,1.2589623124476554,0.7624473314899255,0.4997464455957324,0.9999889044690293
100,0.9992427320933472,0.9999965765388817,1.4075325555551417,1.2589623124476554,0.0,0.24242896316126214,0.863317570569317,0.3481307704802379
104,0.9985527642374656,0.9998809470786332,0.42665562499041987,0.7624473314899255,0.24242896316126214,0.0,1.0963943029863055,0.1484260784462553
108,1.4117414540302746,2.1615250226083575,0.43014599188883046,0.4997464455957324,0.863317570569317,1.0963943029863055,0.0,0.692682975801565
124,1.1313321311200615,1.018254901958064,0.5096781224746032,0.9999889044690293,0.3481307704802379,0.1484260784462553,0.692682975801565,0.0
