,101,103,108,109,116,118,120,126
101,0.0,0.32835557430459966,0.6241337038482289,0.5733888300213339,0.3035264593996822,0.531247580577566,0.5348172849439594,0.5988115590654306
103,0.32835557430459966,0.0,0.26103033102111184,0.33519934759832243,0.5142240143133433,0.7709411403997444,0.8587145510133273,0.8703063044987903
108,0.6241337038482289,0.26103033102111184,0.0,0.2010814414037709,0.7594698515572482,0.9983280860010048,0.9997207383583607,1.1473553586858922
109,0.5733888300213339,0.33519934759832243,0.2010814414037709,0.0,0.7971181121103267,1.000151703682427,0.6256811456702389,1.171502005312462
116,0.3035264593996822,0.5142240143133433,0.7594698515572482,0.7971181121103267,0.0,0.25518079726982323,0.22928360184347804,0.37343728509163404
118,0.531247580577566,0.7709411403997444,0.9983280860010048,1.000151703682427,0.25518079726982323,0.0,0.3222505968391793,0.18658677320474928
120,0.5348172849439594,0.8587145510133273,0.9997207383583607,0.6256811456702389,0.22928360184347804,0.3222505968391793,0.0,0.2678966704972063
126,0.5988115590654306,0.8703063044987903,1.1473553586858922,1.171502005312462,0.37343728509163404,0.18658677320474928,0.2678966704972063,0.0
