,4,7,8,18,108,118,126,127
4,0.0,0.28035296907710705,0.2196924528316565,0.1874711260634465,0.9999880121540674,0.7482944599492672,2.436223965561721,0.5658629599337202
7,0.28035296907710705,0.0,0.12728783612326866,0.09858192490891973,1.411705103275993,0.2737502999120991,0.9989869344178894,0.3632991578140922
8,0.2196924528316565,0.12728783612326866,0.0,0.1854025551016147,0.590618255472871,0.42937861868704824,1.1503008474361949,1.6837813183589614
18,0.1874711260634465,0.09858192490891973,0.1854025551016147,0.0,1.0000080878716848,1.196485106071239,1.000173470774279,0.5068776233077706
108,0.9999880121540674,1.411705103275993,0.590618255472871,1.0000080878716848,0.0,0.9983279881431925,1.1473341928853151,0.4684461616950001
118,0.7482944599492672,0.2737502999120991,0.42937861868704824,1.196485106071239,0.9983279881431925,0.0,0.1865670670567111,0.3702271380487043
126,2.436223965561721,0.9989869344178894,1.1503008474361949,1.000173470774279,1.1473341928853151,0.1865670670567111,0.0,0.454879564904758
127,0.5658629599337202,0.3632991578140922,1.6837813183589614,0.5068776233077706,0.4684461616950001,0.3702271380487043,0.454879564904758,0.0
