,3,4,6,8,9,13,15,29
3,0.0,0.23005003256883855,0.23431354978525917,0.26469204379227357,0.16433472751451314,0.15604744157472203,0.17952524988372812,0.01598123366123207
4,0.23005003256883855,0.0,0.07964312768713154,0.2196924528316565,0.18828154594203853,0.19638118123287748,0.31847488856293293,0.21992705153080566
6,0.23431354978525917,0.07964312768713154,0.0,0.09439711658226632,0.1739157157699351,0.2328889349601508,0.24496815438622663,0.21757862434029787
8,0.26469204379227357,0.2196924528316565,0.09439711658226632,0.0,0.08695088155706004,0.240423423323315,0.21054251402130328,0.29484074559142465
9,0.16433472751451314,0.18828154594203853,0.1739157157699351,0.08695088155706004,0.0,0.08176412179794668,0.19001583482500314,0.24199821929986254
13,0.15604744157472203,0.19638118123287748,0.2328889349601508,0.240423423323315,0.08176412179794668,0.0,0.1217805005700124,0.18173521991339606
15,0.17952524988372812,0.31847488856293293,0.24496815438622663,0.21054251402130328,0.19001583482500314,0.1217805005700124,0.0,0.20498292106578023
29,0.01598123366123207,0.21992705153080566,0.21757862434029787,0.29484074559142465,0.24199821929986254,0.18173521991339606,0.20498292106578023,0.0
