,99,100,102,103,107,119,121,122
99,0.0,0.26687091422523934,0.7466494820831365,0.539970548774434,0.24218733695733338,0.4700609622920172,0.6847945043492444,0.8117820326285204
100,0.26687091422523934,0.0,0.5011655533765551,0.46413683833737107,0.06809033989865317,0.09792526423029552,0.4683938954374418,0.5639885313853562
102,0.7466494820831365,0.5011655533765551,0.0,0.15406816632467457,0.6372193880569523,0.5368528674571649,0.1850221335143264,0.14399166766020555
103,0.539970548774434,0.46413683833737107,0.15406816632467457,0.0,0.5001333524177415,0.45029176055452297,0.06276369384518958,0.11810870104377048
107,0.24218733695733338,0.06809033989865317,0.6372193880569523,0.5001333524177415,0.0,0.15771541388316915,0.45629613942752417,0.4452237860838495
119,0.4700609622920172,0.09792526423029552,0.5368528674571649,0.45029176055452297,0.15771541388316915,0.0,0.395893425529567,0.3499583740255141
121,0.6847945043492444,0.4683938954374418,0.1850221335143264,0.06276369384518958,0.45629613942752417,0.395893425529567,0.0,0.17415305587036817
122,0.8117820326285204,0.5639885313853562,0.14399166766020555,0.11810870104377048,0.4452237860838495,0.3499583740255141,0.17415305587036817,0.0
