,96,109,113,115,119,120,122,127
96,0.0,0.14274740082991647,0.09582734327187706,0.4027890557370631,0.5732030417489454,0.8190914510193431,0.27105338843818266,0.6619193988057721
109,0.14274740082991647,0.0,0.15536078312115997,0.5543847266041017,0.649161523700739,0.6256812948442664,0.3735004158075617,0.6792369731265895
113,0.09582734327187706,0.15536078312115997,0.0,0.3929608872590532,0.6363793984586136,0.5828678430313611,0.2210699411684206,0.39269480643367166
115,0.4027890557370631,0.5543847266041017,0.3929608872590532,0.0,0.19768323763854664,0.5487811365313775,0.18143941515706513,0.2250834598713986
119,0.5732030417489454,0.649161523700739,0.6363793984586136,0.19768323763854664,0.0,0.3908765570887934,0.3499583740255141,0.06935559001269354
120,0.8190914510193431,0.6256812948442664,0.5828678430313611,0.5487811365313775,0.3908765570887934,0.0,0.7496796235434054,0.44670935500548076
122,0.27105338843818266,0.3735004158075617,0.2210699411684206,0.18143941515706513,0.3499583740255141,0.7496796235434054,0.0,0.41887996019620605
127,0.6619193988057721,0.6792369731265895,0.39269480643367166,0.2250834598713986,0.06935559001269354,0.44670935500548076,0.41887996019620605,0.0
