,3,10,24,27,96,103,107,120
3,0.0,0.08476026580825337,0.10701818884870162,0.07994088938210021,0.9660083821478445,0.9999416414033389,0.38561468935853166,1.183871532358335
10,0.08476026580825337,0.0,0.09373723899065321,0.050263642798405624,1.0001842680726563,0.9999588009897328,0.5852428468992825,0.18713392566242704
24,0.10701818884870162,0.09373723899065321,0.0,0.06921986599477509,0.8930586216961545,0.9999764380911158,1.000003443802616,1.0000062018836118
27,0.07994088938210021,0.050263642798405624,0.06921986599477509,0.0,0.452104245326556,1.0000499841966985,0.9997021960425484,1.3067277221072404
96,0.9660083821478445,1.0001842680726563,0.8930586216961545,0.452104245326556,0.0,0.2752591773837525,0.6625886310319924,0.8190914510193431
103,0.9999416414033389,0.9999588009897328,0.9999764380911158,1.0000499841966985,0.2752591773837525,0.0,0.5001333524177415,0.8587145254216397
107,0.38561468935853166,0.5852428468992825,1.000003443802616,0.9997021960425484,0.6625886310319924,0.5001333524177415,0.0,0.299178543206247
120,1.183871532358335,0.18713392566242704,1.0000062018836118,1.3067277221072404,0.8190914510193431,0.8587145254216397,0.299178543206247,0.0
