,99,102,103,105,112,115,122,127
99,0.0,0.7466494820831365,0.539970548774434,0.2997391130415356,0.4239513653506692,0.4345323480779409,0.8117820326285204,0.2364037498289763
102,0.7466494820831365,0.0,0.15406816632467457,0.9991595781494742,0.39752116252120445,0.2997568364821158,0.14399166766020555,0.49954780439806085
103,0.539970548774434,0.15406816632467457,0.0,0.9735154527822523,0.35133339137411984,0.24509428315267806,0.11810870104377048,0.46856017932675464
105,0.2997391130415356,0.9991595781494742,0.9735154527822523,0.0,0.6820958568305053,0.71719151926949,0.8304248037962307,0.4483697389219123
112,0.4239513653506692,0.39752116252120445,0.35133339137411984,0.6820958568305053,0.0,0.16210559089009743,0.28261567447197783,0.1999634477582402
115,0.4345323480779409,0.2997568364821158,0.24509428315267806,0.71719151926949,0.16210559089009743,0.0,0.18143941515706513,0.2250834598713986
122,0.8117820326285204,0.14399166766020555,0.11810870104377048,0.8304248037962307,0.28261567447197783,0.18143941515706513,0.0,0.41887996019620605
127,0.2364037498289763,0.49954780439806085,0.46856017932675464,0.4483697389219123,0.1999634477582402,0.2250834598713986,0.41887996019620605,0.0
