,0,13,14,16,100,108,109,124
0,0.0,0.019164586203436845,0.026801472254645332,0.1574055749827706,0.6691991465650999,0.7291365333938459,0.9966114922931866,0.7364617926641286
13,0.019164586203436845,0.0,0.027667667189189605,0.12300435512221201,1.000005521906826,1.4148276501498902,1.410620354814806,3.2392222720190995
14,0.026801472254645332,0.027667667189189605,0.0,0.10923581720793095,0.9999583861863756,1.1029344972757924,0.9999953168444856,0.8998144306044207
16,0.1574055749827706,0.12300435512221201,0.10923581720793095,0.0,0.9999965765352438,2.161524249586909,1.5651967227416523,1.018254901958064
100,0.6691991465650999,1.000005521906826,0.9999583861863756,0.9999965765352438,0.0,0.8633175191115815,0.7833644018210232,0.3481305629781906
108,0.7291365333938459,1.4148276501498902,1.1029344972757924,2.161524249586909,0.8633175191115815,0.0,0.20108136949145644,0.6926832235243456
109,0.9966114922931866,1.410620354814806,0.9999953168444856,1.5651967227416523,0.7833644018210232,0.20108136949145644,0.0,0.8024609818382658
124,0.7364617926641286,3.2392222720190995,0.8998144306044207,1.018254901958064,0.3481305629781906,0.6926832235243456,0.8024609818382658,0.0
