,2,8,12,13,15,23,25,29
2,0.0,0.07616349718892398,0.15169692014406466,0.21000115622811882,0.15632182468410702,0.014588525425779472,0.020365484529877225,0.30153804182306915
8,0.07616349718892398,0.0,0.07386179349613584,0.240423423323315,0.21054251402130328,0.08658028299213168,0.09570245153428487,0.29484074559142465
12,0.15169692014406466,0.07386179349613584,0.0,0.16036813158397206,0.25183447331903097,0.14792260882967853,0.14883971474104468,0.2754030363188554
13,0.21000115622811882,0.240423423323315,0.16036813158397206,0.0,0.1217805005700124,0.2011305155691055,0.25432224321508584,0.18173521991339606
15,0.15632182468410702,0.21054251402130328,0.25183447331903097,0.1217805005700124,0.0,0.2746335463028405,0.2607810765380006,0.20498292106578023
23,0.014588525425779472,0.08658028299213168,0.14792260882967853,0.2011305155691055,0.2746335463028405,0.0,0.009158976699017171,0.22004590065158897
25,0.020365484529877225,0.09570245153428487,0.14883971474104468,0.25432224321508584,0.2607810765380006,0.009158976699017171,0.0,0.28923050161129144
29,0.30153804182306915,0.29484074559142465,0.2754030363188554,0.18173521991339606,0.20498292106578023,0.22004590065158897,0.28923050161129144,0.0
