,10,24,25,31,101,103,105,116
10,0.0,0.09373726133935521,0.23022111284405306,0.22876083149818036,0.9999864408064918,0.9999588009897328,0.3764010079141257,1.0000231029111315
24,0.09373726133935521,0.0,0.16315277116862495,0.17486187247639653,1.569331088185383,0.9999764380947537,2.0654854449899,0.5867776582642416
25,0.23022111284405306,0.16315277116862495,0.0,0.22722780348853003,0.48936004591101745,1.3326266676851055,1.4207291305225545,2.2851725287356848
31,0.22876083149818036,0.17486187247639653,0.22722780348853003,0.0,1.0853551465444462,1.3705893504977982,1.5118645611502275,1.0000544466653616
101,0.9999864408064918,1.569331088185383,0.48936004591101745,1.0853551465444462,0.0,0.32835553516156724,0.5981626030102984,0.30352638703334367
103,0.9999588009897328,0.9999764380947537,1.3326266676851055,1.3705893504977982,0.32835553516156724,0.0,0.9735155108082968,0.5142240143133433
105,0.3764010079141257,2.0654854449899,1.4207291305225545,1.5118645611502275,0.5981626030102984,0.9735155108082968,0.0,0.31379678156763147
116,1.0000231029111315,0.5867776582642416,2.2851725287356848,1.0000544466653616,0.30352638703334367,0.5142240143133433,0.31379678156763147,0.0
