,2,3,15,18,21,27,28,31
2,0.0,0.22601220301751754,0.15632182468410702,0.16480898466133143,0.2029660754916588,0.18983964140268525,0.09609362902072974,0.2564409409274442
3,0.22601220301751754,0.0,0.17955226007521125,0.16645152990591075,0.20424606549363128,0.07994079408519073,0.17141478540309385,0.2194328600395201
15,0.15632182468410702,0.17955226007521125,0.0,0.16463526138241574,0.21569315223789143,0.20256562517253598,0.2630684285819307,0.09936468298401142
18,0.16480898466133143,0.16645152990591075,0.16463526138241574,0.0,0.029558666997317014,0.08841970987709422,0.068888154815452,0.07458967449841275
21,0.2029660754916588,0.20424606549363128,0.21569315223789143,0.029558666997317014,0.0,0.1052957433647385,0.07153199581326845,0.06683999605596282
27,0.18983964140268525,0.07994079408519073,0.20256562517253598,0.08841970987709422,0.1052957433647385,0.0,0.10502493890780674,0.17334892690184162
28,0.09609362902072974,0.17141478540309385,0.2630684285819307,0.068888154815452,0.07153199581326845,0.10502493890780674,0.0,0.1592584211134997
31,0.2564409409274442,0.2194328600395201,0.09936468298401142,0.07458967449841275,0.06683999605596282,0.17334892690184162,0.1592584211134997,0.0
