,99,100,107,112,115,120,126,127
99,0.0,0.26687091422523934,0.24218733695733338,0.4239513653506692,0.4345323480779409,0.08917976233491726,0.29710510910453863,0.2364037498289763
100,0.26687091422523934,0.0,0.06809033989865317,0.34886926415996644,0.2953943497613208,0.3171833957358548,0.4292951169788195,0.042929901823103855
107,0.24218733695733338,0.06809033989865317,0.0,0.20151385906619337,0.3058977844574334,0.299178543206247,0.40899120575017556,0.09862231264373565
112,0.4239513653506692,0.34886926415996644,0.20151385906619337,0.0,0.16210559089009743,0.5669116589761848,0.6259230780890084,0.1999634477582402
115,0.4345323480779409,0.2953943497613208,0.3058977844574334,0.16210559089009743,0.0,0.5487811365313775,0.46344059764656464,0.2250834598713986
120,0.08917976233491726,0.3171833957358548,0.299178543206247,0.5669116589761848,0.5487811365313775,0.0,0.2678966066256704,0.44670935500548076
126,0.29710510910453863,0.4292951169788195,0.40899120575017556,0.6259230780890084,0.46344059764656464,0.2678966066256704,0.0,0.45490179805468817
127,0.2364037498289763,0.042929901823103855,0.09862231264373565,0.1999634477582402,0.2250834598713986,0.44670935500548076,0.45490179805468817,0.0
