d11 : 0.11544430473358261 , d22 : 0.3942841659835633
d11* : 0.3717245514817986 , d22* : 0.3885601571682007
d12* : 0.9171873422247979
c1: 3.219947076121672
c2: 0.9854825293298711
c3: 0.4144653298451525
