Model: /home/li/torch/model/Artificial_Data_LogF_True_epoch_5000_attention_net_u_artificial_Q_9_K_6_F_5_REG_L0_ACT_sigmoid_WD_000001_CV.model
d11 : 0.27651980872590953 , d22 : 0.30347355220337585
d11* : 0.29512477074787624 , d22* : 0.20970252381059695
d12* : 1.1357897046686158
c1: 1.067282565063569
c2: 0.6910075764034379
c3: 0.22223625222318966
Entropy: 0.0
