d11 : 0.08757924184414802 , d22 : 0.3779402970882512
d11* : 0.32189974400113003 , d22* : 0.3686571196296048
d12* : 0.8822771295476572
c1: 3.6755255837218592
c2: 0.9754374499618951
c3: 0.39134918071875147
