d11 : 0.3269246359882376 , d22 : 0.382558218984299
d11* : 0.09772231498335707 , d22* : 0.09171218316101738
d12* : 1.1277942880816314
c1: 0.2989138909276724
c2: 0.23973392443250957
c3: 0.08398450858737765
