3,9Model: /home/li/torch/model/Artificial_Data_LogF_True_epoch_6000_attention_net_u_artificial_Q_9_K_2_F_5_REG_L0_ACT_sigmoid_WD_000001_CV.model
d11 : 0.11067111891809853 , d22 : 0.3700804675046229
d11* : 0.33564508954231287 , d22* : 0.38321905441997267
d12* : 0.9499025321747153
c1: 3.0328155423340837
c2: 1.0355019734057853
c3: 0.37838837123452634
Entropy: 0.6365141682948128
