Model: /home/li/torch/model/LI_Mofei_Data_200_LogF_True_epoch_200_attention_net_u_artificial_Q_9_K_6_F_5_REG_L0_ACT_sigmoid_WD_000001_CV.model
d11 : 0.8079393420184603 , d22 : 0.8362364928091118
d11* : 0.8094648966531216 , d22* : 0.8443483310794434
d12* : 1.2159898585607218
c1: 1.0018882044174877
c2: 1.009700411713775
c3: 0.6800275578326215
Entropy: 0.0
