d11 : 0.10883438940950448 , d22 : 0.3607158070107046
d11* : 0.353205589487754 , d22* : 0.36655055487731686
d12* : 0.8891936928137433
c1: 3.2453491162500945
c2: 1.0161754704207877
c3: 0.40472404954172114
