Model: /home/li/torch/model/Artificial_Data_6000_LogF_True_epoch_200_attention_net_u_artificial_Q_9_K_5_F_5_REG_L0_ACT_sigmoid_WD_000001_CV.model
d11 : 0.11731594795126582 , d22 : 0.3952079885099274
d11* : 0.39738424087400065 , d22* : 0.38293145312058846
d12* : 0.9288383813222406
c1: 3.3872994065485273
c2: 0.968936520145694
c3: 0.4200492301382813
Entropy: 0.6204277098082893
