Model: /home/li/torch/model/LI_Mofei_Data_200_R_1_NL_00_LogF_True_epoch_10000_attention_net_u_artificial_Q_9_K_3_F_5_REG_L0_ACT_sigmoid_WD_000001_CV.model
d11 : 0.8220735494290783 , d22 : 0.7536762603889057
d11* : 0.8154652138643199 , d22* : 0.7490301661468347
d12* : 1.1827279917962656
c1: 0.9919613815949342
c2: 0.9938354244570825
c3: 0.6613927254884195
Entropy: 0.0
