d11 : 0.33898542408948684 , d22 : 0.31420945091752656
d11* : 0.10937108711823308 , d22* : 0.10660572734066683
d12* : 1.126483208527169
c1: 0.32264244815836335
c2: 0.3392823704995704
c3: 0.09586330840265289
