d11 : 0.10296246730046942 , d22 : 0.37942467332583457
d11* : 0.39692369186755394 , d22* : 0.36399584330195617
d12* : 0.9002877943064088
c1: 3.855032831616539
c2: 0.9593362500950782
c3: 0.4225979403373621
