0.9Model: /home/li/torch/model/LI_Mofei_Data_6000_R_30_NL_03_LogF_True_epoch_200_attention_net_u_artificial_Q_9_K_6_F_5_REG_L0_ACT_sigmoid_WD_000001_CV.model
d11 : 0.8075169220883547 , d22 : 0.7599668544989403
d11* : 0.7961114550470374 , d22* : 0.7541368824695327
d12* : 1.1889223730771077
c1: 0.98587587859853
c2: 0.9923286496050523
c3: 0.6519552380464912
Entropy: 0.0
