Model: /home/li/torch/model/LI_Mofei_Data_6000_R_30_NL_01_LogF_True_epoch_200_attention_net_u_artificial_Q_9_K_6_F_5_REG_L0_ACT_sigmoid_WD_000001_CV.model
d11 : 0.7998382455944585 , d22 : 0.7598087300368703
d11* : 0.7910658469173822 , d22* : 0.7761018350496923
d12* : 1.2091151393984203
c1: 0.9890322840581893
c2: 1.021443692825208
c3: 0.6480638736964284
Entropy: 0.0
