Model: /home/li/torch/model/Artificial_Data_LogF_True_epoch_20000_attention_net_u_artificial_Q_9_K_3_F_5_REG_L0_ACT_sigmoid_WD_000001_CV.model
d11 : 0.10853635987588806 , d22 : 0.3525203169171042
d11* : 0.3506781395236448 , d22* : 0.3545078575986685
d12* : 0.9470023136831378
c1: 3.230973840698612
c2: 1.0056380883205425
c3: 0.3723253823845804
Entropy: 0.6243313065714509
