d11 : 0.3422432060956319 , d22 : 0.3791321864200636
d11* : 0.10612587727544781 , d22* : 0.09201372085271199
d12* : 1.1309935784406089
c1: 0.3100890693672189
c2: 0.2426956194923646
c3: 0.08759536831382839
