Model: /home/li/torch/model/Artificial_Data_6000_LogF_True_epoch_200_attention_net_u_artificial_Q_9_K_4_F_5_REG_L0_ACT_sigmoid_WD_000001_CV.model
d11 : 0.11534069004748926 , d22 : 0.3946157592070056
d11* : 0.4373632547811896 , d22* : 0.3947928737161287
d12* : 0.9291399089041309
c1: 3.7919250751934457
c2: 1.0004488277647072
c3: 0.4478099156664147
Entropy: 0.6177606326574299
