d11 : 0.1629738517868 , d22 : 0.45204547300793047
d11* : 0.16475711751393007 , d22* : 0.4485894506753263
d12* : 1.1541827494382078
c1: 1.0109420358393624
c2: 0.9923547020400234
c3: 0.2657060021421216
