d11 : 0.11516692757142792 , d22 : 0.3910796579161596
d11* : 0.41176657201229994 , d22* : 0.39007011093415556
d12* : 0.9281970374652017
c1: 3.5753890521818197
c2: 0.9974185643216951
c3: 0.4319323648867585
