Model: /home/li/torch/model/LI_Mofei_Data_200_LogF_True_epoch_200_attention_net_u_artificial_Q_9_K_5_F_5_REG_L0_ACT_sigmoid_WD_000001_CV.model
d11 : 0.8511438278899186 , d22 : 0.7463150521683055
d11* : 0.8444254695188299 , d22* : 0.7454905200380497
d12* : 1.2165064312397267
c1: 0.9921066708693121
c2: 0.9988951956310405
c3: 0.6534761957388979
Entropy: 0.0
