d11 : 0.1712900543440661 , d22 : 0.4387591274184268
d11* : 0.1690384739782711 , d22* : 0.43565977947960394
d12* : 1.1934976765368424
c1: 0.9868551599541657
c2: 0.9929361060656245
c3: 0.2533303019124933
