Model: /home/li/torch/model/LI_Mofei_Data_6000_R_30_NL_02_LogF_True_epoch_200_attention_net_u_artificial_Q_9_K_6_F_5_REG_L0_ACT_sigmoid_WD_000001_CV.model
d11 : 0.8059027040295738 , d22 : 0.7440444559127422
d11* : 0.8160564008382037 , d22* : 0.7156340657901415
d12* : 1.1801840402031607
c1: 1.012599159622943
c2: 0.9618162733465319
c3: 0.6489201745029001
Entropy: 0.0
