d11 : 0.11670859947092004 , d22 : 0.3387604725575535
d11* : 0.36312121462172453 , d22* : 0.3336631031593346
d12* : 0.8963879576156558
c1: 3.1113492601905692
c2: 0.9849528802468155
c3: 0.3886622482270223
