Model: /home/li/torch/model/Artificial_Data_6000_LogF_True_epoch_200_attention_net_u_artificial_Q_9_K_3_F_5_REG_L0_ACT_sigmoid_WD_000001_CV.model
d11 : 0.11522976744856467 , d22 : 0.3988415421648886
d11* : 0.4155953319872051 , d22* : 0.3971413099777261
d12* : 0.9361916415939526
c1: 3.6066664125892225
c2: 0.9957370734805263
c3: 0.4340653162536103
Entropy: 0.635352667765966
