d11 : 0.10028414091784338 , d22 : 0.3465191640423996
d11* : 0.3101220733101052 , d22* : 0.34734640446756343
d12* : 0.8771427659285723
c1: 3.0924338631386306
c2: 1.0023872862196523
c3: 0.37477848721789936
