Model: /home/li/torch/model/Artificial_Data_LogF_True_epoch_20000_attention_net_u_artificial_Q_9_K_2_F_5_REG_L0_ACT_sigmoid_WD_000001_CV.model
d11 : 0.10990659366856347 , d22 : 0.3617242320309956
d11* : 0.3730347754630939 , d22* : 0.36812011973953923
d12* : 0.9165057384707012
c1: 3.39410733252297
c2: 1.0176816678070812
c3: 0.40433729113324385
Entropy: 0.5432727813369008
