d11 : 0.11070810213867059 , d22 : 0.3312802895435168
d11* : 0.34827052293735117 , d22* : 0.3306093992234336
d12* : 0.8830215175685436
c1: 3.145844940066943
c2: 0.9979748559112658
c3: 0.3844073494551549
