,7,8,12,31,96,104,105,107
7,0.0,0.25031019508809754,0.23892474518122742,0.5775196679039865,0.9180428539572519,0.7397603228559942,0.7764344050247617,0.7219297674954726
8,0.25031019508809754,0.0,0.43251899107288816,0.7696952725026732,1.1370471219882292,0.8789593414723288,0.8646683755577833,0.9322575110586238
12,0.23892474518122742,0.43251899107288816,0.0,0.3831292909650211,0.9087617464281048,0.9084748315728299,1.0113683938761964,0.8765341521819959
31,0.5775196679039865,0.7696952725026732,0.3831292909650211,0.0,0.6729386067593206,0.9911707528753991,1.0820301781265396,0.8659422304790553
96,0.9180428539572519,1.1370471219882292,0.9087617464281048,0.6729386067593206,0.0,0.7484857147129879,0.856749135554081,0.5711715101966494
104,0.7397603228559942,0.8789593414723288,0.9084748315728299,0.9911707528753991,0.7484857147129879,0.0,0.15577909250014577,0.15908973312460462
105,0.7764344050247617,0.8646683755577833,1.0113683938761964,1.0820301781265396,0.856749135554081,0.15577909250014577,0.0,0.30735719058965294
107,0.7219297674954726,0.9322575110586238,0.8765341521819959,0.8659422304790553,0.5711715101966494,0.15908973312460462,0.30735719058965294,0.0
