,6,8,14,24,101,102,116,126
6,0.0,0.017897799834825607,0.5700037884422386,0.9696019978725966,1.0679090284581998,0.5616482909895091,0.8334862898967954,0.8303651618416975
8,0.017897799834825607,0.0,0.5532107978521035,0.8651283736894667,1.0442039787234738,1.1795343270397316,0.8307493211729711,0.8233363976892896
14,0.5700037884422386,0.5532107978521035,0.0,0.29061336924404546,0.8704808790185705,0.8138429718282575,0.7616728128688256,0.8947617747137946
24,0.9696019978725966,0.8651283736894667,0.29061336924404546,0.0,0.9865228816938012,0.8298564985376823,0.9107933182188017,1.205509051356216
101,1.0679090284581998,1.0442039787234738,0.8704808790185705,0.9865228816938012,0.0,0.3468831432483953,0.2469703544924554,0.5494239352277233
102,0.5616482909895091,1.1795343270397316,0.8138429718282575,0.8298564985376823,0.3468831432483953,0.0,0.552578422759563,0.7999695573593637
116,0.8334862898967954,0.8307493211729711,0.7616728128688256,0.9107933182188017,0.2469703544924554,0.552578422759563,0.0,0.31271368818895406
126,0.8303651618416975,0.8233363976892896,0.8947617747137946,1.205509051356216,0.5494239352277233,0.7999695573593637,0.31271368818895406,0.0
