,0,9,14,18,19,22,27,30
0,0.0,0.06751060573014445,0.018838322035885355,0.0360905171822933,0.03844854997695665,0.1343178295872819,0.07065454162425334,0.05444540659521141
9,0.06751060573014445,0.0,0.05102395490624355,0.044924713255076826,0.07227128481618779,0.11348043779181871,0.09798773791639202,0.11976222255109233
14,0.018838322035885355,0.05102395490624355,0.0,0.0185563453069919,0.04708311990302282,0.11886862069962126,0.0652361151427224,0.06866039978418573
18,0.0360905171822933,0.044924713255076826,0.0185563453069919,0.0,0.064226774812064,0.1006710741214956,0.05645658666740064,0.07912738984176934
19,0.03844854997695665,0.07227128481618779,0.04708311990302282,0.064226774812064,0.0,0.1654488809948092,0.10904214473635823,0.08080275566356489
22,0.1343178295872819,0.11348043779181871,0.11886862069962126,0.1006710741214956,0.1654488809948092,0.0,0.0833508967156185,0.15386454463931779
27,0.07065454162425334,0.09798773791639202,0.0652361151427224,0.05645658666740064,0.10904214473635823,0.0833508967156185,0.0,0.07143258572404913
30,0.05444540659521141,0.11976222255109233,0.06866039978418573,0.07912738984176934,0.08080275566356489,0.15386454463931779,0.07143258572404913,0.0
