,3,5,11,22,101,104,111,112
3,0.0,0.32693143829563226,0.1557505339738578,0.1225551618133328,0.8370669198074663,0.7717893000984015,0.8742699400974249,0.7374173154602439
5,0.32693143829563226,0.0,0.37778616743030546,0.38816245746166717,0.8229083324802879,0.8713136374572019,0.7585540680486839,0.7350984662070029
11,0.1557505339738578,0.37778616743030546,0.0,0.04212753561444214,0.9922024287072513,0.8857950258764024,2.2074124731775355,0.8893520676946534
22,0.1225551618133328,0.38816245746166717,0.04212753561444214,0.0,0.9613564769105137,0.8510593934955981,1.0082972246461512,0.8610397038833171
101,0.8370669198074663,0.8229083324802879,0.9922024287072513,0.9613564769105137,0.0,0.3224197452116259,0.3100857075549462,0.06884306867884793
104,0.7717893000984015,0.8713136374572019,0.8857950258764024,0.8510593934955981,0.3224197452116259,0.0,0.6616211188877764,0.3590755833902901
111,0.8742699400974249,0.7585540680486839,2.2074124731775355,1.0082972246461512,0.3100857075549462,0.6616211188877764,0.0,0.2765619256850699
112,0.7374173154602439,0.7350984662070029,0.8893520676946534,0.8610397038833171,0.06884306867884793,0.3590755833902901,0.2765619256850699,0.0
