,0,14,19,27,104,106,122,124
0,0.0,0.06641581151774449,0.06258081602234514,0.20875372224323865,1.084080634126373,0.7029456282911295,0.8564626253337144,1.0818885826996685
14,0.06641581151774449,0.0,0.1667093056861002,0.042894318253062086,0.8709436838478627,0.6834416997624727,0.9483278075068087,0.8695704934968334
19,0.06258081602234514,0.1667093056861002,0.0,0.16175019780627178,1.0087944276599985,0.708942716308213,0.879774751619214,0.9118896623965601
27,0.20875372224323865,0.042894318253062086,0.16175019780627178,0.0,0.97620629275799,0.7784383261171899,0.7841987560865232,0.9308292108996231
104,1.084080634126373,0.8709436838478627,1.0087944276599985,0.97620629275799,0.0,0.5824632088078009,0.524878000112445,0.07396874609044168
106,0.7029456282911295,0.6834416997624727,0.708942716308213,0.7784383261171899,0.5824632088078009,0.0,0.16396414627914865,0.711385864330011
122,0.8564626253337144,0.9483278075068087,0.879774751619214,0.7841987560865232,0.524878000112445,0.16396414627914865,0.0,0.6524396055371158
124,1.0818885826996685,0.8695704934968334,0.9118896623965601,0.9308292108996231,0.07396874609044168,0.711385864330011,0.6524396055371158,0.0
