,102,103,107,110,111,112,114,122
102,0.0,0.12273549056163936,0.4715756591524966,0.6705825325049196,0.09495723635533214,0.3173414103066181,0.21419621346535053,0.1178181452070506
103,0.12273549056163936,0.0,0.39169774312457517,0.5901888222422894,0.04085560616282383,0.22478265922771815,0.10318577647065007,0.08325278483677893
107,0.4715756591524966,0.39169774312457517,0.0,0.21841622055160373,0.4334614039148003,0.16780792856478463,0.3053307924360097,0.37975044095556476
110,0.6705825325049196,0.5901888222422894,0.21841622055160373,0.0,0.6436045922185125,0.36544003709388573,0.4891028214479675,0.5550907953910289
111,0.09495723635533214,0.04085560616282383,0.4334614039148003,0.6436045922185125,0.0,0.260495849137928,0.1328067966997774,0.1143696033222955
112,0.3173414103066181,0.22478265922771815,0.16780792856478463,0.36544003709388573,0.260495849137928,0.0,0.12799504567622894,0.231244425397417
114,0.21419621346535053,0.10318577647065007,0.3053307924360097,0.4891028214479675,0.1328067966997774,0.12799504567622894,0.0,0.14540663146041685
122,0.1178181452070506,0.08325278483677893,0.37975044095556476,0.5550907953910289,0.1143696033222955,0.231244425397417,0.14540663146041685,0.0
