,2,7,8,12,14,22,26,31
2,0.0,0.1389911300490506,0.05623878948775182,0.09029946467494537,0.11870730284419989,0.06235173030588465,0.11440552070404311,0.1561607148952209
7,0.1389911300490506,0.0,0.15132427606720486,0.1757857230007298,0.061835876867075736,0.11034651855513122,0.08521379999245995,0.09201052218623247
8,0.05623878948775182,0.15132427606720486,0.0,0.035418960879790976,0.10844009494823513,0.11218702026975769,0.15529708583942692,0.1330298005278119
12,0.09029946467494537,0.1757857230007298,0.035418960879790976,0.0,0.12424827002466471,0.14615220937286189,0.1884134559708406,0.13907066759154174
14,0.11870730284419989,0.061835876867075736,0.10844009494823513,0.12424827002466471,0.0,0.11978078378959695,0.12111484696390445,0.04386078082069019
22,0.06235173030588465,0.11034651855513122,0.11218702026975769,0.14615220937286189,0.11978078378959695,0.0,0.05501036012523403,0.16360752607280785
26,0.11440552070404311,0.08521379999245995,0.15529708583942692,0.1884134559708406,0.12111484696390445,0.05501036012523403,0.0,0.16113853271487374
31,0.1561607148952209,0.09201052218623247,0.1330298005278119,0.13907066759154174,0.04386078082069019,0.16360752607280785,0.16113853271487374,0.0
