,104,106,110,118,122,124,125,126
104,0.0,0.629963039906964,0.14238414637859007,0.1327516501477203,0.54308552091472,0.08838234133726791,0.5798663472413436,0.18207981719495792
106,0.629963039906964,0.0,0.6802974317498283,0.73952534368733,0.18113398613544623,0.7189967247183188,0.11782137560533501,0.8091961793605896
110,0.14238414637859007,0.6802974317498283,0.0,0.09889245108282795,0.5613930211062389,0.17172920891342308,0.6033597665060859,0.2236803499810787
118,0.1327516501477203,0.73952534368733,0.09889245108282795,0.0,0.6187973216942658,0.11224537167153907,0.6674298518585268,0.15091080488995182
122,0.54308552091472,0.18113398613544623,0.5613930211062389,0.6187973216942658,0.0,0.6267931060263264,0.0648914456205397,0.719012217164517
124,0.08838234133726791,0.7189967247183188,0.17172920891342308,0.11224537167153907,0.6267931060263264,0.0,0.6639605083826831,0.09364022882281543
125,0.5798663472413436,0.11782137560533501,0.6033597665060859,0.6674298518585268,0.0648914456205397,0.6639605083826831,0.0,0.7687916512818652
126,0.18207981719495792,0.8091961793605896,0.2236803499810787,0.15091080488995182,0.719012217164517,0.09364022882281543,0.7687916512818652,0.0
