,11,17,23,29,98,113,116,120
11,0.0,0.22632546777829354,0.159161285092493,0.5238235617190314,0.7934920181601414,1.0530007106404513,0.8089022957828937,0.987980937867971
17,0.22632546777829354,0.0,0.23728303818619545,0.5015403454993373,0.774414455461286,1.0224048058162731,0.798518674679373,0.9817483081474261
23,0.159161285092493,0.23728303818619545,0.0,0.1618429714286281,0.8211344224095839,1.171409069314061,0.8371116251976802,0.9508501245468395
29,0.5238235617190314,0.5015403454993373,0.1618429714286281,0.0,0.7130558911319557,0.7325514592769414,0.8547493832555365,1.0682422526877933
98,0.7934920181601414,0.774414455461286,0.8211344224095839,0.7130558911319557,0.0,0.3745227196149176,0.2589879855724716,0.4497785870949017
113,1.0530007106404513,1.0224048058162731,1.171409069314061,0.7325514592769414,0.3745227196149176,0.0,0.6941926720439073,0.7331623693219346
116,0.8089022957828937,0.798518674679373,0.8371116251976802,0.8547493832555365,0.2589879855724716,0.6941926720439073,0.0,0.19489372388419227
120,0.987980937867971,0.9817483081474261,0.9508501245468395,1.0682422526877933,0.4497785870949017,0.7331623693219346,0.19489372388419227,0.0
