,5,8,10,12,14,15,17,30
5,0.0,0.1726366320656061,0.14362879106497164,0.17746557476175728,0.07989350272134377,0.02441696241702323,0.23695644275483416,0.07414851144108302
8,0.1726366320656061,0.0,0.1519116167350322,0.03457565605450539,0.10676346879776803,0.17741125563673998,0.13010292302472035,0.17406820696013905
10,0.14362879106497164,0.1519116167350322,0.0,0.18123290840811546,0.08402321418564955,0.12629757544036324,0.12139529753007362,0.07928505426704183
12,0.17746557476175728,0.03457565605450539,0.18123290840811546,0.0,0.12390186735318354,0.18641533718874298,0.16337407941484733,0.1926642044943983
14,0.07989350272134377,0.10676346879776803,0.08402321418564955,0.12390186735318354,0.0,0.0758237435621899,0.15813502977157365,0.06869018311729437
15,0.02441696241702323,0.17741125563673998,0.12629757544036324,0.18641533718874298,0.0758237435621899,0.0,0.22797026780289398,0.05160488271662743
17,0.23695644275483416,0.13010292302472035,0.12139529753007362,0.16337407941484733,0.15813502977157365,0.22797026780289398,0.0,0.1937188017939474
30,0.07414851144108302,0.17406820696013905,0.07928505426704183,0.1926642044943983,0.06869018311729437,0.05160488271662743,0.1937188017939474,0.0
