,101,102,108,114,115,116,119,126
101,0.0,0.33318708901417976,0.4221374973913297,0.1513050294014589,0.1119034548529706,0.21110547448687686,0.10566394004152985,0.4843929793846831
102,0.33318708901417976,0.0,0.09102600704513412,0.2148640007351081,0.24998390631161935,0.5349272739527196,0.400862084295308,0.8343036723437132
108,0.4221374973913297,0.09102600704513412,0.0,0.30566653251182224,0.34255316687831666,0.6295640609253806,0.4826259768237969,0.9303649375854759
114,0.1513050294014589,0.2148640007351081,0.30566653251182224,0.0,0.14253034635912884,0.3535313896128244,0.24514544836189783,0.6151116864714472
115,0.1119034548529706,0.24998390631161935,0.34255316687831666,0.14253034635912884,0.0,0.2799384249831759,0.1348830840280389,0.5797637050256673
116,0.21110547448687686,0.5349272739527196,0.6295640609253806,0.3535313896128244,0.2799384249831759,0.0,0.140302001659659,0.2964978920815831
119,0.10566394004152985,0.400862084295308,0.4826259768237969,0.24514544836189783,0.1348830840280389,0.140302001659659,0.0,0.4460175897970596
126,0.4843929793846831,0.8343036723437132,0.9303649375854759,0.6151116864714472,0.5797637050256673,0.2964978920815831,0.4460175897970596,0.0
