,0,1,2,4,20,22,27,28
0,0.0,0.19236129663763693,0.18528982647771686,0.11290127527230648,0.1726315489075485,0.06793472028535784,0.16237794692977162,0.09575462596755616
1,0.19236129663763693,0.0,0.018986385167031224,0.09444457120995743,0.05238292274619372,0.15168773391172352,0.13098466445701348,0.21520206099814312
2,0.18528982647771686,0.018986385167031224,0.0,0.08301440272444033,0.05817081228129875,0.1280148218290559,0.12805264307266462,0.20429747064930467
4,0.11290127527230648,0.09444457120995743,0.08301440272444033,0.0,0.0494194483221979,0.11190430861183391,0.15220291172567715,0.17429609325841017
20,0.1726315489075485,0.05238292274619372,0.05817081228129875,0.0494194483221979,0.0,0.14518027212435022,0.15975995974071006,0.20548481189663495
22,0.06793472028535784,0.15168773391172352,0.1280148218290559,0.11190430861183391,0.14518027212435022,0.0,0.11317395795106415,0.06899677157345466
27,0.16237794692977162,0.13098466445701348,0.12805264307266462,0.15220291172567715,0.15975995974071006,0.11317395795106415,0.0,0.11272397275336264
28,0.09575462596755616,0.21520206099814312,0.20429747064930467,0.17429609325841017,0.20548481189663495,0.06899677157345466,0.11272397275336264,0.0
