,13,16,23,27,96,101,102,111
13,0.0,0.144906045004715,0.20478479311425404,0.2861829394020346,0.9586545131549828,0.9253423161375183,0.7609202158759261,1.016036056612512
16,0.144906045004715,0.0,0.14884397314035758,0.2714483356622959,1.036876024264039,1.0420553229674627,0.8758768890246443,1.0766495704204981
23,0.20478479311425404,0.14884397314035758,0.0,0.4675868548546495,1.148930895473119,1.0731514027407172,0.9439539298217777,1.2056599540716841
27,0.2861829394020346,0.2714483356622959,0.4675868548546495,0.0,0.7531489685646657,0.7722953063906601,0.6508750972272344,0.8361267391921793
96,0.9586545131549828,1.036876024264039,1.148930895473119,0.7531489685646657,0.0,0.15002539162064596,0.258880505400572,0.06615893133290933
101,0.9253423161375183,1.0420553229674627,1.0731514027407172,0.7722953063906601,0.15002539162064596,0.0,0.2099648599366529,0.16425732517504213
102,0.7609202158759261,0.8758768890246443,0.9439539298217777,0.6508750972272344,0.258880505400572,0.2099648599366529,0.0,0.23089393534146063
111,1.016036056612512,1.0766495704204981,1.2056599540716841,0.8361267391921793,0.06615893133290933,0.16425732517504213,0.23089393534146063,0.0
