,1,2,11,13,96,97,103,117
1,0.0,0.2705415642226432,0.47430014704864015,0.5050593348200406,0.8271239678024626,0.839917664189957,0.872521245822857,0.8999113374609667
2,0.2705415642226432,0.0,0.11818610817884177,0.5511703839632953,0.7841420952795025,0.9295230822586971,0.8074240226179109,1.0233303557814528
11,0.47430014704864015,0.11818610817884177,0.0,0.5328732650878083,0.873557045931781,0.910394053245796,0.8331891095180896,0.9969993639540959
13,0.5050593348200406,0.5511703839632953,0.5328732650878083,0.0,0.9401738728419646,0.8157347555272406,1.0448034228509735,0.7198455079684767
96,0.8271239678024626,0.7841420952795025,0.873557045931781,0.9401738728419646,0.0,0.2982306849382251,0.09653113585549378,0.5173604064048116
97,0.839917664189957,0.9295230822586971,0.910394053245796,0.8157347555272406,0.2982306849382251,0.0,0.34449466007795965,0.24518785549441144
103,0.872521245822857,0.8074240226179109,0.8331891095180896,1.0448034228509735,0.09653113585549378,0.34449466007795965,0.0,0.5252044058504843
117,0.8999113374609667,1.0233303557814528,0.9969993639540959,0.7198455079684767,0.5173604064048116,0.24518785549441144,0.5252044058504843,0.0
