,7,9,10,11,16,23,27,31
7,0.0,0.13047350592733933,0.0341472559330481,0.09708370910936605,0.09760071678936119,0.01927295285858598,0.15892135642584224,0.11940147902593318
9,0.13047350592733933,0.0,0.1164395256337991,0.05338483982366688,0.04302192341327851,0.13063586257704757,0.1411280278099446,0.07200471720320689
10,0.0341472559330481,0.1164395256337991,0.0,0.10142279669191756,0.08046133477859427,0.021762300078774548,0.13429829644941282,0.13078660276239232
11,0.09708370910936605,0.05338483982366688,0.10142279669191756,0.0,0.055588358726678846,0.10241507785380993,0.1540158678193198,0.03815162402897292
16,0.09760071678936119,0.04302192341327851,0.08046133477859427,0.055588358726678846,0.0,0.09374671531813916,0.11054580223010509,0.09702981573542996
23,0.01927295285858598,0.13063586257704757,0.021762300078774548,0.10241507785380993,0.09374671531813916,0.0,0.15712797844253748,0.1384562035285348
27,0.15892135642584224,0.1411280278099446,0.13429829644941282,0.1540158678193198,0.11054580223010509,0.15712797844253748,0.0,0.1954528866006444
31,0.11940147902593318,0.07200471720320689,0.13078660276239232,0.03815162402897292,0.09702981573542996,0.1384562035285348,0.1954528866006444,0.0
