,102,110,117,118,121,122,123,125
102,0.0,0.14768930453579654,0.2638872921846806,0.11801907582758997,0.42225650221303823,0.33484354294332186,0.13305936384751615,0.4409401590400609
110,0.14768930453579654,0.0,0.39032585312365947,0.043109496300890573,0.5520224424813799,0.20639841981865378,0.16088820084734984,0.3054656049712283
117,0.2638872921846806,0.39032585312365947,0.0,0.3492333113820902,0.16547517390086985,0.5321358874240302,0.2604125768961733,0.6449458704744182
118,0.11801907582758997,0.043109496300890573,0.3492333113820902,0.0,0.510721346558655,0.2168618087997007,0.11529805859432204,0.33717383410986457
121,0.42225650221303823,0.5520224424813799,0.16547517390086985,0.510721346558655,0.0,0.6880824005866327,0.4188759904316114,0.8069416292122852
122,0.33484354294332186,0.20639841981865378,0.5321358874240302,0.2168618087997007,0.6880824005866327,0.0,0.2739827822884437,0.12325217895172429
123,0.13305936384751615,0.16088820084734984,0.2604125768961733,0.11529805859432204,0.4188759904316114,0.2739827822884437,0.0,0.3925531294429178
125,0.4409401590400609,0.3054656049712283,0.6449458704744182,0.33717383410986457,0.8069416292122852,0.12325217895172429,0.3925531294429178,0.0
