,0,20,23,25,100,110,116,118
0,0.0,0.2692508369359589,0.2840323577996739,0.5716901407359525,0.8216982483832747,0.8646067380061494,0.7641316461189613,0.9169905426337687
20,0.2692508369359589,0.0,0.4313924763721607,0.11144589940593244,0.9646396625107901,0.79954730255809,1.0047819630435324,0.8272390553378599
23,0.2840323577996739,0.4313924763721607,0.0,0.7273201972232402,0.9177121334497845,0.9957717891727706,0.7674297915112496,1.0264824175914113
25,0.5716901407359525,0.11144589940593244,0.7273201972232402,0.0,1.007921314154429,0.7534945976800007,1.093402022002249,0.8278980137412559
100,0.8216982483832747,0.9646396625107901,0.9177121334497845,1.007921314154429,0.0,0.4574265000134079,0.2450962991695297,0.4204803606897671
110,0.8646067380061494,0.79954730255809,0.9957717891727706,0.7534945976800007,0.4574265000134079,0.0,0.6874939325931924,0.0422008300107175
116,0.7641316461189613,1.0047819630435324,0.7674297915112496,1.093402022002249,0.2450962991695297,0.6874939325931924,0.0,0.6453146131958358
118,0.9169905426337687,0.8272390553378599,1.0264824175914113,0.8278980137412559,0.4204803606897671,0.0422008300107175,0.6453146131958358,0.0
