,12,15,27,29,97,103,113,119
12,0.0,0.08612189883009037,0.38389513945122417,0.3868839741578719,0.9235715611387847,0.8001521521951008,0.9129414528086262,1.15865235457648
15,0.08612189883009037,0.0,0.5394498575780499,0.5681928208389482,0.9010498922830787,0.855364242044236,1.0111835251018348,1.2333177011743988
27,0.38389513945122417,0.5394498575780499,0.0,0.1289244543622512,0.6610720470974765,0.7888496627924945,0.8382429766135533,0.8447967524472544
29,0.3868839741578719,0.5681928208389482,0.1289244543622512,0.0,0.7481581691838033,0.9136569710583551,0.7773415420415548,0.7713732761190276
97,0.9235715611387847,0.9010498922830787,0.6610720470974765,0.7481581691838033,0.0,0.34155977513922053,0.13492161557319213,0.5405011818728531
103,0.8001521521951008,0.855364242044236,0.7888496627924945,0.9136569710583551,0.34155977513922053,0.0,0.23743226726201258,0.8486868525603529
113,0.9129414528086262,1.0111835251018348,0.8382429766135533,0.7773415420415548,0.13492161557319213,0.23743226726201258,0.0,0.6272205355075589
119,1.15865235457648,1.2333177011743988,0.8447967524472544,0.7713732761190276,0.5405011818728531,0.8486868525603529,0.6272205355075589,0.0
