,0,15,18,19,98,103,115,118
0,0.0,0.6031238231524803,0.15566186509159902,0.31148279923680994,0.7879845158480947,0.9935197708129739,0.8077365185082349,0.9147825523832105
15,0.6031238231524803,0.0,0.6841067580765513,0.4201732557573397,1.205027510605954,0.8267222791913604,1.2300366621813976,0.8706011560702255
18,0.15566186509159902,0.6841067580765513,0.0,0.2132120195989066,0.7410222857831325,1.1495523972290254,0.7889165738149593,0.9584695108408197
19,0.31148279923680994,0.4201732557573397,0.2132120195989066,0.0,0.760708871147621,0.8131299015463036,0.7995598125483562,0.7117832811167477
98,0.7879845158480947,1.205027510605954,0.7410222857831325,0.760708871147621,0.0,0.8416025448276923,0.04437157693273101,0.6047607124904304
103,0.9935197708129739,0.8267222791913604,1.1495523972290254,0.8131299015463036,0.8416025448276923,0.0,0.8101360762611195,0.2369636742019307
115,0.8077365185082349,1.2300366621813976,0.7889165738149593,0.7995598125483562,0.04437157693273101,0.8101360762611195,0.0,0.5798460592751352
118,0.9147825523832105,0.8706011560702255,0.9584695108408197,0.7117832811167477,0.6047607124904304,0.2369636742019307,0.5798460592751352,0.0
