,12,15,29,30,102,103,112,122
12,0.0,0.08508571921146758,0.37696161069088835,0.2019825262470051,0.8590332778467825,0.82115576202041,0.9073878932371754,0.9505945684357259
15,0.08508571921146758,0.0,0.5509813184730198,0.13739373079120956,0.8887317944835464,0.8416879022163434,0.9245042341418732,0.9502122975583748
29,0.37696161069088835,0.5509813184730198,0.0,0.3577521389361677,0.590298165578742,0.8874224708200504,0.6742380485891327,0.9372890070680082
30,0.2019825262470051,0.13739373079120956,0.3577521389361677,0.0,0.7950181115473637,0.8647262549511623,0.8318131213520241,0.990100889514301
102,0.8590332778467825,0.8887317944835464,0.590298165578742,0.7950181115473637,0.0,0.35497993823943946,0.12345966888045644,0.3342786432368747
103,0.82115576202041,0.8416879022163434,0.8874224708200504,0.8647262549511623,0.35497993823943946,0.0,0.3801037321124474,0.06426563528026866
112,0.9073878932371754,0.9245042341418732,0.6742380485891327,0.8318131213520241,0.12345966888045644,0.3801037321124474,0.0,0.3442833942900826
122,0.9505945684357259,0.9502122975583748,0.9372890070680082,0.990100889514301,0.3342786432368747,0.06426563528026866,0.3442833942900826,0.0
