,4,8,10,13,103,115,122,127
4,0.0,0.2445142141146007,0.20619695724820616,0.20145594956547985,0.9792851851349915,0.9005404196502103,0.9975886853690905,0.9459377963256451
8,0.2445142141146007,0.0,0.4281879988376412,0.32140756445831703,0.7619197339371659,0.9234651022095154,0.8479812229246526,0.8688161437571926
10,0.20619695724820616,0.4281879988376412,0.0,0.13808465774863282,1.0557173281827945,0.8605572842954168,1.1081071889815162,0.9660185484205123
13,0.20145594956547985,0.32140756445831703,0.13808465774863282,0.0,1.022282460700896,0.7388341092248747,1.082805440109518,0.8779784138712119
103,0.9792851851349915,0.7619197339371659,1.0557173281827945,1.022282460700896,0.0,0.8108988281890936,0.0603931974634989,0.49254003443461003
115,0.9005404196502103,0.9234651022095154,0.8605572842954168,0.7388341092248747,0.8108988281890936,0.0,0.76415325790446,0.3247940686461354
122,0.9975886853690905,0.8479812229246526,1.1081071889815162,1.082805440109518,0.0603931974634989,0.76415325790446,0.0,0.44790357813222026
127,0.9459377963256451,0.8688161437571926,0.9660185484205123,0.8779784138712119,0.49254003443461003,0.3247940686461354,0.44790357813222026,0.0
