,104,109,113,115,116,119,125,126
104,0.0,0.03757929762684002,0.32440541305421844,0.8658243259145564,0.9552245627366868,0.9380375854688091,0.11869691645489344,0.3288748645661476
109,0.03757929762684002,0.0,0.29991496450443345,0.8632505880586501,0.9267629151056515,0.9131712241747912,0.12089325314316249,0.30266489672123503
113,0.32440541305421844,0.29991496450443345,0.0,0.5887993466120118,0.6688566614931861,0.6303173929602522,0.30683167556843877,0.022207030656693032
115,0.8658243259145564,0.8632505880586501,0.5887993466120118,0.0,0.08330144897932398,0.10168399794158434,0.8852123134511602,0.5727636019729412
116,0.9552245627366868,0.9267629151056515,0.6688566614931861,0.08330144897932398,0.0,0.08302685293663467,0.9702706307374805,0.6471161110801256
119,0.9380375854688091,0.9131712241747912,0.6303173929602522,0.10168399794158434,0.08302685293663467,0.0,0.9329705399379296,0.6225264500470881
125,0.11869691645489344,0.12089325314316249,0.30683167556843877,0.8852123134511602,0.9702706307374805,0.9329705399379296,0.0,0.3150490204151635
126,0.3288748645661476,0.30266489672123503,0.022207030656693032,0.5727636019729412,0.6471161110801256,0.6225264500470881,0.3150490204151635,0.0
