,2,17,19,24,97,103,116,123
2,0.0,0.20057691527995244,0.41772390466494963,0.13840004750066154,0.8856088814602406,0.8107014467853388,1.1377764608506975,0.9026538809354467
17,0.20057691527995244,0.0,0.40264241696182307,0.0833444583059324,0.7249326950223935,0.6967421169457083,1.0581844695626599,0.7996032535201587
19,0.41772390466494963,0.40264241696182307,0.0,0.3609341821988433,0.6503278110874433,0.8161448965418775,0.7857780582491171,0.7297915946894927
24,0.13840004750066154,0.0833444583059324,0.3609341821988433,0.0,0.707556461724667,0.7250352380754098,1.1631938475034498,0.7997466755254425
97,0.8856088814602406,0.7249326950223935,0.6503278110874433,0.707556461724667,0.0,0.3410549308475558,0.5479552774098959,0.040519953362391004
103,0.8107014467853388,0.6967421169457083,0.8161448965418775,0.7250352380754098,0.3410549308475558,0.0,0.8881475802499234,0.31063705100283595
116,1.1377764608506975,1.0581844695626599,0.7857780582491171,1.1631938475034498,0.5479552774098959,0.8881475802499234,0.0,0.595399600730038
123,0.9026538809354467,0.7996032535201587,0.7297915946894927,0.7997466755254425,0.040519953362391004,0.31063705100283595,0.595399600730038,0.0
