,96,102,110,112,113,120,121,124
96,0.0,0.2689850749685464,0.125796459820087,0.3066198936287158,0.17055564266946163,0.4214657461812079,0.6525914436368633,0.7132348234032972
102,0.2689850749685464,0.0,0.14542559589744136,0.12277292290540738,0.19778325210341383,0.2210140786154825,0.4183795423281971,0.4738982544802006
110,0.125796459820087,0.14542559589744136,0.0,0.2098387478260693,0.14075246663435914,0.32691304343230726,0.5487724684750885,0.6006108468893985
112,0.3066198936287158,0.12277292290540738,0.2098387478260693,0.0,0.16385796744091577,0.12558941419215583,0.35293445759105185,0.4114333691387341
113,0.17055564266946163,0.19778325210341383,0.14075246663435914,0.16385796744091577,0.0,0.2703703330129921,0.5060002038230116,0.5674060276723752
120,0.4214657461812079,0.2210140786154825,0.32691304343230726,0.12558941419215583,0.2703703330129921,0.0,0.24301083500852724,0.30356673394363515
121,0.6525914436368633,0.4183795423281971,0.5487724684750885,0.35293445759105185,0.5060002038230116,0.24301083500852724,0.0,0.06267487041379739
124,0.7132348234032972,0.4738982544802006,0.6006108468893985,0.4114333691387341,0.5674060276723752,0.30356673394363515,0.06267487041379739,0.0
