,97,101,103,105,117,121,124,126
97,0.0,0.1453834406571472,0.3394894623311794,0.13112333289684625,0.22848020029493435,0.3929658762393651,0.4495098546384305,0.10913762397198343
101,0.1453834406571472,0.0,0.2051983630761517,0.2375912764875037,0.36630466804837053,0.5335554349572221,0.5918270443608985,0.05498268028807738
103,0.3394894623311794,0.2051983630761517,0.0,0.40228114879652227,0.565957777455452,0.731683223988049,0.788734474398626,0.23987253745998394
105,0.13112333289684625,0.2375912764875037,0.40228114879652227,0.0,0.20766242418695416,0.3591038787060445,0.4189978468915064,0.18515714559907623
117,0.22848020029493435,0.36630466804837053,0.565957777455452,0.20766242418695416,0.0,0.16267804384756288,0.22550439152898988,0.32767030867901725
121,0.3929658762393651,0.5335554349572221,0.731683223988049,0.3591038787060445,0.16267804384756288,0.0,0.06210790355820422,0.49301850318999196
124,0.4495098546384305,0.5918270443608985,0.788734474398626,0.4189978468915064,0.22550439152898988,0.06210790355820422,0.0,0.5557484047134931
126,0.10913762397198343,0.05498268028807738,0.23987253745998394,0.18515714559907623,0.32767030867901725,0.49301850318999196,0.5557484047134931,0.0
