,6,7,8,12,16,18,27,28
6,0.0,0.06240814183003289,0.12059087306580278,0.07953532760084267,0.05202190233724411,0.12452852387701693,0.14870503478737385,0.18545624792086718
7,0.06240814183003289,0.0,0.13690806461643115,0.152272273897525,0.09647879134569935,0.1881371234790882,0.15755222924226078,0.22942098998373958
8,0.12059087306580278,0.13690806461643115,0.0,0.15077410708836758,0.0853306189066031,0.1520870882275559,0.03184096229489831,0.14063895215025005
12,0.07953532760084267,0.152272273897525,0.15077410708836758,0.0,0.0721084305872406,0.07206603041965022,0.17606080857000722,0.15589060999770027
16,0.05202190233724411,0.09647879134569935,0.0853306189066031,0.0721084305872406,0.0,0.09389134807217853,0.10963237573400793,0.1435108868113865
18,0.12452852387701693,0.1881371234790882,0.1520870882275559,0.07206603041965022,0.09389134807217853,0.0,0.1555038082578418,0.08824604752854462
27,0.14870503478737385,0.15755222924226078,0.03184096229489831,0.17606080857000722,0.10963237573400793,0.1555038082578418,0.0,0.11376395784791286
28,0.18545624792086718,0.22942098998373958,0.14063895215025005,0.15589060999770027,0.1435108868113865,0.08824604752854462,0.11376395784791286,0.0
