,7,8,10,15,16,21,24,27
7,0.0,0.13724134688700623,0.03379746787290079,0.13377672637166538,0.09680440861112943,0.17634231568457695,0.13858721825377673,0.15794348608057696
8,0.13724134688700623,0.0,0.10025041089759741,0.15712275254844763,0.08566914818609314,0.17543808364099153,0.02058366194177134,0.0320062615805485
10,0.03379746787290079,0.10025041089759741,0.0,0.13376326741908534,0.08002805735838175,0.18190812003604961,0.10297469119428476,0.1335811944607848
15,0.13377672637166538,0.15712275254844763,0.13376326741908534,0.0,0.08787449593931022,0.04793554113137122,0.17828325286359098,0.18614914703464
16,0.09680440861112943,0.08566914818609314,0.08002805735838175,0.08787449593931022,0.0,0.12012268127522774,0.09723745443795344,0.10990408068515406
21,0.17634231568457695,0.17543808364099153,0.18190812003604961,0.04793554113137122,0.12012268127522774,0.0,0.20443029266740126,0.19448281488357325
24,0.13858721825377673,0.02058366194177134,0.10297469119428476,0.17828325286359098,0.09723745443795344,0.20443029266740126,0.0,0.041805786093499796
27,0.15794348608057696,0.0320062615805485,0.1335811944607848,0.18614914703464,0.10990408068515406,0.19448281488357325,0.041805786093499796,0.0
