,4,6,12,24,97,103,123,124
4,0.0,0.2726985220980935,0.2025590329565414,0.5174096247306783,0.8512434512885243,0.9520517715577926,0.9320129933018444,0.7742390261213312
6,0.2726985220980935,0.0,0.576381016736596,0.6517575869575545,0.98380090740618,1.2213730410402024,1.0764955654795907,0.8266200860723951
12,0.2025590329565414,0.576381016736596,0.0,0.25651398339801446,0.9212629373434318,0.8032327734249618,0.944629550943606,1.1141648636313823
24,0.5174096247306783,0.6517575869575545,0.25651398339801446,0.0,0.707670972453843,0.7236897428525346,0.803371004496655,1.0175770647909335
97,0.8512434512885243,0.98380090740618,0.9212629373434318,0.707670972453843,0.0,0.34116342075116807,0.041192448350982076,0.4597950466160337
103,0.9520517715577926,1.2213730410402024,0.8032327734249618,0.7236897428525346,0.34116342075116807,0.0,0.31166903294766823,0.8127228258151358
123,0.9320129933018444,1.0764955654795907,0.944629550943606,0.803371004496655,0.041192448350982076,0.31166903294766823,0.0,0.49094837262881474
124,0.7742390261213312,0.8266200860723951,1.1141648636313823,1.0175770647909335,0.4597950466160337,0.8127228258151358,0.49094837262881474,0.0
