,99,101,102,105,108,113,122,123
99,0.0,0.1882711093484663,0.34944682314341,0.3973886160912688,0.8990506304989196,0.21222339189500455,0.0352638376184364,0.29422528384421387
101,0.1882711093484663,0.0,0.2159218329227019,0.23785689715233208,0.7330130620282928,0.03606116145776659,0.16122059614003306,0.11800137839013375
102,0.34944682314341,0.2159218329227019,0.0,0.06832325697492049,0.5740418386517118,0.19852511810410048,0.3338155986768562,0.13263661894278345
105,0.3973886160912688,0.23785689715233208,0.06832325697492049,0.0,0.5274102094932706,0.20693905017527325,0.3708601924537824,0.1284147835671961
108,0.8990506304989196,0.7330130620282928,0.5740418386517118,0.5274102094932706,0.0,0.6994960634783693,0.8734918070920408,0.614214378817902
113,0.21222339189500455,0.03606116145776659,0.19852511810410048,0.20693905017527325,0.6994960634783693,0.0,0.18040131490991002,0.09350280424933285
122,0.0352638376184364,0.16122059614003306,0.3338155986768562,0.3708601924537824,0.8734918070920408,0.18040131490991002,0.0,0.27186696504051244
123,0.29422528384421387,0.11800137839013375,0.13263661894278345,0.1284147835671961,0.614214378817902,0.09350280424933285,0.27186696504051244,0.0
