,0,8,11,17,18,20,23,25
0,0.0,0.16178477435358896,0.12364118113659464,0.21188725757300686,0.011112090523504271,0.17293278345568083,0.19627792143571937,0.18564851118299194
8,0.16178477435358896,0.0,0.13527166876094412,0.037677237013785767,0.15688903889084985,0.12385213112426077,0.12966332230688588,0.0949723834352017
11,0.12364118113659464,0.13527166876094412,0.0,0.16815907020701765,0.114309984104617,0.05502959079692707,0.1052810331779169,0.08411020107991692
17,0.21188725757300686,0.037677237013785767,0.16815907020701765,0.0,0.19246456084838673,0.16164055824807808,0.14785013424733698,0.11482005290783699
18,0.011112090523504271,0.15688903889084985,0.114309984104617,0.19246456084838673,0.0,0.16374258527107713,0.18015309716022399,0.17698827170627918
20,0.17293278345568083,0.12385213112426077,0.05502959079692707,0.16164055824807808,0.16374258527107713,0.0,0.05505327763203103,0.056347005175361786
23,0.19627792143571937,0.12966332230688588,0.1052810331779169,0.14785013424733698,0.18015309716022399,0.05505327763203103,0.0,0.031277989159348644
25,0.18564851118299194,0.0949723834352017,0.08411020107991692,0.11482005290783699,0.17698827170627918,0.056347005175361786,0.031277989159348644,0.0
