,3,4,14,31,108,112,117,120
3,0.0,0.2367274105293207,0.3502967894350388,0.42862342111137336,0.8441507587584982,0.9363696327091727,0.8989129209314282,1.0254412727497448
4,0.2367274105293207,0.0,0.4164774179181698,0.2939557204419592,0.9911219553342382,0.8016091085207431,0.8244422031150157,0.9006166433522814
14,0.3502967894350388,0.4164774179181698,0.0,0.5120981441165138,0.8845581321180369,0.8264913032885576,0.7981848863748694,0.8516026510667742
31,0.42862342111137336,0.2939557204419592,0.5120981441165138,0.0,1.2310697868920826,0.8459292126952456,0.9683278691781565,1.0441907218138886
108,0.8441507587584982,0.9911219553342382,0.8845581321180369,1.2310697868920826,0.0,0.5611929227568125,0.37588931636103523,0.453862856143476
112,0.9363696327091727,0.8016091085207431,0.8264913032885576,0.8459292126952456,0.5611929227568125,0.0,0.19642751600070904,0.13479143091795098
117,0.8989129209314282,0.8244422031150157,0.7981848863748694,0.9683278691781565,0.37588931636103523,0.19642751600070904,0.0,0.09149530941318512
120,1.0254412727497448,0.9006166433522814,0.8516026510667742,1.0441907218138886,0.453862856143476,0.13479143091795098,0.09149530941318512,0.0
