,7,9,15,18,105,114,115,116
7,0.0,0.2923931491607347,0.22370037612397872,0.3581431303676662,1.0206446517516987,0.8413708718802059,0.899006207481466,0.8407696174438459
9,0.2923931491607347,0.0,0.33746182827531496,0.1279710925462319,0.9909753408577906,0.7817530224743282,0.806880451550695,0.75286860802441
15,0.22370037612397872,0.33746182827531496,0.0,0.6855058228706156,1.060284601434746,1.072384546918257,1.2302808466860558,1.234596875456741
18,0.3581431303676662,0.1279710925462319,0.6855058228706156,0.0,0.9843418405383576,0.7266983668455917,0.7891005731167322,0.6959581988008401
105,1.0206446517516987,0.9909753408577906,1.060284601434746,0.9843418405383576,0.0,0.2882172200586664,0.40799245086439434,0.4906958410804991
114,0.8413708718802059,0.7817530224743282,1.072384546918257,0.7266983668455917,0.2882172200586664,0.0,0.1401100263015328,0.21565481811725387
115,0.899006207481466,0.806880451550695,1.2302808466860558,0.7891005731167322,0.40799245086439434,0.1401100263015328,0.0,0.08221316851664677
116,0.8407696174438459,0.75286860802441,1.234596875456741,0.6959581988008401,0.4906958410804991,0.21565481811725387,0.08221316851664677,0.0
