,20,24,27,31,109,110,117,123
20,0.0,0.2603208902512581,0.2632152666457331,0.3239460815074915,0.9548115542008708,0.8008900253541882,0.9026138797642197,0.9190068080015188
24,0.2603208902512581,0.0,0.40582981793918604,0.28858835525333815,0.8462621975209041,0.6844104431132343,0.87954310811354,0.7995341970639369
27,0.2632152666457331,0.40582981793918604,0.0,0.44386568693627754,0.9678486494536538,0.7140708034096386,0.7089483786721812,0.7252186893334152
31,0.3239460815074915,0.28858835525333815,0.44386568693627754,0.0,1.0028174199311823,0.8128250934277419,0.977421806958167,0.9618140794541133
109,0.9548115542008708,0.8462621975209041,0.9678486494536538,1.0028174199311823,0.0,0.24132646555094225,0.6087478582564165,0.361378491066771
110,0.8008900253541882,0.6844104431132343,0.7140708034096386,0.8128250934277419,0.24132646555094225,0.0,0.3968149243040265,0.16538686364909952
117,0.9026138797642197,0.87954310811354,0.7089483786721812,0.977421806958167,0.6087478582564165,0.3968149243040265,0.0,0.2640145382641845
123,0.9190068080015188,0.7995341970639369,0.7252186893334152,0.9618140794541133,0.361378491066771,0.16538686364909952,0.2640145382641845,0.0
