,1,13,14,20,22,24,27,31
1,0.0,0.1482467720382304,0.1901386237871038,0.05163448127023556,0.14711974437673112,0.09818911558144978,0.12867988930728522,0.12710345526046357
13,0.1482467720382304,0.0,0.07062782994114301,0.1308147319112292,0.022064599560372405,0.10802345655166774,0.08560730284207219,0.14382541629583115
14,0.1901386237871038,0.07062782994114301,0.0,0.16918875182824314,0.057854546545185896,0.17923710185903705,0.17426565656604148,0.11651414427012399
20,0.05163448127023556,0.1308147319112292,0.16918875182824314,0.0,0.14221659764916966,0.1334257381906003,0.15812258849240393,0.07791755517142392
22,0.14711974437673112,0.022064599560372405,0.057854546545185896,0.14221659764916966,0.0,0.12657324725115734,0.11071851723473904,0.12222589291013272
24,0.09818911558144978,0.10802345655166774,0.17923710185903705,0.1334257381906003,0.12657324725115734,0.0,0.04136470526927582,0.17551449856958012
27,0.12867988930728522,0.08560730284207219,0.17426565656604148,0.15812258849240393,0.11071851723473904,0.04136470526927582,0.0,0.19368656653555053
31,0.12710345526046357,0.14382541629583115,0.11651414427012399,0.07791755517142392,0.12222589291013272,0.17551449856958012,0.19368656653555053,0.0
