,2,3,17,19,21,24,27,28
2,0.0,0.12546350777786405,0.11060332636136781,0.1666068704459488,0.15792128903851393,0.09169219761291716,0.12691123207785404,0.20254017509113295
3,0.12546350777786405,0.0,0.19925370917023238,0.17410971300241845,0.05501504255511193,0.17489464413782765,0.1830318526232171,0.17555538679280477
17,0.11060332636136781,0.19925370917023238,0.0,0.09568321853170299,0.2061105745639089,0.025211796298843275,0.03508645706499853,0.17146681886071602
19,0.1666068704459488,0.17410971300241845,0.09568321853170299,0.0,0.1769650014295118,0.10024952654375881,0.05462327379619018,0.072381473651788
21,0.15792128903851393,0.05501504255511193,0.2061105745639089,0.1769650014295118,0.0,0.2039605897683752,0.195694514958657,0.16679508102552063
24,0.09169219761291716,0.17489464413782765,0.025211796298843275,0.10024952654375881,0.2039605897683752,0.0,0.04242195456631007,0.16325728640937667
27,0.12691123207785404,0.1830318526232171,0.03508645706499853,0.05462327379619018,0.195694514958657,0.04242195456631007,0.0,0.11311887253632931
28,0.20254017509113295,0.17555538679280477,0.17146681886071602,0.072381473651788,0.16679508102552063,0.16325728640937667,0.11311887253632931,0.0
