,1,4,7,12,14,18,19,30
1,0.0,0.09301865846398381,0.03983001450285868,0.14617454698244609,0.19100916014641658,0.19608895539274407,0.16939890068565183,0.15750357339982807
4,0.09301865846398381,0.0,0.08265872954775119,0.05827169957564017,0.10563167370138132,0.10787834854401701,0.14856137353564752,0.07257707043790124
7,0.03983001450285868,0.08265872954775119,0.0,0.15258113900001716,0.19120330525070436,0.1886728750392897,0.20281706210360054,0.14954339550986648
12,0.14617454698244609,0.05827169957564017,0.15258113900001716,0.0,0.07067157433129358,0.07260758331212218,0.15928917991830185,0.019642748630387105
14,0.19100916014641658,0.10563167370138132,0.19120330525070436,0.07067157433129358,0.0,0.00405549195926443,0.1282197518231744,0.07046589011272657
18,0.19608895539274407,0.10787834854401701,0.1886728750392897,0.07260758331212218,0.00405549195926443,0.0,0.12910950676236244,0.07355264673058
19,0.16939890068565183,0.14856137353564752,0.20281706210360054,0.15928917991830185,0.1282197518231744,0.12910950676236244,0.0,0.17064500407528232
30,0.15750357339982807,0.07257707043790124,0.14954339550986648,0.019642748630387105,0.07046589011272657,0.07355264673058,0.17064500407528232,0.0
