,97,99,103,108,109,113,118,121
97,0.0,0.3225785995237216,0.33971702210666144,0.5850658414727504,0.40288418705602297,0.1274707521342924,0.13636736905744276,0.39302476504631895
99,0.3225785995237216,0.0,0.034616939292274676,0.8978261847380415,0.150588625112111,0.2115050814217124,0.23234021756857737,0.711177871012292
103,0.33971702210666144,0.034616939292274676,0.0,0.9159554883761392,0.11692745133552061,0.22918030737867912,0.2395511731619898,0.7299229951526777
108,0.5850658414727504,0.8978261847380415,0.9159554883761392,0.0,0.9528752810683172,0.6978452537913553,0.6808228642863944,0.22180275510492073
109,0.40288418705602297,0.150588625112111,0.11692745133552061,0.9528752810683172,0.0,0.29714527547869096,0.2769688943642026,0.7876948733244796
113,0.1274707521342924,0.2115050814217124,0.22918030737867912,0.6978452537913553,0.29714527547869096,0.0,0.11251445825819506,0.5063573936302748
118,0.13636736905744276,0.23234021756857737,0.2395511731619898,0.6808228642863944,0.2769688943642026,0.11251445825819506,0.0,0.5098914593574798
121,0.39302476504631895,0.711177871012292,0.7299229951526777,0.22180275510492073,0.7876948733244796,0.5063573936302748,0.5098914593574798,0.0
