,105,113,117,118,120,122,124,126
105,0.0,0.20511472162275243,0.20705685377225275,0.16885476271623429,0.14897377079008328,0.3633756922316787,0.41966143730330446,0.18491922512498238
113,0.20511472162275243,0.0,0.3432172235537946,0.11175489335945955,0.2680627560366281,0.17941010622578654,0.5662302089967216,0.021368373687919193
117,0.20705685377225275,0.3432172235537946,0.0,0.34206683471173466,0.08356113321440255,0.5199155654165447,0.224860756863304,0.3263652189470641
118,0.16885476271623429,0.11175489335945955,0.34206683471173466,0.0,0.2832174860663128,0.21723240245942055,0.5675292474363389,0.09725535352768627
120,0.14897377079008328,0.2680627560366281,0.08356113321440255,0.2832174860663128,0.0,0.4485600339910573,0.3012945691545477,0.25286398091090745
122,0.3633756922316787,0.17941010622578654,0.5199155654165447,0.21723240245942055,0.4485600339910573,0.0,0.746168284356333,0.19487936633108907
124,0.41966143730330446,0.5662302089967216,0.224860756863304,0.5675292474363389,0.3012945691545477,0.746168284356333,0.0,0.554593603421414
126,0.18491922512498238,0.021368373687919193,0.3263652189470641,0.09725535352768627,0.25286398091090745,0.19487936633108907,0.554593603421414,0.0
