,3,17,23,28,99,100,102,109
3,0.0,0.6681576010506015,0.031681879278274754,0.32230150108503114,1.124881122037609,0.9125904243746505,0.9801006607704664,1.3141229144834232
17,0.6681576010506015,0.0,0.9062400806766208,0.27827173971864466,0.6853761884721247,0.9261657558887012,0.6419792626872096,0.77300559032727
23,0.031681879278274754,0.9062400806766208,0.0,0.5765918231151296,1.202565812349951,0.9023350506454209,0.9522591253247444,1.2791049579096048
28,0.32230150108503114,0.27827173971864466,0.5765918231151296,0.0,0.753242370449007,0.7463137320926659,0.6327891566887192,0.9685081933702608
99,1.124881122037609,0.6853761884721247,1.202565812349951,0.753242370449007,0.0,0.6645863672531208,0.34911147619963123,0.15899785540120118
100,0.9125904243746505,0.9261657558887012,0.9023350506454209,0.7463137320926659,0.6645863672531208,0.0,0.35426981009354636,0.712507344853092
102,0.9801006607704664,0.6419792626872096,0.9522591253247444,0.6327891566887192,0.34911147619963123,0.35426981009354636,0.0,0.4002655320746391
109,1.3141229144834232,0.77300559032727,1.2791049579096048,0.9685081933702608,0.15899785540120118,0.712507344853092,0.4002655320746391,0.0
