,6,8,24,30,105,108,122,123
6,0.0,0.8531079831481817,0.6292531310108288,0.5731283265310309,1.090663157388336,0.8770121067872421,1.2692680483000052,1.045950132149801
8,0.8531079831481817,0.0,0.1473540109190929,0.16543146646390391,0.9001771574404974,1.002789151636911,0.849151115744138,0.7803064582351129
24,0.6292531310108288,0.1473540109190929,0.0,0.26198506939135613,0.901160487999455,1.0817442091095069,0.8627116754629232,0.7896589472780671
30,0.5731283265310309,0.16543146646390391,0.26198506939135613,0.0,0.970056008648431,1.111723775364878,0.9856318559184911,0.9099338640728225
105,1.090663157388336,0.9001771574404974,0.901160487999455,0.970056008648431,0.0,0.5222768170067903,0.36539922004871983,0.1274856447880378
108,0.8770121067872421,1.002789151636911,1.0817442091095069,1.111723775364878,0.5222768170067903,0.0,0.8758013758224381,0.610727616060912
122,1.2692680483000052,0.849151115744138,0.8627116754629232,0.9856318559184911,0.36539922004871983,0.8758013758224381,0.0,0.2675318613059824
123,1.045950132149801,0.7803064582351129,0.7896589472780671,0.9099338640728225,0.1274856447880378,0.610727616060912,0.2675318613059824,0.0
