,2,6,8,10,12,17,21,31
2,0.0,0.0681969833139832,0.08681772664090798,0.014310935963754564,0.1174009620214893,0.11088362366531088,0.15812089203017524,0.12439475364635978
6,0.0681969833139832,0.0,0.12380017160411078,0.06534501824051261,0.08168398192292416,0.17195606241175823,0.11707395660002903,0.0679678672256528
8,0.08681772664090798,0.12380017160411078,0.0,0.1018706489216803,0.15267728042389245,0.03709858024159106,0.17716577917620085,0.16859730726845717
10,0.014310935963754564,0.06534501824051261,0.1018706489216803,0.0,0.1444999471517928,0.12555139252967024,0.18357160041871318,0.131667578136353
12,0.1174009620214893,0.08168398192292416,0.15267728042389245,0.1444999471517928,0.0,0.1851940544166283,0.03659343734830022,0.04357753472366419
17,0.11088362366531088,0.17195606241175823,0.03709858024159106,0.12555139252967024,0.1851940544166283,0.0,0.2063839774184916,0.19883043153526575
21,0.15812089203017524,0.11707395660002903,0.17716577917620085,0.18357160041871318,0.03659343734830022,0.2063839774184916,0.0,0.05731530413817398
31,0.12439475364635978,0.0679678672256528,0.16859730726845717,0.131667578136353,0.04357753472366419,0.19883043153526575,0.05731530413817398,0.0
