,3,4,13,14,18,22,24,29
3,0.0,0.039833138880282164,0.10966921091961787,0.08673575608662334,0.08396077545259979,0.10958734852811251,0.17491453527809805,0.15763802857105755
4,0.039833138880282164,0.0,0.11346750583493907,0.10644512805623342,0.10883033968470593,0.110494103511181,0.13807178586698385,0.1349961046310203
13,0.10966921091961787,0.11346750583493907,0.0,0.07101116197697324,0.07044759687665338,0.02260295206450244,0.10981596854473846,0.04423473731780012
14,0.08673575608662334,0.10644512805623342,0.07101116197697324,0.0,0.004135063310377918,0.059174656717260236,0.18148975343547194,0.11530894483114329
18,0.08396077545259979,0.10883033968470593,0.07044759687665338,0.004135063310377918,0.0,0.054373242291549224,0.17767340149957317,0.11335223850013673
22,0.10958734852811251,0.110494103511181,0.02260295206450244,0.059174656717260236,0.054373242291549224,0.0,0.12686884770508683,0.06442979127818396
24,0.17491453527809805,0.13807178586698385,0.10981596854473846,0.18148975343547194,0.17767340149957317,0.12686884770508683,0.0,0.09196095788010558
29,0.15763802857105755,0.1349961046310203,0.04423473731780012,0.11530894483114329,0.11335223850013673,0.06442979127818396,0.09196095788010558,0.0
