,2,6,7,8,11,16,18,26
2,0.0,0.06813694742869565,0.052714880340366414,0.08690771021811747,0.07936636005346719,0.07843303672116818,0.17320237211468587,0.08277034859589412
6,0.06813694742869565,0.0,0.06383355491120256,0.12389259198113199,0.03170463873777741,0.05298032081887949,0.12573115373712096,0.12525736851207336
7,0.052714880340366414,0.06383355491120256,0.0,0.13864462369012256,0.09775113237015477,0.0982019685726787,0.18996985753343562,0.1306433066871356
8,0.08690771021811747,0.12389259198113199,0.13864462369012256,0.0,0.13399145522435185,0.08706757000445475,0.1550144299284321,0.028749148514657687
11,0.07936636005346719,0.03170463873777741,0.09775113237015477,0.13399145522435185,0.0,0.05617977000674525,0.11243376916326046,0.14956988872180377
16,0.07843303672116818,0.05298032081887949,0.0982019685726787,0.08706757000445475,0.05617977000674525,0.0,0.0939547202494435,0.08833473146267785
18,0.17320237211468587,0.12573115373712096,0.18996985753343562,0.1550144299284321,0.11243376916326046,0.0939547202494435,0.0,0.15546759020415235
26,0.08277034859589412,0.12525736851207336,0.1306433066871356,0.028749148514657687,0.14956988872180377,0.08833473146267785,0.15546759020415235,0.0
