,9,12,24,30,99,103,118,119
9,0.0,0.719500282196301,0.7883413620365168,0.4698135180507463,1.1091727964783946,1.0717273404404104,0.9626280309703407,0.7574774891373681
12,0.719500282196301,0.0,0.2556455496583084,0.20972551170149334,0.7598834187650544,0.8033816828430883,0.805871977705566,1.1617450235299018
24,0.7883413620365168,0.2556455496583084,0.0,0.2646420989179021,0.7095469214970305,0.724004504646631,0.6573194009863575,0.9759692118518917
30,0.4698135180507463,0.20972551170149334,0.2646420989179021,0.0,0.8020610400129256,0.8688356929949311,0.8368473317657257,1.0668809336978269
99,1.1091727964783946,0.7598834187650544,0.7095469214970305,0.8020610400129256,0.0,0.036301887427204575,0.2385324141224447,0.8333217174519273
103,1.0717273404404104,0.8033816828430883,0.724004504646631,0.8688356929949311,0.036301887427204575,0.0,0.24240780944199666,0.8500199711661425
118,0.9626280309703407,0.805871977705566,0.6573194009863575,0.8368473317657257,0.2385324141224447,0.24240780944199666,0.0,0.6173879256915829
119,0.7574774891373681,1.1617450235299018,0.9759692118518917,1.0668809336978269,0.8333217174519273,0.8500199711661425,0.6173879256915829,0.0
