,1,14,19,26,99,103,117,125
1,0.0,0.441983739378563,0.37702749456730117,0.3579858802474613,0.8331891095180896,0.8860108355351616,0.859932708451575,0.9903347330167033
14,0.441983739378563,0.0,0.2109393202378561,0.1932487590857481,0.983967984397955,1.0291603411945016,0.7796860770201051,1.161909112090996
19,0.37702749456730117,0.2109393202378561,0.0,0.35925819375267193,0.7732201900979712,0.814867613269373,0.6641789198670145,0.982987626187525
26,0.3579858802474613,0.1932487590857481,0.35925819375267193,0.0,1.0468768107558373,1.1114746841398042,0.7627343959553868,1.2775402959628628
99,0.8331891095180896,0.983967984397955,0.7732201900979712,1.0468768107558373,0.0,0.03489729484328156,0.5534930937468084,0.10624112840638485
103,0.8860108355351616,1.0291603411945016,0.814867613269373,1.1114746841398042,0.03489729484328156,0.0,0.5621328764148672,0.09280763650123135
117,0.859932708451575,0.7796860770201051,0.6641789198670145,0.7627343959553868,0.5534930937468084,0.5621328764148672,0.0,0.6442528496634985
125,0.9903347330167033,1.161909112090996,0.982987626187525,1.2775402959628628,0.10624112840638485,0.09280763650123135,0.6442528496634985,0.0
