,96,102,108,114,117,121,122,124
96,0.0,0.27459648840251044,0.8365665794786667,0.5905490844667777,0.49408116422717246,0.6515666198323525,0.09771739156120988,0.7156711352318524
102,0.27459648840251044,0.0,0.5752726239261239,0.3398971618989544,0.2653433242916082,0.424529419174777,0.33504618027252037,0.47799816221011016
108,0.8365665794786667,0.5752726239261239,0.0,0.25808123929997295,0.36569148696062576,0.22498626838264876,0.8711394151675182,0.17183735408836084
114,0.5905490844667777,0.3398971618989544,0.25808123929997295,0.0,0.12223268293395516,0.0990222848568751,0.6448899209058732,0.14173520470669612
117,0.49408116422717246,0.2653433242916082,0.36569148696062576,0.12223268293395516,0.0,0.1659203602808055,0.5347242423405183,0.2282053541293782
121,0.6515666198323525,0.424529419174777,0.22498626838264876,0.0990222848568751,0.1659203602808055,0.0,0.6884776529178604,0.06393139735334577
122,0.09771739156120988,0.33504618027252037,0.8711394151675182,0.6448899209058732,0.5347242423405183,0.6884776529178604,0.0,0.7491147800159416
124,0.7156711352318524,0.47799816221011016,0.17183735408836084,0.14173520470669612,0.2282053541293782,0.06393139735334577,0.7491147800159416,0.0
