,0,9,19,29,100,106,108,114
0,0.0,0.16805259887481816,0.3093216946054924,0.29804743582860616,0.8143881752269927,0.8210088431832302,0.8637921541664614,0.7243334778130814
9,0.16805259887481816,0.0,0.3333801395222558,0.3225070054409183,0.8521818104702112,0.8344934822714487,0.8420034460145334,0.778374623528552
19,0.3093216946054924,0.3333801395222558,0.0,0.05511606749919859,0.7376920759923238,0.8042155106678851,0.8176957806492126,0.6609908425754571
29,0.29804743582860616,0.3225070054409183,0.05511606749919859,0.0,0.7404281282698071,0.7764024268273463,0.8064295056460085,0.6721881412865608
100,0.8143881752269927,0.8521818104702112,0.7376920759923238,0.7404281282698071,0.0,0.1322923753671181,0.27046484981124386,0.04425263815118302
106,0.8210088431832302,0.8344934822714487,0.8042155106678851,0.7764024268273463,0.1322923753671181,0.0,0.1399594681560579,0.11886173416061326
108,0.8637921541664614,0.8420034460145334,0.8176957806492126,0.8064295056460085,0.27046484981124386,0.1399594681560579,0.0,0.23057162605193937
114,0.7243334778130814,0.778374623528552,0.6609908425754571,0.6721881412865608,0.04425263815118302,0.11886173416061326,0.23057162605193937,0.0
