,9,10,18,29,98,101,113,117
9,0.0,0.18081661203207813,0.12884578912925276,0.32799854920935034,0.7754934043433616,1.016071152009963,1.0307394245886567,0.8287198443299321
10,0.18081661203207813,0.0,0.24622799482387797,0.40907231865164756,0.8391262159674492,0.9844932829303388,1.0010022772091784,0.8252995621164195
18,0.12884578912925276,0.24622799482387797,0.0,0.3284448325533113,0.7448975577799132,1.0448939631461893,1.058219065509296,0.7778744170185949
29,0.32799854920935034,0.40907231865164756,0.3284448325533113,0.0,0.7697384902392786,0.7487696201879527,0.8068802110816173,0.6801580389598704
98,0.7754934043433616,0.8391262159674492,0.7448975577799132,0.7697384902392786,0.0,0.6733393875112493,0.6261041223079654,0.2896043570624235
101,1.016071152009963,0.9844932829303388,1.0448939631461893,0.7487696201879527,0.6733393875112493,0.0,0.03476741808860273,0.36137586321626164
113,1.0307394245886567,1.0010022772091784,1.058219065509296,0.8068802110816173,0.6261041223079654,0.03476741808860273,0.0,0.3392823985205878
117,0.8287198443299321,0.8252995621164195,0.7778744170185949,0.6801580389598704,0.2896043570624235,0.36137586321626164,0.3392823985205878,0.0
