,7,18,21,23,25,27,28,29
7,0.0,0.1893868451003903,0.17770214551861974,0.019310134901768798,0.0442239285957678,0.15903870656430633,0.23072832358220002,0.17815733070517545
18,0.1893868451003903,0.0,0.07385946900956439,0.17929003505794744,0.17369006605319667,0.1571807528532466,0.08923184845247156,0.11341573866183585
21,0.17770214551861974,0.07385946900956439,0.0,0.19066566414469088,0.14220545960984754,0.19593588145153432,0.1667313068785253,0.1713333947406606
23,0.019310134901768798,0.17929003505794744,0.19066566414469088,0.0,0.03003293996888379,0.1572613068583375,0.23211791617309252,0.18070462528706313
25,0.0442239285957678,0.17369006605319667,0.14220545960984754,0.03003293996888379,0.0,0.12718596904447452,0.20479599864342943,0.15191159862575737
27,0.15903870656430633,0.1571807528532466,0.19593588145153432,0.1572613068583375,0.12718596904447452,0.0,0.1132870992746146,0.051109157046055204
28,0.23072832358220002,0.08923184845247156,0.1667313068785253,0.23211791617309252,0.20479599864342943,0.1132870992746146,0.0,0.07336739877313748
29,0.17815733070517545,0.11341573866183585,0.1713333947406606,0.18070462528706313,0.15191159862575737,0.051109157046055204,0.07336739877313748,0.0
