,10,14,20,28,106,113,119,123
10,0.0,0.18635379119230155,0.3094605195580372,0.48110618221300944,0.8866142937033421,0.9946357162866342,0.7686170833662517,0.9454685830607049
14,0.18635379119230155,0.0,0.24483733301891084,0.30085325586807554,0.8331041422699078,0.9227644530068266,0.794164447319724,0.9022916149046376
20,0.3094605195580372,0.24483733301891084,0.0,0.27950050310496216,1.0213919962284808,0.9459793474593351,1.0001573984503658,0.9113510759686029
28,0.48110618221300944,0.30085325586807554,0.27950050310496216,0.0,0.813366584904948,0.7958941118107009,0.8166607925385129,0.7304206867699305
106,0.8866142937033421,0.8331041422699078,1.0213919962284808,0.813366584904948,0.0,0.5644989237070244,0.09444842175367009,0.47851911728258256
113,0.9946357162866342,0.9227644530068266,0.9459793474593351,0.7958941118107009,0.5644989237070244,0.0,0.6313144390476503,0.09189516197591673
119,0.7686170833662517,0.794164447319724,1.0001573984503658,0.8166607925385129,0.09444842175367009,0.6313144390476503,0.0,0.5450691361397392
123,0.9454685830607049,0.9022916149046376,0.9113510759686029,0.7304206867699305,0.47851911728258256,0.09189516197591673,0.5450691361397392,0.0
