,3,13,17,31,108,114,117,122
3,0.0,0.3733696473422762,0.6903203949330184,0.44506114150249015,0.837776750043987,0.8699550826407151,0.9054438549715088,1.192472245004872
13,0.3733696473422762,0.0,0.43787767972511077,0.4716105707044772,0.8532789044234979,0.7169040328473656,0.7191366402548162,1.1039840509068122
17,0.6903203949330184,0.43787767972511077,0.0,0.34517289067663065,1.1302052356846344,0.8881372839228665,0.776255464379949,0.7792192570087243
31,0.44506114150249015,0.4716105707044772,0.34517289067663065,0.0,1.228017478543651,0.9471469501104697,0.9630255642161534,0.9335705911766964
108,0.837776750043987,0.8532789044234979,1.1302052356846344,1.228017478543651,0.0,0.2869616293385275,0.38005772066726157,0.8568251510063429
114,0.8699550826407151,0.7169040328473656,0.8881372839228665,0.9471469501104697,0.2869616293385275,0.0,0.1325652649544325,0.6749481977190185
117,0.9054438549715088,0.7191366402548162,0.776255464379949,0.9630255642161534,0.38005772066726157,0.1325652649544325,0.0,0.5706648128478721
122,1.192472245004872,1.1039840509068122,0.7792192570087243,0.9335705911766964,0.8568251510063429,0.6749481977190185,0.5706648128478721,0.0
