,1,2,9,11,12,24,26,30
1,0.0,0.017787222073825746,0.12873868499541216,0.09731166903528786,0.14499831831441348,0.09793231533925238,0.09429510691031912,0.15773513751478865
2,0.017787222073825746,0.0,0.11928237338608623,0.07886066802691481,0.11940133668836315,0.09106067220331611,0.07939096300527089,0.14818837628576836
9,0.12873868499541216,0.11928237338608623,0.0,0.051330800772054416,0.03313883513250504,0.13720555490473002,0.13032685523464496,0.05258577468966664
11,0.09731166903528786,0.07886066802691481,0.051330800772054416,0.0,0.042897048896217795,0.14288707507942136,0.14504805620962363,0.06081862009368261
12,0.14499831831441348,0.11940133668836315,0.03313883513250504,0.042897048896217795,0.0,0.16503580529366293,0.17172953646120728,0.019197251759192853
24,0.09793231533925238,0.09106067220331611,0.13720555490473002,0.14288707507942136,0.16503580529366293,0.0,0.010088407235396307,0.17705989499952446
26,0.09429510691031912,0.07939096300527089,0.13032685523464496,0.14504805620962363,0.17172953646120728,0.010088407235396307,0.0,0.19792821313607684
30,0.15773513751478865,0.14818837628576836,0.05258577468966664,0.06081862009368261,0.019197251759192853,0.17705989499952446,0.19792821313607684,0.0
