,101,104,108,113,120,121,123,124
101,0.0,0.3113771776237138,0.7372315474308383,0.03648223769849299,0.29366256306561556,0.5406384410810865,0.11888922601985226,0.5860434749323691
104,0.3113771776237138,0.0,0.9809767461822125,0.325141597837411,0.5723921495590679,0.8017628781043599,0.39812266556980647,0.8795622958195877
108,0.7372315474308383,0.9809767461822125,0.0,0.7022018779587098,0.4432638141346978,0.22459784159880525,0.6171618728745475,0.17161413502090994
113,0.03648223769849299,0.325141597837411,0.7022018779587098,0.0,0.27286394144818177,0.504014247464868,0.09495422534034569,0.5668481024806057
120,0.29366256306561556,0.5723921495590679,0.4432638141346978,0.27286394144818177,0.0,0.24537045650025868,0.1861325047479429,0.3061701597412551
121,0.5406384410810865,0.8017628781043599,0.22459784159880525,0.504014247464868,0.24537045650025868,0.0,0.4185876714447254,0.06376211078374576
123,0.11888922601985226,0.39812266556980647,0.6171618728745475,0.09495422534034569,0.1861325047479429,0.4185876714447254,0.0,0.4865070594987716
124,0.5860434749323691,0.8795622958195877,0.17161413502090994,0.5668481024806057,0.3061701597412551,0.06376211078374576,0.4865070594987716,0.0
