,96,101,102,105,107,109,111,123
96,0.0,0.150295725404531,0.26291064003269077,0.31694051395830436,0.10693519483162799,0.13567767541988207,0.06735380593519574,0.2381435661741759
101,0.150295725404531,0.0,0.21195003531069073,0.23735854644565255,0.15948001714855722,0.27776701284160993,0.16624216384929105,0.11560408893607578
102,0.26291064003269077,0.21195003531069073,0.0,0.06573826967472506,0.3410923372614704,0.3779841508426206,0.23574640142818118,0.1301166031026208
105,0.31694051395830436,0.23735854644565255,0.06573826967472506,0.0,0.37428984847300417,0.4302151193755058,0.28806481316816596,0.1260912382151135
107,0.10693519483162799,0.15948001714855722,0.3410923372614704,0.37428984847300417,0.0,0.14846798320168753,0.14198036001244363,0.2720679431016001
109,0.13567767541988207,0.27776701284160993,0.3779841508426206,0.4302151193755058,0.14846798320168753,0.0,0.14142420100555025,0.3634792797533659
111,0.06735380593519574,0.16624216384929105,0.23574640142818118,0.28806481316816596,0.14198036001244363,0.14142420100555025,0.0,0.22814529516442103
123,0.2381435661741759,0.11560408893607578,0.1301166031026208,0.1260912382151135,0.2720679431016001,0.3634792797533659,0.22814529516442103,0.0
