,7,18,22,23,106,114,119,125
7,0.0,0.369448762589667,0.43189345048135497,0.25628893011088066,0.9884181031713015,0.8391608026197636,0.8916161981938401,1.201997643560642
18,0.369448762589667,0.0,0.5096055517723586,0.2752471679226864,0.835217209938384,0.6929858004470385,0.6998528607402544,1.1919234445487876
22,0.43189345048135497,0.5096055517723586,0.0,0.5750513657943189,1.160829683156056,0.9370719897619145,1.0745633945038655,0.863665301917431
23,0.25628893011088066,0.2752471679226864,0.5750513657943189,0.0,0.9381438790565011,0.790594682256251,0.8744028320969233,1.3382600132857378
106,0.9884181031713015,0.835217209938384,1.160829683156056,0.9381438790565011,0.0,0.12852780805253672,0.10184701957929566,0.864076352277789
114,0.8391608026197636,0.6929858004470385,0.9370719897619145,0.790594682256251,0.12852780805253672,0.0,0.20413723446404405,0.7408647539539294
119,0.8916161981938401,0.6998528607402544,1.0745633945038655,0.8744028320969233,0.10184701957929566,0.20413723446404405,0.0,0.9218744155606691
125,1.201997643560642,1.1919234445487876,0.863665301917431,1.3382600132857378,0.864076352277789,0.7408647539539294,0.9218744155606691,0.0
