,0,1,5,10,15,25,28,30
0,0.0,0.35293340576597054,0.5716170537014669,0.2962327088954041,0.14308295782326502,0.3960637623404158,0.20388858442247026,0.07757134553949685
1,0.35293340576597054,0.0,0.28097873335656737,0.025750793498188564,0.3329669199560213,0.19811621200101875,0.15759323500534866,0.29367604118752794
5,0.5716170537014669,0.28097873335656737,0.0,0.38789525596623003,0.457201839181121,0.11395927848795792,0.4085746799211488,0.4586725296834549
10,0.2962327088954041,0.025750793498188564,0.38789525596623003,0.0,0.29369582188907656,0.21317468551033047,0.1749186847633753,0.3029889283254609
15,0.14308295782326502,0.3329669199560213,0.457201839181121,0.29369582188907656,0.0,0.36693615506229127,0.2421230498178572,0.11516456591386229
25,0.3960637623404158,0.19811621200101875,0.11395927848795792,0.21317468551033047,0.36693615506229127,0.0,0.27593089948189337,0.3659247446769495
28,0.20388858442247026,0.15759323500534866,0.4085746799211488,0.1749186847633753,0.2421230498178572,0.27593089948189337,0.0,0.1734678729646561
30,0.07757134553949685,0.29367604118752794,0.4586725296834549,0.3029889283254609,0.11516456591386229,0.3659247446769495,0.1734678729646561,0.0
