,1,15,25,30,108,110,118,126
1,0.0,0.3334119346460076,0.19817120068870214,0.29396458626556105,1.251841830850787,1.25758312034561,1.2458180667129417,1.1599280616820398
15,0.3334119346460076,0.0,0.36730565636039225,0.11521086834889525,1.1900300597796238,1.1714099769928918,1.1681480689045676,1.0914853056984324
25,0.19817120068870214,0.36730565636039225,0.0,0.3659286270225115,1.1727523477445645,1.1696431517289245,1.1589426545813362,1.0786671101453613
30,0.29396458626556105,0.11521086834889525,0.3659286270225115,0.0,1.1235584705387291,1.1156254323546528,1.1080552431833404,1.022905078603312
108,1.251841830850787,1.1900300597796238,1.1727523477445645,1.1235584705387291,0.0,0.1728184481712603,0.12025529793521676,0.1129811146518835
110,1.25758312034561,1.1714099769928918,1.1696431517289245,1.1156254323546528,0.1728184481712603,0.0,0.052637818205268,0.13649643975816297
118,1.2458180667129417,1.1681480689045676,1.1589426545813362,1.1080552431833404,0.12025529793521676,0.052637818205268,0.0,0.10252193639566692
126,1.1599280616820398,1.0914853056984324,1.0786671101453613,1.022905078603312,0.1129811146518835,0.13649643975816297,0.10252193639566692,0.0
