,98,102,105,115,118,121,123,126
98,0.0,0.7980693575700709,0.11126268526645783,0.798741488031067,0.609015912356229,0.1335858125352032,0.5874197596198282,0.16762091296824053
102,0.7980693575700709,0.0,0.9029338849559142,0.05911496624995981,0.20030499677693292,0.7231897837412192,0.22419260603150734,0.9572414769451002
105,0.11126268526645783,0.9029338849559142,0.0,0.8773329317567352,0.714099256631109,0.19563937390860675,0.6905861483182332,0.0563714741155679
115,0.798741488031067,0.05911496624995981,0.8773329317567352,0.0,0.18123837446604546,0.7258330020289826,0.20491118990981613,0.9616341131956113
118,0.609015912356229,0.20030499677693292,0.714099256631109,0.18123837446604546,0.0,0.5358617528051779,0.024899849863787116,0.7596585290915245
121,0.1335858125352032,0.7231897837412192,0.19563937390860675,0.7258330020289826,0.5358617528051779,0.0,0.5144112594493285,0.2423841148446571
123,0.5874197596198282,0.22419260603150734,0.6905861483182332,0.20491118990981613,0.024899849863787116,0.5144112594493285,0.0,0.7373356763587534
126,0.16762091296824053,0.9572414769451002,0.0563714741155679,0.9616341131956113,0.7596585290915245,0.2423841148446571,0.7373356763587534,0.0
