,1,3,4,8,13,21,24,25
1,0.0,0.18628917866132852,0.2371030356398229,0.4367139364844319,0.2861892508696342,0.17511689033025754,0.27399816618924494,0.1981185501268109
3,0.18628917866132852,0.0,0.15901097212500823,0.5554053337187473,0.46091912936590934,0.14069843184498387,0.08300389374424873,0.10580241170501926
4,0.2371030356398229,0.15901097212500823,0.0,0.5678640342330062,0.6342251677088114,0.24462342827611275,0.06672941283014402,0.17127131541191704
8,0.4367139364844319,0.5554053337187473,0.5678640342330062,0.0,0.17737906967253475,0.2937318156803388,0.8223926441263817,0.5065686762846948
13,0.2861892508696342,0.46091912936590934,0.6342251677088114,0.17737906967253475,0.0,0.31223376223649263,0.6512327318148411,0.34974150614586225
21,0.17511689033025754,0.14069843184498387,0.24462342827611275,0.2937318156803388,0.31223376223649263,0.0,0.19424110806871062,0.0478818790466805
24,0.27399816618924494,0.08300389374424873,0.06672941283014402,0.8223926441263817,0.6512327318148411,0.19424110806871062,0.0,0.13566792282471543
25,0.1981185501268109,0.10580241170501926,0.17127131541191704,0.5065686762846948,0.34974150614586225,0.0478818790466805,0.13566792282471543,0.0
