,0,4,5,8,10,25,26,30
0,0.0,0.7250498666588391,0.5715910240261253,0.15938762902023768,0.2962614203172915,0.39607903651912335,0.04956509409863489,0.07757800382722918
4,0.7250498666588391,0.0,0.11790101184779939,0.5678640003856732,0.4123896874415857,0.17127637893545944,0.4686225195797762,0.5249083163144994
5,0.5715910240261253,0.11790101184779939,0.0,0.831629547147089,0.3879266084399528,0.11396389748313683,0.4364486134092355,0.4586525999758259
8,0.15938762902023768,0.5678640003856732,0.831629547147089,0.0,0.4177202197350301,0.5065524624488756,0.1427264716803747,0.11592546864973893
10,0.2962614203172915,0.4123896874415857,0.3879266084399528,0.4177202197350301,0.0,0.21318266515415774,0.3020636364562483,0.30301692191710355
25,0.39607903651912335,0.17127637893545944,0.11396389748313683,0.5065524624488756,0.21318266515415774,0.0,0.34259625106075625,0.3659250500284788
26,0.04956509409863489,0.4686225195797762,0.4364486134092355,0.1427264716803747,0.3020636364562483,0.34259625106075625,0.0,0.026554804983246368
30,0.07757800382722918,0.5249083163144994,0.4586525999758259,0.11592546864973893,0.30301692191710355,0.3659250500284788,0.026554804983246368,0.0
