,0,1,5,25,97,100,114,123
0,0.0,0.3529830974066378,0.5701826602352882,0.3969308834095697,1.112539352280754,1.0934900075249443,1.0263671244772867,1.1220574864903679
1,0.3529830974066378,0.0,0.2819795751993776,0.1983446283281739,1.2231802048298916,1.2014239785554952,1.1455857225043127,1.2365701229520176
5,0.5701826602352882,0.2819795751993776,0.0,0.11422138966912998,1.1641098031191859,1.1428464980728508,1.0814465598535972,1.1742170162224468
25,0.3969308834095697,0.1983446283281739,0.11422138966912998,0.0,1.1396290938593228,1.1190887457450114,1.0613739338375057,1.1514681977261827
97,1.112539352280754,1.2231802048298916,1.1641098031191859,1.1396290938593228,0.0,0.04292425231689056,0.10897652036664641,0.040453175658679695
100,1.0934900075249443,1.2014239785554952,1.1428464980728508,1.1190887457450114,0.04292425231689056,0.0,0.12464998513049713,0.08399433200409819
114,1.0263671244772867,1.1455857225043127,1.0814465598535972,1.0613739338375057,0.10897652036664641,0.12464998513049713,0.0,0.09880310803406583
123,1.1220574864903679,1.2365701229520176,1.1742170162224468,1.1514681977261827,0.040453175658679695,0.08399433200409819,0.09880310803406583,0.0
