,8,10,11,13,14,17,18,20
8,0.0,0.4177253985647181,0.27530846759975475,0.1773936181893514,0.2989358709658785,0.38975339021206284,0.5959913472959468,0.6223905475545619
10,0.4177253985647181,0.0,0.14470633814455452,0.2711713855253329,0.21933737637239367,0.25650340333420746,0.1678043878474211,0.20777323366361544
11,0.27530846759975475,0.14470633814455452,0.0,0.19676028111491511,0.09990667566115363,0.16852175434892278,0.3424267226164278,0.16465300428993268
13,0.1773936181893514,0.2711713855253329,0.19676028111491511,0.0,0.09007523838678991,0.32268121208845635,0.6132821170324628,0.2603826836269126
14,0.2989358709658785,0.21933737637239367,0.09990667566115363,0.09007523838678991,0.0,0.3072758975542269,0.4599759064401561,0.32651609146342225
17,0.38975339021206284,0.25650340333420746,0.16852175434892278,0.32268121208845635,0.3072758975542269,0.0,0.1795409803648201,0.05125959930295062
18,0.5959913472959468,0.1678043878474211,0.3424267226164278,0.6132821170324628,0.4599759064401561,0.1795409803648201,0.0,0.1958349101780228
20,0.6223905475545619,0.20777323366361544,0.16465300428993268,0.2603826836269126,0.32651609146342225,0.05125959930295062,0.1958349101780228,0.0
