,8,10,13,20,96,103,123,127
8,0.0,0.42030117635190195,0.1800750705590871,0.6253170805793901,1.1784413512268352,1.0528638945908473,1.1603945543396055,1.2619653497926846
10,0.42030117635190195,0.0,0.2712096947167397,0.20984435119996495,1.292488943431405,1.1625340657073535,1.277349789534917,1.3758045935686767
13,0.1800750705590871,0.2712096947167397,0.0,0.2591711935685168,1.127583217466711,0.9878130028451001,1.1036681450394,1.1979062624269023
20,0.6253170805793901,0.20984435119996495,0.2591711935685168,0.0,1.1689125454538438,1.031502553045338,1.1445202643859367,1.2434168479789383
96,1.1784413512268352,1.292488943431405,1.127583217466711,1.1689125454538438,0.0,0.15497411364483277,0.13902591280263146,0.1411998331056833
103,1.0528638945908473,1.1625340657073535,0.9878130028451001,1.031502553045338,0.15497411364483277,0.0,0.12615155800113337,0.21368588346186732
123,1.1603945543396055,1.277349789534917,1.1036681450394,1.1445202643859367,0.13902591280263146,0.12615155800113337,0.0,0.10239339726923262
127,1.2619653497926846,1.3758045935686767,1.1979062624269023,1.2434168479789383,0.1411998331056833,0.21368588346186732,0.10239339726923262,0.0
