,5,7,9,11,19,24,25,29
5,0.0,0.11015505257645417,0.11574101610115282,0.19605384834699563,0.04410237824527921,0.1700725934221707,0.20791837820746473,0.15118574388636902
7,0.11015505257645417,0.0,0.10493736084429174,0.1390806482159817,0.09930405409884438,0.07156334895785221,0.14322625563051897,0.05347313008838352
9,0.11574101610115282,0.10493736084429174,0.0,0.08149669186986724,0.0741148947797967,0.11930834114158316,0.10018847719162463,0.15284518175017123
11,0.19605384834699563,0.1390806482159817,0.08149669186986724,0.0,0.15472542689529112,0.10642358389350365,0.021313539474056866,0.1754505278226563
19,0.04410237824527921,0.09930405409884438,0.0741148947797967,0.15472542689529112,0.0,0.14148559823396167,0.17574082154742135,0.13807886360736987
24,0.1700725934221707,0.07156334895785221,0.11930834114158316,0.10642358389350365,0.14148559823396167,0.0,0.10276200418033543,0.07314050979243635
25,0.20791837820746473,0.14322625563051897,0.10018847719162463,0.021313539474056866,0.17574082154742135,0.10276200418033543,0.0,0.17242906469616306
29,0.15118574388636902,0.05347313008838352,0.15284518175017123,0.1754505278226563,0.13807886360736987,0.07314050979243635,0.17242906469616306,0.0
