,96,97,106,109,113,124,125,126
96,0.0,0.035517163189704645,0.1289801636242078,0.11638321148437164,0.07582880551212547,0.8129019842799071,0.15151546858384,0.9024159309978831
97,0.035517163189704645,0.0,0.11397666862060762,0.12455866278602652,0.04051710355324743,0.7883276414243188,0.125129318805263,0.880274765196189
106,0.1289801636242078,0.11397666862060762,0.0,0.15268485204048718,0.09020958251239986,0.7225491109059065,0.11615836558100046,0.8112433972325452
109,0.11638321148437164,0.12455866278602652,0.15268485204048718,0.0,0.1126826995594307,0.869227171664373,0.23845138734058208,0.9615388269749887
113,0.07582880551212547,0.04051710355324743,0.09020958251239986,0.1126826995594307,0.0,0.7823222613314338,0.12875765509604012,0.8677448195380789
124,0.8129019842799071,0.7883276414243188,0.7225491109059065,0.869227171664373,0.7823222613314338,0.0,0.6699999456065568,0.0917241204088814
125,0.15151546858384,0.125129318805263,0.11615836558100046,0.23845138734058208,0.12875765509604012,0.6699999456065568,0.0,0.7588149939198552
126,0.9024159309978831,0.880274765196189,0.8112433972325452,0.9615388269749887,0.8677448195380789,0.0917241204088814,0.7588149939198552,0.0
