,4,7,18,24,97,104,109,110
4,0.0,0.6237703160896709,0.2381020935659004,0.19483288578194546,0.8465202812190135,1.123944815890319,0.814500167747126,1.0278434198186057
7,0.6237703160896709,0.0,0.25621940314291825,0.6438558728385688,0.9255727260008435,0.7600899583533364,0.9786568008868681,0.6744734088497047
18,0.2381020935659004,0.25621940314291825,0.0,0.09347106468219597,0.7786103445080398,0.9278262819203597,0.7525417460777539,0.9668291427144368
24,0.19483288578194546,0.6438558728385688,0.09347106468219597,0.0,0.7566557686589059,1.011431692223482,0.7563978394960814,1.0210295333166746
97,0.8465202812190135,0.9255727260008435,0.7786103445080398,0.7566557686589059,0.0,0.7440634948156721,0.13141148047223533,0.7526966238433442
104,1.123944815890319,0.7600899583533364,0.9278262819203597,1.011431692223482,0.7440634948156721,0.0,0.7677359605763902,0.14695991940276987
109,0.814500167747126,0.9786568008868681,0.7525417460777539,0.7563978394960814,0.13141148047223533,0.7677359605763902,0.0,0.8573538453341331
110,1.0278434198186057,0.6744734088497047,0.9668291427144368,1.0210295333166746,0.7526966238433442,0.14695991940276987,0.8573538453341331,0.0
