,11,19,24,25,105,108,124,126
11,0.0,0.4929774523878462,0.5081179922252559,0.06408207842893245,0.883187401778882,1.1252017584060034,0.8606934272460381,0.8832696325222182
19,0.4929774523878462,0.0,0.0999781838825296,0.301218829487666,1.1044864033367772,0.7506256745879626,1.001689727546731,1.0491434610133556
24,0.5081179922252559,0.0999781838825296,0.0,0.43653524984090214,1.152998868911272,0.8598151608878973,1.076121938406519,1.111509233558283
25,0.06408207842893245,0.301218829487666,0.43653524984090214,0.0,0.919760082211582,1.1224130091403866,0.8589028241058471,0.8240329882064138
105,0.883187401778882,1.1044864033367772,1.152998868911272,0.919760082211582,0.0,0.8724222834106018,0.08743733576986222,0.07814368602163509
108,1.1252017584060034,0.7506256745879626,0.8598151608878973,1.1224130091403866,0.8724222834106018,0.0,0.8718745270102775,0.9382906466251671
124,0.8606934272460381,1.001689727546731,1.076121938406519,0.8589028241058471,0.08743733576986222,0.8718745270102775,0.0,0.0849801149424106
126,0.8832696325222182,1.0491434610133556,1.111509233558283,0.8240329882064138,0.07814368602163509,0.9382906466251671,0.0849801149424106,0.0
