,97,105,108,112,117,119,123,126
97,0.0,0.828211176923083,0.05776541207564437,0.3694231532144961,0.33527156106492323,0.4439152955644449,0.48756498512733426,0.8716791760617271
105,0.828211176923083,0.0,0.8764991745131125,0.4687701638698379,0.5107497186983645,0.4012740480786266,0.3420989689259494,0.08119598083204069
108,0.05776541207564437,0.8764991745131125,0.0,0.41377768559042,0.3651339115389485,0.4928230943575785,0.5121380397908524,0.9286705028637524
112,0.3694231532144961,0.4687701638698379,0.41377768559042,0.0,0.11726165169979533,0.12702517429203664,0.13679463371391795,0.4932375671387209
117,0.33527156106492323,0.5107497186983645,0.3651339115389485,0.11726165169979533,0.0,0.119600861091247,0.17258195995604195,0.5619291314950534
119,0.4439152955644449,0.4012740480786266,0.4928230943575785,0.12702517429203664,0.119600861091247,0.0,0.04876561719135059,0.4383479326357388
123,0.48756498512733426,0.3420989689259494,0.5121380397908524,0.13679463371391795,0.17258195995604195,0.04876561719135059,0.0,0.3909452924037008
126,0.8716791760617271,0.08119598083204069,0.9286705028637524,0.4932375671387209,0.5619291314950534,0.4383479326357388,0.3909452924037008,0.0
