,96,99,108,110,115,117,122,126
96,0.0,0.7129608004940696,0.03320587890776308,0.7857721686414184,0.322537763572352,0.3544612161171493,0.19461995113789704,0.9060266071166936
99,0.7129608004940696,0.0,0.7206340179647106,0.04734636115762941,0.3691418532560799,0.34972245322138706,0.5107422906468249,0.24579797264832134
108,0.03320587890776308,0.7206340179647106,0.0,0.772310681361093,0.3254420094699247,0.365019887678351,0.1991826531867168,0.929899794239442
110,0.7857721686414184,0.04734636115762941,0.772310681361093,0.0,0.4165531876227829,0.39740055411906067,0.5500944708623172,0.22465774335709404
115,0.322537763572352,0.3691418532560799,0.3254420094699247,0.4165531876227829,0.0,0.03587340637538488,0.15003243824774704,0.5744400405240282
117,0.3544612161171493,0.34972245322138706,0.365019887678351,0.39740055411906067,0.03587340637538488,0.0,0.1577384281605067,0.5613503926061235
122,0.19461995113789704,0.5107422906468249,0.1991826531867168,0.5500944708623172,0.15003243824774704,0.1577384281605067,0.0,0.7157540658738564
126,0.9060266071166936,0.24579797264832134,0.929899794239442,0.22465774335709404,0.5744400405240282,0.5613503926061235,0.7157540658738564,0.0
