,4,9,11,14,16,20,25,28
4,0.0,0.1485963369835675,0.08264284692810446,0.15693627014181094,0.12282064447134369,0.16673363237745745,0.06279237147763768,0.1099335107900954
9,0.1485963369835675,0.0,0.08151509446550692,0.05021689183586474,0.043216191508899465,0.09773586833764741,0.09939510609678373,0.04907371542019114
11,0.08264284692810446,0.08151509446550692,0.0,0.1157286542871027,0.04470271279326399,0.14144016745413426,0.02093160351035302,0.06580176120319592
14,0.15693627014181094,0.05021689183586474,0.1157286542871027,0.0,0.0897112554883256,0.05468748985937083,0.1263682070927907,0.05279617127584325
16,0.12282064447134369,0.043216191508899465,0.04470271279326399,0.0897112554883256,0.0,0.12841879438743103,0.06531062783153596,0.05526354536021784
20,0.16673363237745745,0.09773586833764741,0.14144016745413426,0.05468748985937083,0.12841879438743103,0.0,0.14444710825670365,0.07932648162510138
25,0.06279237147763768,0.09939510609678373,0.02093160351035302,0.1263682070927907,0.06531062783153596,0.14444710825670365,0.0,0.07338130635115574
28,0.1099335107900954,0.04907371542019114,0.06580176120319592,0.05279617127584325,0.05526354536021784,0.07932648162510138,0.07338130635115574,0.0
