,96,102,104,105,108,121,124,126
96,0.0,0.08019898813571427,0.7327386029760999,0.8702683333409207,0.03522257228341527,0.20660793591429852,0.8171337756601497,0.9028690555060752
102,0.08019898813571427,0.0,0.6502275400804179,0.7855724398926407,0.0931884257705074,0.15576665088599728,0.7357136271405703,0.8245387700188602
104,0.7327386029760999,0.6502275400804179,0.0,0.15803914412836056,0.7385640738699023,0.5479436829912829,0.08777574696233414,0.18278602934833246
105,0.8702683333409207,0.7855724398926407,0.15803914412836056,0.0,0.8819879251662288,0.700774564606818,0.09050899147790092,0.08547047911703393
108,0.03522257228341527,0.0931884257705074,0.7385640738699023,0.8819879251662288,0.0,0.23421728674788725,0.8340948393134785,0.9159435866995332
121,0.20660793591429852,0.15576665088599728,0.5479436829912829,0.700774564606818,0.23421728674788725,0.0,0.636469624137152,0.723891212602293
124,0.8171337756601497,0.7357136271405703,0.08777574696233414,0.09050899147790092,0.8340948393134785,0.636469624137152,0.0,0.09114636063834239
126,0.9028690555060752,0.8245387700188602,0.18278602934833246,0.08547047911703393,0.9159435866995332,0.723891212602293,0.09114636063834239,0.0
