,1,3,4,11,13,14,22,27
1,0.0,0.20933662855253818,0.16963632531075493,0.08756695220233292,0.12670428500997702,0.12019971752584784,0.14801913218310017,0.16122263336613346
3,0.20933662855253818,0.0,0.16144257443054286,0.16589338357944886,0.11562875970371056,0.10519354252354386,0.11798731236806675,0.054152635877991774
4,0.16963632531075493,0.16144257443054286,0.0,0.08389966331607485,0.18380557395624558,0.15783439476741853,0.046201961786943094,0.1256025597911012
11,0.08756695220233292,0.16589338357944886,0.08389966331607485,0.0,0.13500827132828921,0.11713392823365734,0.06788768458284684,0.12093150757760497
13,0.12670428500997702,0.11562875970371056,0.18380557395624558,0.13500827132828921,0.0,0.01871913941727724,0.13673559811742314,0.07830276936472307
14,0.12019971752584784,0.10519354252354386,0.15783439476741853,0.11713392823365734,0.01871913941727724,0.0,0.11688544722299835,0.061831586854724625
22,0.14801913218310017,0.11798731236806675,0.046201961786943094,0.06788768458284684,0.13673559811742314,0.11688544722299835,0.0,0.08328033982265
27,0.16122263336613346,0.054152635877991774,0.1256025597911012,0.12093150757760497,0.07830276936472307,0.061831586854724625,0.08328033982265,0.0
