,97,100,101,108,111,113,120,124
97,0.0,0.5092556928089088,0.38859666744585936,0.0599291574788443,0.1271480096906685,0.03921393778554162,0.7480732007101225,0.7847409857684932
100,0.5092556928089088,0.0,0.13772052812678848,0.5499591706624605,0.4069796877592637,0.5040922715132131,0.241764486826565,0.2798741259492418
101,0.38859666744585936,0.13772052812678848,0.0,0.42724890199878973,0.2795641830749088,0.38256496564616377,0.3647638555132891,0.40198422113730664
108,0.0599291574788443,0.5499591706624605,0.42724890199878973,0.0,0.176322997853608,0.07985859519070075,0.7832715249541554,0.8408333645813958
111,0.1271480096906685,0.4069796877592637,0.2795641830749088,0.176322997853608,0.0,0.10224629573149782,0.6496536922071174,0.671919355297817
113,0.03921393778554162,0.5040922715132131,0.38256496564616377,0.07985859519070075,0.10224629573149782,0.0,0.7270353458954883,0.7889430482600384
120,0.7480732007101225,0.241764486826565,0.3647638555132891,0.7832715249541554,0.6496536922071174,0.7270353458954883,0.0,0.14566902463878337
124,0.7847409857684932,0.2798741259492418,0.40198422113730664,0.8408333645813958,0.671919355297817,0.7889430482600384,0.14566902463878337,0.0
