,0,8,25,30,97,111,113,124
0,0.0,0.6420482389574529,0.4919098644323389,0.37898371216972876,0.713039103259559,0.8248731803687281,0.7349954198847041,1.0562123230150033
8,0.6420482389574529,0.0,0.13965529093409898,0.5311613326007522,1.2069708712369092,1.162860236277325,1.2949638941986585,0.8281743019149622
25,0.4919098644323389,0.13965529093409898,0.0,0.23658880573910662,1.090824260571721,1.0761440034345895,1.1200835275634664,0.8599541337196287
30,0.37898371216972876,0.5311613326007522,0.23658880573910662,0.0,0.7861303557951697,0.7903670632597555,0.8146743765742265,0.7627319409836503
97,0.713039103259559,1.2069708712369092,1.090824260571721,0.7861303557951697,0.0,0.1269971636064016,0.03966089560587007,0.7859825123704658
111,0.8248731803687281,1.162860236277325,1.0761440034345895,0.7903670632597555,0.1269971636064016,0.0,0.10338164171454343,0.672454850355381
113,0.7349954198847041,1.2949638941986585,1.1200835275634664,0.8146743765742265,0.03966089560587007,0.10338164171454343,0.0,0.7866414508175986
124,1.0562123230150033,0.8281743019149622,0.8599541337196287,0.7627319409836503,0.7859825123704658,0.672454850355381,0.7866414508175986,0.0
