,97,100,101,104,105,109,110,115
97,0.0,0.5124274145760626,0.3879767637938575,0.7021864756740245,0.8428682408672407,0.12367685509129134,0.73027322188068,0.30942838954079593
100,0.5124274145760626,0.0,0.13828236375815756,0.19386327977085566,0.3293701995708408,0.6072943820996234,0.2231035891419521,0.21052707893364922
101,0.3879767637938575,0.13828236375815756,0.0,0.31417864495376874,0.45906044285016473,0.48263293842748267,0.3543893897768378,0.1185518002432925
104,0.7021864756740245,0.19386327977085566,0.31417864495376874,0.0,0.1578768478513542,0.787717315874733,0.1430250275437115,0.4061123994125187
105,0.8428682408672407,0.3293701995708408,0.45906044285016473,0.1578768478513542,0.0,0.936340924862383,0.1562508227765805,0.5400263922079015
109,0.12367685509129134,0.6072943820996234,0.48263293842748267,0.787717315874733,0.936340924862383,0.0,0.8323877031475303,0.40786253916823145
110,0.73027322188068,0.2231035891419521,0.3543893897768378,0.1430250275437115,0.1562508227765805,0.8323877031475303,0.0,0.41973583485176696
115,0.30942838954079593,0.21052707893364922,0.1185518002432925,0.4061123994125187,0.5400263922079015,0.40786253916823145,0.41973583485176696,0.0
