,13,17,19,27,107,108,118,126
13,0.0,0.33129561816843556,0.19751980655651705,0.3963518754085951,1.0124495307241572,1.123545813411657,1.1045661623141345,1.0291156079760793
17,0.33129561816843556,0.0,0.43131133379114944,0.188926300045743,1.0951138607287638,1.207956398416484,1.1850737985392272,1.0736635632051341
19,0.19751980655651705,0.43131133379114944,0.0,0.6372800659690764,1.084491218838916,1.2099447959705671,1.1587975300230813,1.1029547536051323
27,0.3963518754085951,0.188926300045743,0.6372800659690764,0.0,1.0157480264389627,1.1577052241285941,1.1047172362691384,1.0300060834346114
107,1.0124495307241572,1.0951138607287638,1.084491218838916,1.0157480264389627,0.0,0.056018840713300946,0.3016095471639359,0.05317711776496126
108,1.123545813411657,1.207956398416484,1.2099447959705671,1.1577052241285941,0.056018840713300946,0.0,0.38613669690708735,0.04476687706942709
118,1.1045661623141345,1.1850737985392272,1.1587975300230813,1.1047172362691384,0.3016095471639359,0.38613669690708735,0.0,0.39715584887091654
126,1.0291156079760793,1.0736635632051341,1.1029547536051323,1.0300060834346114,0.05317711776496126,0.04476687706942709,0.39715584887091654,0.0
