,96,98,102,111,113,116,121,127
96,0.0,0.13168471928231995,0.5515072559489417,0.14307828433152817,0.40853971058344557,0.23782037903570732,0.25134740376401143,0.12069588904853254
98,0.13168471928231995,0.0,0.6584644323859594,0.14363252368465132,0.34778126348782606,0.15057954189517803,0.17821113470436242,0.06574358311267217
102,0.5515072559489417,0.6584644323859594,0.0,0.5022260471578672,0.3581441977189599,0.49654878614630044,0.32028789277077696,0.7056295193130411
111,0.14307828433152817,0.14363252368465132,0.5022260471578672,0.0,0.3379038676248507,0.2798914088254307,0.23810586866535524,0.25967621033828964
113,0.40853971058344557,0.34778126348782606,0.3581441977189599,0.3379038676248507,0.0,0.276978997831607,0.3826443270947256,0.3698280903774395
116,0.23782037903570732,0.15057954189517803,0.49654878614630044,0.2798914088254307,0.276978997831607,0.0,0.12590213675779324,0.19465960484199601
121,0.25134740376401143,0.17821113470436242,0.32028789277077696,0.23810586866535524,0.3826443270947256,0.12590213675779324,0.0,0.19730205372417806
127,0.12069588904853254,0.06574358311267217,0.7056295193130411,0.25967621033828964,0.3698280903774395,0.19465960484199601,0.19730205372417806,0.0
