,100,102,105,107,108,117,119,124
100,0.0,0.5458175707709519,0.05751624457824826,0.0953503008185196,0.09540524025239044,0.20096749266338984,0.10203355624698122,0.3807870372385584
102,0.5458175707709519,0.0,0.5625875319068006,0.6081475602158962,0.5811098631215704,0.3945616329368481,0.6490343134443153,0.09229275710232865
105,0.05751624457824826,0.5625875319068006,0.0,0.0850058906369525,0.11154417485892569,0.2068853772685724,0.06362903409253727,0.4797256601979614
107,0.0953503008185196,0.6081475602158962,0.0850058906369525,0.0,0.20844457629803756,0.11181128722457785,0.15489098288189773,0.4341498159931589
108,0.09540524025239044,0.5811098631215704,0.11154417485892569,0.20844457629803756,0.0,0.2822882586938773,0.10970561383095309,0.6735310152300348
117,0.20096749266338984,0.3945616329368481,0.2068853772685724,0.11181128722457785,0.2822882586938773,0.0,0.2425535532362597,0.40640430983760334
119,0.10203355624698122,0.6490343134443153,0.06362903409253727,0.15489098288189773,0.10970561383095309,0.2425535532362597,0.0,0.4017283126355433
124,0.3807870372385584,0.09229275710232865,0.4797256601979614,0.4341498159931589,0.6735310152300348,0.40640430983760334,0.4017283126355433,0.0
