,99,103,108,113,119,122,123,124
99,0.0,0.22941199230193393,0.4863673378164487,0.0942610083299943,0.33497417507833044,0.21895502176053405,0.15791470018633413,0.38499369103273084
103,0.22941199230193393,0.0,0.3842388883721362,0.14782029794791712,0.3648844979675623,0.14397052175514466,0.2838322183307877,0.4583367108847825
108,0.4863673378164487,0.3842388883721362,0.0,0.4739826343978103,0.16372989799840812,0.3243052676755249,0.6205227581266686,0.7264506928753671
113,0.0942610083299943,0.14782029794791712,0.4739826343978103,0.0,0.43035025260940224,0.23076576086902761,0.1861732477030775,0.2733733807319153
119,0.33497417507833044,0.3648844979675623,0.16372989799840812,0.43035025260940224,0.0,0.24219036842924535,0.6043606921228406,0.4646664491909924
122,0.21895502176053405,0.14397052175514466,0.3243052676755249,0.23076576086902761,0.24219036842924535,0.0,0.27908425851484875,0.31960003286043426
123,0.15791470018633413,0.2838322183307877,0.6205227581266686,0.1861732477030775,0.6043606921228406,0.27908425851484875,0.0,0.09955320016082449
124,0.38499369103273084,0.4583367108847825,0.7264506928753671,0.2733733807319153,0.4646664491909924,0.31960003286043426,0.09955320016082449,0.0
