,1,2,3,26,97,98,110,120
1,0.0,0.18112165703554248,0.18961288205552565,0.3586366710693913,1.230853599139648,1.2246291455730791,1.3233301059343847,1.2773816909090858
2,0.18112165703554248,0.0,0.10955132440739357,0.4270798665455789,1.189740978840757,1.2543914267651697,1.2655626255412324,1.258509658753307
3,0.18961288205552565,0.10955132440739357,0.0,0.5477455380153646,1.1961355657646142,1.1045149091856699,1.2146653991772254,1.2037429549733303
26,0.3586366710693913,0.4270798665455789,0.5477455380153646,0.0,1.087203568069181,1.0703430628535002,1.0889973829778168,1.1661402900301265
97,1.230853599139648,1.189740978840757,1.1961355657646142,1.087203568069181,0.0,0.04472774468278248,0.12205091047437323,0.019066486253061534
98,1.2246291455730791,1.2543914267651697,1.1045149091856699,1.0703430628535002,0.04472774468278248,0.0,0.19617312570266143,0.09092163550221491
110,1.3233301059343847,1.2655626255412324,1.2146653991772254,1.0889973829778168,0.12205091047437323,0.19617312570266143,0.0,0.0891507017634536
120,1.2773816909090858,1.258509658753307,1.2037429549733303,1.1661402900301265,0.019066486253061534,0.09092163550221491,0.0891507017634536,0.0
