,0,11,13,17,18,22,23,24
0,0.0,0.22455829966175633,0.022182059637067406,0.4172225551189359,0.4924591019779683,0.25723831625776983,0.06747409427593841,0.5352189977913222
11,0.22455829966175633,0.0,0.1954619504329023,0.16630093344927865,0.34098573979598606,0.14554840451924178,0.15428599823137318,0.37136173983599474
13,0.022182059637067406,0.1954619504329023,0.0,0.3225046218082054,0.6116905209641212,0.2521905037241629,0.05817326714652259,0.6483444543582331
17,0.4172225551189359,0.16630093344927865,0.3225046218082054,0.0,0.17676837064832526,0.3125450117644901,0.25063027686617867,0.2092103700424471
18,0.4924591019779683,0.34098573979598606,0.6116905209641212,0.17676837064832526,0.0,0.2784842248096032,0.5701742318849218,0.038798537718975255
22,0.25723831625776983,0.14554840451924178,0.2521905037241629,0.3125450117644901,0.2784842248096032,0.0,0.20660155695019367,0.4389722509913138
23,0.06747409427593841,0.15428599823137318,0.05817326714652259,0.25063027686617867,0.5701742318849218,0.20660155695019367,0.0,0.5018910066446747
24,0.5352189977913222,0.37136173983599474,0.6483444543582331,0.2092103700424471,0.038798537718975255,0.4389722509913138,0.5018910066446747,0.0
