,14,19,21,30,96,104,108,111
14,0.0,0.20090200437289088,0.29096677763239753,0.15904820525245417,0.5353356744324533,0.997939566485618,1.2094448668408369,1.02253167568893
19,0.20090200437289088,0.0,0.3626731949932565,0.14297144970830142,1.2139000497745067,1.0514290882530886,1.2191686616741553,1.0806411516708527
21,0.29096677763239753,0.3626731949932565,0.0,0.28799130060607603,1.146606005824785,1.0163857929347795,1.1506321757405422,1.053966726441961
30,0.15904820525245417,0.14297144970830142,0.28799130060607603,0.0,1.091786173472197,0.9913094786203605,1.1090101732488984,0.9816215397738887
96,0.5353356744324533,1.2139000497745067,1.146606005824785,1.091786173472197,0.0,0.06585011480509775,0.007243263942226979,0.04864749441274731
104,0.997939566485618,1.0514290882530886,1.0163857929347795,0.9913094786203605,0.06585011480509775,0.0,0.06378843100096124,0.04060896816605148
108,1.2094448668408369,1.2191686616741553,1.1506321757405422,1.1090101732488984,0.007243263942226979,0.06378843100096124,0.0,0.059187016911671754
111,1.02253167568893,1.0806411516708527,1.053966726441961,0.9816215397738887,0.04864749441274731,0.04060896816605148,0.059187016911671754,0.0
