,1,6,11,25,26,27,30,31
1,0.0,0.34095887208514414,0.15106005147156978,0.1955665061359679,0.3586892608968536,0.3320610560191568,0.2927018571439426,0.10850345607858035
6,0.34095887208514414,0.0,0.3002612857077502,0.1875881335634514,0.6092752960424523,0.043971704689919594,0.6138939965083595,0.28637688441378717
11,0.15106005147156978,0.3002612857077502,0.0,0.30565377937631216,0.23137338978969646,0.32274380331317243,0.24142377974821352,0.17390344264060936
25,0.1955665061359679,0.1875881335634514,0.30565377937631216,0.0,0.3412514416572625,0.17003557670162578,0.36686206325959814,0.12032682491522467
26,0.3586892608968536,0.6092752960424523,0.23137338978969646,0.3412514416572625,0.0,0.580443589978878,0.02620784585068436,0.29615552322478467
27,0.3320610560191568,0.043971704689919594,0.32274380331317243,0.17003557670162578,0.580443589978878,0.0,0.32053299585830985,0.2656663823846397
30,0.2927018571439426,0.6138939965083595,0.24142377974821352,0.36686206325959814,0.02620784585068436,0.32053299585830985,0.0,0.26907147335125275
31,0.10850345607858035,0.28637688441378717,0.17390344264060936,0.12032682491522467,0.29615552322478467,0.2656663823846397,0.26907147335125275,0.0
