,4,6,9,10,12,15,18,26
4,0.0,0.14957662865908244,0.10489811334873948,0.41532192805099927,0.24639007485232192,0.7050282927403887,0.08323273974955832,0.463509053021705
6,0.14957662865908244,0.0,0.08231413717120208,0.3666760249741928,0.21846439476209578,0.4828914806283422,0.18509116072863052,0.6095249082214516
9,0.10489811334873948,0.08231413717120208,0.0,0.2941380667730224,0.1600362347132257,0.3330029629236427,0.09808953268815462,0.6911202277150961
10,0.41532192805099927,0.3666760249741928,0.2941380667730224,0.0,0.23929338762384084,0.2945687571967659,0.16818912203080194,0.29912437318617235
12,0.24639007485232192,0.21846439476209578,0.1600362347132257,0.23929338762384084,0.0,0.5323931489919879,0.16580963345366548,0.5224127176768768
15,0.7050282927403887,0.4828914806283422,0.3330029629236427,0.2945687571967659,0.5323931489919879,0.0,0.5444608658698941,0.13266872020653572
18,0.08323273974955832,0.18509116072863052,0.09808953268815462,0.16818912203080194,0.16580963345366548,0.5444608658698941,0.0,0.5175486702065638
26,0.463509053021705,0.6095249082214516,0.6911202277150961,0.29912437318617235,0.5224127176768768,0.13266872020653572,0.5175486702065638,0.0
