,9,13,17,19,20,21,26,27
9,0.0,0.42095099843148615,0.14391954062893145,0.48934315785417526,0.1919920226622927,0.14083977806970144,0.6911703832003104,0.061309102047002836
13,0.42095099843148615,0.0,0.32225347799691206,0.19391223357421025,0.2603892952382486,0.3124966542729434,0.06798535445659579,0.3942006367700784
17,0.14391954062893145,0.32225347799691206,0.0,0.4271158373088102,0.04975171970963393,0.068461189184636,0.38926825506820384,0.18056892066363212
19,0.48934315785417526,0.19391223357421025,0.4271158373088102,0.0,0.39933685324773693,0.3692735841332803,0.15280136757110344,0.6267702609369262
20,0.1919920226622927,0.2603892952382486,0.04975171970963393,0.39933685324773693,0.0,0.05014953109183657,0.37021036731320267,0.23879601253015256
21,0.14083977806970144,0.3124966542729434,0.068461189184636,0.3692735841332803,0.05014953109183657,0.0,0.3318186482866799,0.1503677138090578
26,0.6911703832003104,0.06798535445659579,0.38926825506820384,0.15280136757110344,0.37021036731320267,0.3318186482866799,0.0,0.5805108853052271
27,0.061309102047002836,0.3942006367700784,0.18056892066363212,0.6267702609369262,0.23879601253015256,0.1503677138090578,0.5805108853052271,0.0
