,97,98,108,110,112,119,120,124
97,0.0,0.18305515690240415,0.22466826865060438,0.24063213513761886,0.16936306026502163,0.05360463158973273,0.08973846620603297,0.430712698094919
98,0.18305515690240415,0.0,0.16024139528449066,0.394930916036394,0.22540887236085771,0.10626337035036733,0.19591621552690303,0.432545983722572
108,0.22466826865060438,0.16024139528449066,0.0,0.5776550344304945,0.6088620916343205,0.13836842335298905,0.3725075675649188,0.7054425506769318
110,0.24063213513761886,0.394930916036394,0.5776550344304945,0.0,0.07015692170295522,0.550796323084804,0.33367543413024636,0.15705101241750663
112,0.16936306026502163,0.22540887236085771,0.6088620916343205,0.07015692170295522,0.0,0.2907312167409038,0.24258553493279014,0.20774925913932088
119,0.05360463158973273,0.10626337035036733,0.13836842335298905,0.550796323084804,0.2907312167409038,0.0,0.30460107978891526,0.44157767082858707
120,0.08973846620603297,0.19591621552690303,0.3725075675649188,0.33367543413024636,0.24258553493279014,0.30460107978891526,0.0,0.34935539731536114
124,0.430712698094919,0.432545983722572,0.7054425506769318,0.15705101241750663,0.20774925913932088,0.44157767082858707,0.34935539731536114,0.0
