,0,2,6,8,12,15,19,23
0,0.0,0.13597612307647558,0.15242624663276155,0.12551703324729674,0.14005087882967385,0.05780916961609852,0.038614607501466586,0.14675316573383457
2,0.13597612307647558,0.0,0.04018044756511963,0.05596253370771666,0.08961779224320873,0.1930680028530147,0.1547416221966364,0.010760110381581823
6,0.15242624663276155,0.04018044756511963,0.0,0.09511289764366988,0.13020867857909332,0.20846244315668708,0.17937877649194717,0.03536352369300667
8,0.12551703324729674,0.05596253370771666,0.09511289764366988,0.0,0.035059230337189606,0.17776445783967276,0.1303120345694878,0.06330169891844581
12,0.14005087882967385,0.08961779224320873,0.13020867857909332,0.035059230337189606,0.0,0.1877078321263304,0.13487678108319368,0.09610100648700341
15,0.05780916961609852,0.1930680028530147,0.20846244315668708,0.17776445783967276,0.1877078321263304,0.0,0.05457820606840658,0.20347605335474706
19,0.038614607501466586,0.1547416221966364,0.17937877649194717,0.1303120345694878,0.13487678108319368,0.05457820606840658,0.0,0.1661539790636035
23,0.14675316573383457,0.010760110381581823,0.03536352369300667,0.06330169891844581,0.09610100648700341,0.20347605335474706,0.1661539790636035,0.0
