,98,102,110,113,115,122,123,125
98,0.0,0.3282933036417149,0.40010495435893295,0.36161567939238154,0.13708586357172164,0.2407966745157295,0.17409362823667016,0.25884020412262027
102,0.3282933036417149,0.0,0.6728587920623972,0.07702664500029632,0.2525532694756025,0.11723523497404424,0.44059689104749655,0.07579276456170402
110,0.40010495435893295,0.6728587920623972,0.0,0.7303030824768794,0.41892093336080116,0.5594369237735749,0.23935187305905944,0.602048542226829
113,0.36161567939238154,0.07702664500029632,0.7303030824768794,0.0,0.31070689898504833,0.17856171463974468,0.4901144772196502,0.12825735840144287
115,0.13708586357172164,0.2525532694756025,0.41892093336080116,0.31070689898504833,0.0,0.14975815053197117,0.18923110756062478,0.1854016047306549
122,0.2407966745157295,0.11723523497404424,0.5594369237735749,0.17856171463974468,0.14975815053197117,0.0,0.331111076894566,0.0627781956660394
123,0.17409362823667016,0.44059689104749655,0.23935187305905944,0.4901144772196502,0.18923110756062478,0.331111076894566,0.0,0.3704746609083534
125,0.25884020412262027,0.07579276456170402,0.602048542226829,0.12825735840144287,0.1854016047306549,0.0627781956660394,0.3704746609083534,0.0
