,98,103,105,109,110,112,120,123
98,0.0,0.2268064667468343,0.4948185117229542,0.4438961658206757,0.4017075529667365,0.0536136680517616,0.4214562001892028,0.1716695032963873
103,0.2268064667468343,0.0,0.7019063637251097,0.24244329787814278,0.5851649927936209,0.2249651884940161,0.6019408254258994,0.3476933405793192
105,0.4948185117229542,0.7019063637251097,0.0,0.9267138155074661,0.15176076897493043,0.4611249749683865,0.11875930505383175,0.3468779329741995
109,0.4438961658206757,0.24244329787814278,0.9267138155074661,0.0,0.8202113791582334,0.45144268333151216,0.8504497201386557,0.5857250264871271
110,0.4017075529667365,0.5851649927936209,0.15176076897493043,0.8202113791582334,0.0,0.3755416659005437,0.04174554744869641,0.23774256992344198
112,0.0536136680517616,0.2249651884940161,0.4611249749683865,0.45144268333151216,0.3755416659005437,0.0,0.387813557222658,0.13594638168229894
120,0.4214562001892028,0.6019408254258994,0.11875930505383175,0.8504497201386557,0.04174554744869641,0.387813557222658,0.0,0.2519131706764573
123,0.1716695032963873,0.3476933405793192,0.3468779329741995,0.5857250264871271,0.23774256992344198,0.13594638168229894,0.2519131706764573,0.0
