,100,103,105,106,114,123,125,126
100,0.0,0.37422662893491365,0.3365983020231065,0.46022886761744863,0.2856657021697456,0.03043614010248808,0.3951343751213214,0.37695747647958544
103,0.37422662893491365,0.0,0.6958243481588386,0.11099664531411706,0.10640932502068103,0.36218502271463643,0.07549844658187692,0.7292689026064477
105,0.3365983020231065,0.6958243481588386,0.0,0.7955782782866366,0.6052984414812587,0.3545161519644711,0.7238484764844049,0.0874255373420383
106,0.46022886761744863,0.11099664531411706,0.7955782782866366,0.0,0.18940382351818086,0.4423719610784847,0.11848895565349132,0.7971650671698391
114,0.2856657021697456,0.10640932502068103,0.6052984414812587,0.18940382351818086,0.0,0.275847231038137,0.16137830740727188,0.6274518246498053
123,0.03043614010248808,0.36218502271463643,0.3545161519644711,0.4423719610784847,0.275847231038137,0.0,0.38193599333300343,0.39089330875168704
125,0.3951343751213214,0.07549844658187692,0.7238484764844049,0.11848895565349132,0.16137830740727188,0.38193599333300343,0.0,0.7607854572724742
126,0.37695747647958544,0.7292689026064477,0.0874255373420383,0.7971650671698391,0.6274518246498053,0.39089330875168704,0.7607854572724742,0.0
