,7,10,11,15,18,20,23,28
7,0.0,0.03550340543364198,0.1426342668408061,0.09084941340361138,0.060261950683033805,0.013367887258396948,0.14711467597041913,0.07817348252058602
10,0.03550340543364198,0.0,0.13276529219680042,0.12575978469057125,0.0764233924386138,0.04737907452035294,0.1330595859144727,0.07636217700556178
11,0.1426342668408061,0.13276529219680042,0.0,0.19368753628597388,0.10115500685657569,0.14203336326144791,0.015477478785902925,0.06633753893720862
15,0.09084941340361138,0.12575978469057125,0.19368753628597388,0.0,0.0939968203140564,0.07856322109968467,0.20342681915360422,0.13160841751715924
18,0.060261950683033805,0.0764233924386138,0.10115500685657569,0.0939968203140564,0.0,0.051912610545302176,0.11054967665544393,0.0380946434474717
20,0.013367887258396948,0.04737907452035294,0.14203336326144791,0.07856322109968467,0.051912610545302176,0.0,0.147951971935891,0.07606929320251142
23,0.14711467597041913,0.1330595859144727,0.015477478785902925,0.20342681915360422,0.11054967665544393,0.147951971935891,0.0,0.07401664203631675
28,0.07817348252058602,0.07636217700556178,0.06633753893720862,0.13160841751715924,0.0380946434474717,0.07606929320251142,0.07401664203631675,0.0
