,0,12,13,15,16,20,29,31
0,0.0,0.13911270047904178,0.010997036498021799,0.056834004129021315,0.10716717320773189,0.045864596960441234,0.11074069323058591,0.032382985368420096
12,0.13911270047904178,0.0,0.13178566496645974,0.18652474813316258,0.05030848214748179,0.16831698748505358,0.2204058287747221,0.1377327433378125
13,0.010997036498021799,0.13178566496645974,0.0,0.0593390351123653,0.10274669258927725,0.05678567727922484,0.12110765704592513,0.024205735808014366
15,0.056834004129021315,0.18652474813316258,0.0593390351123653,0.0,0.1613760950761983,0.07878679258508901,0.1298132807304377,0.048902981264724955
16,0.10716717320773189,0.05030848214748179,0.10274669258927725,0.1613760950761983,0.0,0.12615594930134225,0.17238029423250084,0.11629170708736138
20,0.045864596960441234,0.16831698748505358,0.05678567727922484,0.07878679258508901,0.12615594930134225,0.0,0.06344643328088362,0.07664825699051936
29,0.11074069323058591,0.2204058287747221,0.12110765704592513,0.1298132807304377,0.17238029423250084,0.06344643328088362,0.0,0.14115573928262923
31,0.032382985368420096,0.1377327433378125,0.024205735808014366,0.048902981264724955,0.11629170708736138,0.07664825699051936,0.14115573928262923,0.0
