,106,107,111,113,119,124,125,127
106,0.0,0.4882303575580285,0.06153513462036442,0.09072190280257574,0.4130657825579923,0.7180829827891487,0.1160545029824918,0.4447954131953313
107,0.4882303575580285,0.0,0.43820859031416315,0.545924583160039,0.1296019104483451,0.2384241287286996,0.4261812765212934,0.08011671476683038
111,0.06153513462036442,0.43820859031416315,0.0,0.10738562361147065,0.362679291040451,0.6755414089237892,0.07621330487768309,0.3917753095537281
113,0.09072190280257574,0.545924583160039,0.10738562361147065,0.0,0.4527418954677773,0.7775757219655138,0.1298788182024199,0.49274320207031186
119,0.4130657825579923,0.1296019104483451,0.362679291040451,0.4527418954677773,0.0,0.3586520196611918,0.33031526275892514,0.054531810360662764
124,0.7180829827891487,0.2384241287286996,0.6755414089237892,0.7775757219655138,0.3586520196611918,0.0,0.6631809998692465,0.30734381734179944
125,0.1160545029824918,0.4261812765212934,0.07621330487768309,0.1298788182024199,0.33031526275892514,0.6631809998692465,0.0,0.3739180461010479
127,0.4447954131953313,0.08011671476683038,0.3917753095537281,0.49274320207031186,0.054531810360662764,0.30734381734179944,0.3739180461010479,0.0
