,1,4,9,11,16,19,24,30
1,0.0,0.09236652300183357,0.1292908790737094,0.09774045894868423,0.08647286497644377,0.16849212514995557,0.09815864034930531,0.15766415150046947
4,0.09236652300183357,0.0,0.04820698468088729,0.007327237068960331,0.04727483643032927,0.1476373585529954,0.13584539056254488,0.07196527763947087
9,0.1292908790737094,0.04820698468088729,0.0,0.05172885444493431,0.042901590125905754,0.12559800808403457,0.137910117218665,0.052933756348180004
11,0.09774045894868423,0.007327237068960331,0.05172885444493431,0.0,0.053936936558066986,0.16787351535577363,0.14318745191283047,0.06109231804697381
16,0.08647286497644377,0.04727483643032927,0.042901590125905754,0.053936936558066986,0.0,0.12125607527422927,0.09599360801896654,0.09713230589765225
19,0.16849212514995557,0.1476373585529954,0.12559800808403457,0.16787351535577363,0.12125607527422927,0.0,0.09863576322090169,0.1696441919389957
24,0.09815864034930531,0.13584539056254488,0.137910117218665,0.14318745191283047,0.09599360801896654,0.09863576322090169,0.0,0.17721032644809773
30,0.15766415150046947,0.07196527763947087,0.052933756348180004,0.06109231804697381,0.09713230589765225,0.1696441919389957,0.17721032644809773,0.0
