,3,7,9,15,18,23,25,30
3,0.0,0.11700581385414059,0.0447121674010412,0.010870974870194642,0.08429553828462676,0.11086207983494188,0.12848880490138473,0.03415890003443981
7,0.11700581385414059,0.0,0.13090499183644969,0.13453230435051455,0.18973303572939482,0.01947938407440535,0.044548301158684606,0.15161191449693331
9,0.0447121674010412,0.13090499183644969,0.0,0.06114804208423512,0.05800673803637504,0.13078295452442476,0.11825798332365244,0.05487470363226658
15,0.010870974870194642,0.13453230435051455,0.06114804208423512,0.0,0.09992992630329084,0.14121905693709433,0.12674567762788536,0.033771370214681753
18,0.08429553828462676,0.18973303572939482,0.05800673803637504,0.09992992630329084,0.0,0.17942875696548144,0.17457336359684153,0.07497977767450152
23,0.11086207983494188,0.01947938407440535,0.13078295452442476,0.14121905693709433,0.17942875696548144,0.0,0.03037680322762212,0.1700231720241079
25,0.12848880490138473,0.044548301158684606,0.11825798332365244,0.12674567762788536,0.17457336359684153,0.03037680322762212,0.0,0.1388375040853521
30,0.03415890003443981,0.15161191449693331,0.05487470363226658,0.033771370214681753,0.07497977767450152,0.1700231720241079,0.1388375040853521,0.0
