,2,7,8,18,20,23,24,25
2,0.0,0.05223903442064475,0.08593014902732811,0.1713075596553586,0.057136694064586886,0.03721999022805076,0.09157706183946694,0.0057169627185392966
7,0.05223903442064475,0.0,0.1377596403225686,0.18902600770136846,0.03981972193538879,0.019158939512419454,0.13918444272267058,0.04393722693506242
8,0.08593014902732811,0.1377596403225686,0.0,0.15352628546600103,0.12212114705695912,0.1270166644467013,0.020749736539480035,0.09354178019491004
18,0.1713075596553586,0.18902600770136846,0.15352628546600103,0.0,0.16111746158929202,0.1790931266047345,0.17710878598715643,0.17287688408535606
20,0.057136694064586886,0.03981972193538879,0.12212114705695912,0.16111746158929202,0.0,0.05322884547519764,0.1342320330394693,0.05569909415055271
23,0.03721999022805076,0.019158939512419454,0.1270166644467013,0.1790931266047345,0.05322884547519764,0.0,0.12884916828885998,0.029727876784808035
24,0.09157706183946694,0.13918444272267058,0.020749736539480035,0.17710878598715643,0.1342320330394693,0.12884916828885998,0.0,0.08859407306290168
25,0.0057169627185392966,0.04393722693506242,0.09354178019491004,0.17287688408535606,0.05569909415055271,0.029727876784808035,0.08859407306290168,0.0
