,11,14,16,19,23,24,29,31
11,0.0,0.10834760247248817,0.05381557610003618,0.16772527130585604,0.09954755131195257,0.14315352221591868,0.14778389630283875,0.03726732726371762
14,0.10834760247248817,0.0,0.09600853128091555,0.12765161795622001,0.19675211871686757,0.1787706545581632,0.11417314386870524,0.11601436140967367
16,0.05381557610003618,0.09600853128091555,0.0,0.12114895435662912,0.09326157341500799,0.09582380204936179,0.10008366902302028,0.09514210969500504
19,0.16772527130585604,0.12765161795622001,0.12114895435662912,0.0,0.1908323641423169,0.09852736427647642,0.01716893086818992,0.19528817985440558
23,0.09954755131195257,0.19675211871686757,0.09326157341500799,0.1908323641423169,0.0,0.12710694024813754,0.17896793383765291,0.13580118804687968
24,0.14315352221591868,0.1787706545581632,0.09582380204936179,0.09852736427647642,0.12710694024813754,0.0,0.09066319693283116,0.1756670513515695
29,0.14778389630283875,0.11417314386870524,0.10008366902302028,0.01716893086818992,0.17896793383765291,0.09066319693283116,0.0,0.18024291037335213
31,0.03726732726371762,0.11601436140967367,0.09514210969500504,0.19528817985440558,0.13580118804687968,0.1756670513515695,0.18024291037335213,0.0
