,96,104,106,111,118,121,124,126
96,0.0,0.16069489314288524,0.70220359399504,0.06940405642661271,0.15379849063869908,0.6520573664975166,0.712702090668524,0.17824721138535607
104,0.16069489314288524,0.0,0.8539885097483809,0.17422851646013765,0.30783872167741144,0.8065395383873186,0.8733701936602544,0.32857986217416885
106,0.70220359399504,0.8539885097483809,0.0,0.6863599877335906,0.5564944535888694,0.07981755598915939,0.05993644491641991,0.5489931049301284
111,0.06940405642661271,0.17422851646013765,0.6863599877335906,0.0,0.13732351726269534,0.6423161973930543,0.7023128011265296,0.1820029521686075
118,0.15379849063869908,0.30783872167741144,0.5564944535888694,0.13732351726269534,0.0,0.5098772057559315,0.56917190974523,0.09859346593179173
121,0.6520573664975166,0.8065395383873186,0.07981755598915939,0.6423161973930543,0.5098772057559315,0.0,0.06275506019334103,0.4965842441558354
124,0.712702090668524,0.8733701936602544,0.05993644491641991,0.7023128011265296,0.56917190974523,0.06275506019334103,0.0,0.5573350429627673
126,0.17824721138535607,0.32857986217416885,0.5489931049301284,0.1820029521686075,0.09859346593179173,0.4965842441558354,0.5573350429627673,0.0
