,1,3,11,13,18,22,29,30
1,0.0,0.14005688929031926,0.10016679032984743,0.15089894996549072,0.1977325667569359,0.1506103839783247,0.15624691125013046,0.1573062873636487
3,0.14005688929031926,0.0,0.03303337597392942,0.11013992612072633,0.08434270049531338,0.11045077637958044,0.15816104651858912,0.03418337372323207
11,0.10016679032984743,0.03303337597392942,0.0,0.12032917736657137,0.11247189418355177,0.10262000023453359,0.15117280410915399,0.06263722573272636
13,0.15089894996549072,0.11013992612072633,0.12032917736657137,0.0,0.07063544157333071,0.02285713460403967,0.044542247518716216,0.12375153836093457
18,0.1977325667569359,0.08434270049531338,0.11247189418355177,0.07063544157333071,0.0,0.05492280527432892,0.1138745395801922,0.07502315878298824
22,0.1506103839783247,0.11045077637958044,0.10262000023453359,0.02285713460403967,0.05492280527432892,0.0,0.064939594770928,0.10665318100097008
29,0.15624691125013046,0.15816104651858912,0.15117280410915399,0.044542247518716216,0.1138745395801922,0.064939594770928,0.0,0.16178583510070693
30,0.1573062873636487,0.03418337372323207,0.06263722573272636,0.12375153836093457,0.07502315878298824,0.10665318100097008,0.16178583510070693,0.0
