,97,98,110,112,114,115,120,125
97,0.0,0.5158226307351674,0.17515908491978635,0.041652422527364334,0.3343434441854197,0.4733317982823142,0.16072158011802007,0.419913151297696
98,0.5158226307351674,0.0,0.6536013416042998,0.4765031935802016,0.18287410311257915,0.045702412578358935,0.375994992009931,0.9305935473511343
110,0.17515908491978635,0.6536013416042998,0.0,0.20835158899783118,0.47175637263398684,0.6125003137152931,0.3225281513411739,0.30311031279252204
112,0.041652422527364334,0.4765031935802016,0.20835158899783118,0.0,0.29091766648243617,0.4324874373315553,0.1235070390076717,0.4569678644488607
114,0.3343434441854197,0.18287410311257915,0.47175637263398684,0.29091766648243617,0.0,0.14163872673121838,0.2013395564428797,0.7543929641515893
115,0.4733317982823142,0.045702412578358935,0.6125003137152931,0.4324874373315553,0.14163872673121838,0.0,0.330518469364632,0.8894205056104256
120,0.16072158011802007,0.375994992009931,0.3225281513411739,0.1235070390076717,0.2013395564428797,0.330518469364632,0.0,0.567908816021597
125,0.419913151297696,0.9305935473511343,0.30311031279252204,0.4569678644488607,0.7543929641515893,0.8894205056104256,0.567908816021597,0.0
