,100,101,104,105,115,116,124,126
100,0.0,0.45739187509900503,0.7281921312143769,0.2719937464566983,0.16956327814081176,0.24142734848929073,0.1490000920381117,0.4128563386556559
101,0.45739187509900503,0.0,0.3056496620490464,0.23752022448775234,0.6282033031859086,0.6976406996623239,0.589612360722827,0.05573379152680186
104,0.7281921312143769,0.3056496620490464,0.0,0.46296310035088695,0.8726691643307486,0.9565946515782117,0.8728440567392864,0.32867243338289215
105,0.2719937464566983,0.23752022448775234,0.46296310035088695,0.0,0.41925723445115237,0.5037029625487779,0.41640344900172693,0.18490785072466007
115,0.16956327814081176,0.6282033031859086,0.8726691643307486,0.41925723445115237,0.0,0.08310512021403249,0.0890022942031239,0.5739515166801813
116,0.24142734848929073,0.6976406996623239,0.9565946515782117,0.5037029625487779,0.08310512021403249,0.0,0.12639544621776927,0.6508932536242241
124,0.1490000920381117,0.589612360722827,0.8728440567392864,0.41640344900172693,0.0890022942031239,0.12639544621776927,0.0,0.5567902728233324
126,0.4128563386556559,0.05573379152680186,0.32867243338289215,0.18490785072466007,0.5739515166801813,0.6508932536242241,0.5567902728233324,0.0
