,96,103,111,114,116,120,122,127
96,0.0,0.09027961705389985,0.07001557301543491,0.5895230675076295,0.8148932100058576,0.4195846520521897,0.09671679056243299,0.4327840147428672
103,0.09027961705389985,0.0,0.14794719231849165,0.6726532827177709,0.8853513740458484,0.4971999534916823,0.06467190839202303,0.4981183727714779
111,0.07001557301543491,0.14794719231849165,0.0,0.5612195159022,0.7785696450603323,0.4240757599308158,0.13848132682193684,0.4212530725527125
114,0.5895230675076295,0.6726532827177709,0.5612195159022,0.0,0.21714960245047524,0.2060579762745053,0.6407893321340716,0.2105677898522571
116,0.8148932100058576,0.8853513740458484,0.7785696450603323,0.21714960245047524,0.0,0.4112009780563986,0.8492619788717034,0.415471079645179
120,0.4195846520521897,0.4971999534916823,0.4240757599308158,0.2060579762745053,0.4112009780563986,0.0,0.4588790677377505,0.015393513624345207
122,0.09671679056243299,0.06467190839202303,0.13848132682193684,0.6407893321340716,0.8492619788717034,0.4588790677377505,0.0,0.45066560173995296
127,0.4327840147428672,0.4981183727714779,0.4212530725527125,0.2105677898522571,0.415471079645179,0.015393513624345207,0.45066560173995296,0.0
