,0,3,5,6,14,20,24,27
0,0.0,0.09008417268374883,0.06829671019341851,0.13034214372438496,0.006399248566262612,0.17255194601525806,0.19380204713799423,0.16234217920819752
3,0.09008417268374883,0.0,0.05538283636637951,0.05848986672093264,0.08772024420799733,0.08786201008260876,0.17683845037219004,0.18402995136780545
5,0.06829671019341851,0.05538283636637951,0.0,0.07281505718390217,0.06410559613639269,0.10510925702894938,0.13319460774917427,0.12785947214301985
6,0.13034214372438496,0.05848986672093264,0.07281505718390217,0.0,0.14062840706524526,0.02522228760743071,0.13997573645850997,0.15257950199077266
14,0.006399248566262612,0.08772024420799733,0.06410559613639269,0.14062840706524526,0.0,0.1703414189718123,0.18322688827644518,0.1739166487290388
20,0.17255194601525806,0.08786201008260876,0.10510925702894938,0.02522228760743071,0.1703414189718123,0.0,0.13520718157899095,0.15972457828831468
24,0.19380204713799423,0.17683845037219004,0.13319460774917427,0.13997573645850997,0.18322688827644518,0.13520718157899095,0.0,0.04324910324739333
27,0.16234217920819752,0.18402995136780545,0.12785947214301985,0.15257950199077266,0.1739166487290388,0.15972457828831468,0.04324910324739333,0.0
