,16,17,21,28,98,107,116,118
16,0.0,0.6590975246045275,0.2855314587789379,0.27768010636821006,0.7349464428970447,1.1290827771754406,0.763118650946613,0.9390796254203584
17,0.6590975246045275,0.0,0.2736223083130798,0.26723596899214125,1.046916606296157,0.7969827502043039,1.025275800824467,0.6870726866575358
21,0.2855314587789379,0.2736223083130798,0.0,0.20415076520285863,1.1446208914268787,0.9528900622879962,1.1403493495530035,0.8267373948921719
28,0.27768010636821006,0.26723596899214125,0.20415076520285863,0.0,0.7459099287885279,0.8868193611755097,0.7816033933846687,0.7053267189045757
98,0.7349464428970447,1.046916606296157,1.1446208914268787,0.7459099287885279,0.0,0.7909233400326863,0.03916188723591496,0.5806158054575579
107,1.1290827771754406,0.7969827502043039,0.9528900622879962,0.8868193611755097,0.7909233400326863,0.0,0.8897718695709561,0.19994785864057896
116,0.763118650946613,1.025275800824467,1.1403493495530035,0.7816033933846687,0.03916188723591496,0.8897718695709561,0.0,0.6199497762194651
118,0.9390796254203584,0.6870726866575358,0.8267373948921719,0.7053267189045757,0.5806158054575579,0.19994785864057896,0.6199497762194651,0.0
