,3,11,12,18,98,115,120,125
3,0.0,0.5972505753107284,0.6504211192581782,0.30423151010977484,0.8145956186941865,0.8608604292619076,1.0177932222866328,1.3101727596570487
11,0.5972505753107284,0.0,0.11449810697894994,0.7277854225787859,1.232838517923521,1.2258906495658195,1.1931909777430423,0.9155206862333747
12,0.6504211192581782,0.11449810697894994,0.0,0.6206406438280309,1.1222835631148211,1.1777147258346223,1.0894690998765089,0.913895256747451
18,0.30423151010977484,0.7277854225787859,0.6206406438280309,0.0,0.7579949850954233,0.7850496860801143,0.9388502600085198,1.2321104990351364
98,0.8145956186941865,1.232838517923521,1.1222835631148211,0.7579949850954233,0.0,0.047275298551760415,0.3809444485172546,0.9289233070858821
115,0.8608604292619076,1.2258906495658195,1.1777147258346223,0.7850496860801143,0.047275298551760415,0.0,0.3300515838940511,0.8849493499172711
120,1.0177932222866328,1.1931909777430423,1.0894690998765089,0.9388502600085198,0.3809444485172546,0.3300515838940511,0.0,0.5713081129627541
125,1.3101727596570487,0.9155206862333747,0.913895256747451,1.2321104990351364,0.9289233070858821,0.8849493499172711,0.5713081129627541,0.0
