,10,13,15,18,23,24,28,30
10,0.0,0.14176437046727428,0.13465986291384077,0.17175506663851897,0.021669860829025646,0.10356064314654054,0.20422880347102135,0.1642281520774424
13,0.14176437046727428,0.0,0.135700175373962,0.07033535463333944,0.1630575944900515,0.1094686365307714,0.07547413218404724,0.12284872981385977
15,0.13465986291384077,0.135700175373962,0.0,0.09872027102382681,0.13983937484947137,0.17864110858125776,0.17282458754650784,0.0334602044944659
18,0.17175506663851897,0.07033535463333944,0.09872027102382681,0.0,0.1792374223602372,0.17719300469869015,0.08893755492867121,0.07407655999890138
23,0.021669860829025646,0.1630575944900515,0.13983937484947137,0.1792374223602372,0.0,0.12886999815651734,0.2316473293468856,0.16878173016938192
24,0.10356064314654054,0.1094686365307714,0.17864110858125776,0.17719300469869015,0.12886999815651734,0.0,0.16305636990191028,0.17786900344369458
28,0.20422880347102135,0.07547413218404724,0.17282458754650784,0.08893755492867121,0.2316473293468856,0.16305636990191028,0.0,0.15892863143471841
30,0.1642281520774424,0.12284872981385977,0.0334602044944659,0.07407655999890138,0.16878173016938192,0.17786900344369458,0.15892863143471841,0.0
