,96,97,100,104,108,111,119,122
96,0.0,0.2697726646920296,0.5809668998059296,0.16163830378423513,0.8362523254974499,0.07015128502692475,0.7832802554009388,0.09690298715969886
97,0.2697726646920296,0.0,0.3117620800596193,0.42809730327908296,0.5884267187093193,0.26928402748730595,0.5246308429343874,0.3055796395427784
100,0.5809668998059296,0.3117620800596193,0.0,0.7315289855981356,0.27626460857728985,0.558332261001488,0.2120057045283665,0.6057710390496851
104,0.16163830378423513,0.42809730327908296,0.7315289855981356,0.0,0.980404250574577,0.17549397434723363,0.9374674066669342,0.17414938127195018
108,0.8362523254974499,0.5884267187093193,0.27626460857728985,0.980404250574577,0.0,0.8096140353284861,0.12722824702598678,0.8728550081883577
111,0.07015128502692475,0.26928402748730595,0.558332261001488,0.17549397434723363,0.8096140353284861,0.0,0.7750957342370847,0.1389065377456796
119,0.7832802554009388,0.5246308429343874,0.2120057045283665,0.9374674066669342,0.12722824702598678,0.7750957342370847,0.0,0.8100182141373952
122,0.09690298715969886,0.3055796395427784,0.6057710390496851,0.17414938127195018,0.8728550081883577,0.1389065377456796,0.8100182141373952,0.0
