,5,7,10,11,14,18,22,23
5,0.0,0.1362019969697044,0.12192177836600723,0.062334116808168784,0.0646831652302858,0.05769289113776909,0.05650146767451288,0.12750251509936134
7,0.1362019969697044,0.0,0.0349895040204148,0.0995203796072446,0.19145971829723568,0.1912236834664697,0.18839872237088778,0.02003064947053247
10,0.12192177836600723,0.0349895040204148,0.0,0.10375744259418254,0.16885741977257113,0.1727404682468586,0.15988865965774987,0.022558095787160608
11,0.062334116808168784,0.0995203796072446,0.10375744259418254,0.0,0.11447558795103634,0.11474375611628426,0.1033358310418355,0.10574350190241397
14,0.0646831652302858,0.19145971829723568,0.16885741977257113,0.11447558795103634,0.0,0.004357184015009784,0.06110244193856532,0.19721695234258943
18,0.05769289113776909,0.1912236834664697,0.1727404682468586,0.11474375611628426,0.004357184015009784,0.0,0.0562100224807323,0.18043546889654127
22,0.05650146767451288,0.18839872237088778,0.15988865965774987,0.1033358310418355,0.06110244193856532,0.0562100224807323,0.0,0.18696423798420278
23,0.12750251509936134,0.02003064947053247,0.022558095787160608,0.10574350190241397,0.19721695234258943,0.18043546889654127,0.18696423798420278,0.0
