,8,10,14,22,99,100,112,114
8,0.0,0.4618541558017023,0.41041062133020584,0.2550623087729588,0.7882441012065683,0.8291890619733223,0.7242845205602949,0.8049391749089716
10,0.4618541558017023,0.0,0.18827326395265312,0.6208376631645298,1.0040432672806296,0.8815958621134408,0.8028442067917667,0.7338671499610914
14,0.41041062133020584,0.18827326395265312,0.0,0.504394927978803,0.9585813764099634,0.863133795959599,0.8232104817064384,0.751331725082234
22,0.2550623087729588,0.6208376631645298,0.504394927978803,0.0,0.7150625035396835,1.012485626234301,0.8565434399515668,0.9399901958303108
99,0.7882441012065683,1.0040432672806296,0.9585813764099634,0.7150625035396835,0.0,0.6642332766191943,0.36546979241284194,0.6328429059427123
100,0.8291890619733223,0.8815958621134408,0.863133795959599,1.012485626234301,0.6642332766191943,0.0,0.2824294615482153,0.055896447290836974
112,0.7242845205602949,0.8028442067917667,0.8232104817064384,0.8565434399515668,0.36546979241284194,0.2824294615482153,0.0,0.3255827907496305
114,0.8049391749089716,0.7338671499610914,0.751331725082234,0.9399901958303108,0.6328429059427123,0.055896447290836974,0.3255827907496305,0.0
