,1,13,14,16,105,113,118,122
1,0.0,0.4352961404735231,0.41716869363672415,0.5345122714987266,0.9811997205671018,0.8697651645029271,0.8246224213333953,0.9344515910053114
13,0.4352961404735231,0.0,0.09914458282857214,0.14078931814511308,0.9048433492835034,0.9425365434407985,0.8531346793949774,1.0703737817510994
14,0.41716869363672415,0.09914458282857214,0.0,0.1858722578043628,0.9186155091335337,1.0223454976082769,0.8500420107870816,1.074520002203228
16,0.5345122714987266,0.14078931814511308,0.1858722578043628,0.0,1.0324948016628646,1.0584152462311351,0.9348733173905615,1.1670867040317414
105,0.9811997205671018,0.9048433492835034,0.9186155091335337,1.0324948016628646,0.0,0.194154827268178,0.1480993692542918,0.31907849854059483
113,0.8697651645029271,0.9425365434407985,1.0223454976082769,1.0584152462311351,0.194154827268178,0.0,0.10224397990315247,0.17180720338950178
118,0.8246224213333953,0.8531346793949774,0.8500420107870816,0.9348733173905615,0.1480993692542918,0.10224397990315247,0.0,0.21898031554833416
122,0.9344515910053114,1.0703737817510994,1.074520002203228,1.1670867040317414,0.31907849854059483,0.17180720338950178,0.21898031554833416,0.0
