,2,6,10,12,13,19,21,23
2,0.0,0.07077861540808064,0.015114957173058528,0.11648867358617701,0.14328286679464053,0.16964799393635577,0.15901131332590462,0.03961252040867319
6,0.07077861540808064,0.0,0.06695063484072512,0.08426276543484022,0.12463812786442749,0.17444093251278067,0.12039130445983676,0.06518379859792763
10,0.015114957173058528,0.06695063484072512,0.0,0.1475247631446014,0.14164956709260768,0.1768589842498569,0.1860807234709385,0.02285263370609544
12,0.11648867358617701,0.08426276543484022,0.1475247631446014,0.0,0.10804532458919701,0.16416991927814825,0.03741736225099988,0.16356934260387232
13,0.14328286679464053,0.12463812786442749,0.14164956709260768,0.10804532458919701,0.0,0.05834994217575912,0.129818851831609,0.1639104229925878
19,0.16964799393635577,0.17444093251278067,0.1768589842498569,0.16416991927814825,0.05834994217575912,0.0,0.18144750468204932,0.1968424399611259
21,0.15901131332590462,0.12039130445983676,0.1860807234709385,0.03741736225099988,0.129818851831609,0.18144750468204932,0.0,0.19525661450172765
23,0.03961252040867319,0.06518379859792763,0.02285263370609544,0.16356934260387232,0.1639104229925878,0.1968424399611259,0.19525661450172765,0.0
