,15,25,30,31,96,98,100,111
15,0.0,0.16483159963582605,0.1421908475540357,0.1048918611202885,0.8618024036189,1.1622445287038419,1.119372685923687,1.0137846152891772
25,0.16483159963582605,0.0,0.24469453406528488,0.09852703540646657,0.7712189453268951,1.0631022879072958,1.018805378161151,0.8507367796207003
30,0.1421908475540357,0.24469453406528488,0.0,0.15794467226986939,0.8472864318614839,1.0295790905396796,1.0183150217703045,0.8659454047568844
31,0.1048918611202885,0.09852703540646657,0.15794467226986939,0.0,0.8384490000975803,1.0983304415658666,1.0521752519135739,0.9484823022101728
96,0.8618024036189,0.7712189453268951,0.8472864318614839,0.8384490000975803,0.0,0.7938751593952951,0.5949982892007367,0.07266746942241611
98,1.1622445287038419,1.0631022879072958,1.0295790905396796,1.0983304415658666,0.7938751593952951,0.0,0.21438642536458338,0.7038046386898982
100,1.119372685923687,1.018805378161151,1.0183150217703045,1.0521752519135739,0.5949982892007367,0.21438642536458338,0.0,0.5659768710586754
111,1.0137846152891772,0.8507367796207003,0.8659454047568844,0.9484823022101728,0.07266746942241611,0.7038046386898982,0.5659768710586754,0.0
