,99,100,110,114,118,119,121,126
99,0.0,0.6246297565690262,0.20895417063631114,0.6543565045746781,0.22958432230292128,0.8417309980683317,0.7135246235369098,0.2261169807252685
100,0.6246297565690262,0.0,0.4592400282955342,0.047611380679301867,0.4209673578432092,0.21050138139581923,0.08720626427554527,0.4040960117023215
110,0.20895417063631114,0.4592400282955342,0.0,0.4705037681767807,0.04242204559404691,0.6725184225120839,0.5431623089780141,0.12728006732738942
114,0.6543565045746781,0.047611380679301867,0.4705037681767807,0.0,0.4346406759902665,0.20087872691908815,0.09756612069376372,0.437323363380819
118,0.22958432230292128,0.4209673578432092,0.04242204559404691,0.4346406759902665,0.0,0.6347865224439576,0.5069759133203782,0.09642178540194365
119,0.8417309980683317,0.21050138139581923,0.6725184225120839,0.20087872691908815,0.6347865224439576,0.0,0.12447699285174192,0.6146374801526433
121,0.7135246235369098,0.08720626427554527,0.5431623089780141,0.09756612069376372,0.5069759133203782,0.12447699285174192,0.0,0.4883355100596732
126,0.2261169807252685,0.4040960117023215,0.12728006732738942,0.437323363380819,0.09642178540194365,0.6146374801526433,0.4883355100596732,0.0
