,1,3,5,6,8,11,24,30
1,0.0,0.1383927553242468,0.1297471576448425,0.07399231090244282,0.09816018494913277,0.09861796276221249,0.0986132368921846,0.15746692712822635
3,0.1383927553242468,0.0,0.05471582989010037,0.05826385052777563,0.15873618324895025,0.03202046581296996,0.17347519347870938,0.033255340906547325
5,0.1297471576448425,0.05471582989010037,0.0,0.07233053140567486,0.11206704182581836,0.059479913397309216,0.12975303526323212,0.06289445088490957
6,0.07399231090244282,0.05826385052777563,0.07233053140567486,0.0,0.12128721502020522,0.030770582314324214,0.13681002856851848,0.0952403124799832
8,0.09816018494913277,0.15873618324895025,0.11206704182581836,0.12128721502020522,0.0,0.1324003841411017,0.020592433561753075,0.1730394174880751
11,0.09861796276221249,0.03202046581296996,0.059479913397309216,0.030770582314324214,0.1324003841411017,0.0,0.14378132527777832,0.06165868661738045
24,0.0986132368921846,0.17347519347870938,0.12975303526323212,0.13681002856851848,0.020592433561753075,0.14378132527777832,0.0,0.17744890497519514
30,0.15746692712822635,0.033255340906547325,0.06289445088490957,0.0952403124799832,0.1730394174880751,0.06165868661738045,0.17744890497519514,0.0
