,10,13,15,21,119,120,121,126
10,0.0,0.13769930184946963,0.6224904031286803,0.41936837828091483,0.7664317933512677,0.9726378565312643,0.8591514610534339,1.00127820428115
13,0.13769930184946963,0.0,0.3549055106049653,0.6972878563816831,0.7111849924846825,0.8816777870173407,0.7344771653109952,0.9545794416193321
15,0.6224904031286803,0.3549055106049653,0.0,0.15945868767254193,1.237727321707997,1.1280398619829815,1.1688933856411836,0.9745327743086651
21,0.41936837828091483,0.6972878563816831,0.15945868767254193,0.0,1.1221926922280419,0.9946525533431685,1.0356676686642026,0.9433892289502221
119,0.7664317933512677,0.7111849924846825,1.237727321707997,1.1221926922280419,0.0,0.3688650767404867,0.12667628468058423,0.6183950568496616
120,0.9726378565312643,0.8816777870173407,1.1280398619829815,0.9946525533431685,0.3688650767404867,0.0,0.242553408663119,0.2537444715113831
121,0.8591514610534339,0.7344771653109952,1.1688933856411836,1.0356676686642026,0.12667628468058423,0.242553408663119,0.0,0.49493992178562163
126,1.00127820428115,0.9545794416193321,0.9745327743086651,0.9433892289502221,0.6183950568496616,0.2537444715113831,0.49493992178562163,0.0
