,96,100,103,105,110,113,120,124
96,0.0,0.568499975295674,0.08887972822710778,0.3186979740404043,0.1227595758972573,0.1694867064158221,0.42517318317661995,0.7100893370493792
100,0.568499975295674,0.0,0.6493493281946523,0.26665635489127876,0.4598636487521162,0.4273832818435981,0.16317823232277015,0.1466672237186315
103,0.08887972822710778,0.6493493281946523,0.0,0.4013089935017233,0.21110560031558254,0.22686106190349933,0.4918266023595666,0.7842168921488916
105,0.3186979740404043,0.26665635489127876,0.4013089935017233,0.0,0.2021724238579807,0.20470119822575428,0.14878665465876142,0.42047231567773685
110,0.1227595758972573,0.4598636487521162,0.21110560031558254,0.2021724238579807,0.0,0.13605700068938612,0.322089062735345,0.6060493778333271
113,0.1694867064158221,0.4273832818435981,0.22686106190349933,0.20470119822575428,0.13605700068938612,0.0,0.2674180938363872,0.5667577976122492
120,0.42517318317661995,0.16317823232277015,0.4918266023595666,0.14878665465876142,0.322089062735345,0.2674180938363872,0.0,0.30062026273012893
124,0.7100893370493792,0.1466672237186315,0.7842168921488916,0.42047231567773685,0.6060493778333271,0.5667577976122492,0.30062026273012893,0.0
