,12,14,15,21,108,118,122,124
12,0.0,0.676895964638377,0.0828625181360727,0.13397014890158945,1.2657362851663845,0.8271529199868493,0.9506254343909728,1.1120524597591717
14,0.676895964638377,0.0,0.42196832118373034,0.5902367014356205,0.8516463307138772,0.9119807623391643,1.0834644995743588,0.7387788436714295
15,0.0828625181360727,0.42196832118373034,0.0,0.15789600816776386,1.3027111977060797,0.8731797121359383,0.9487508977000864,1.1890766284736105
21,0.13397014890158945,0.5902367014356205,0.15789600816776386,0.0,1.193280520835749,0.82026014679485,0.9077130265597051,1.0653641261753055
108,1.2657362851663845,0.8516463307138772,1.3027111977060797,1.193280520835749,0.0,0.685933467386514,0.87906680005222,0.16808778126177465
118,0.8271529199868493,0.9119807623391643,0.8731797121359383,0.82026014679485,0.685933467386514,0.0,0.21720384091644743,0.5666652103660113
122,0.9506254343909728,1.0834644995743588,0.9487508977000864,0.9077130265597051,0.87906680005222,0.21720384091644743,0.0,0.7445845193278507
124,1.1120524597591717,0.7387788436714295,1.1890766284736105,1.0653641261753055,0.16808778126177465,0.5666652103660113,0.7445845193278507,0.0
