,3,10,15,17,20,25,30,31
3,0.0,0.12659171717584025,0.010957480446523714,0.20080761807527453,0.08764036768358505,0.12889184548451144,0.03434959546788091,0.02463223444856273
10,0.12659171717584025,0.0,0.13642644083048497,0.1258901003523486,0.054752904057978516,0.00919417066285392,0.16555516315297802,0.13199918057119864
15,0.010957480446523714,0.13642644083048497,0.0,0.1932482753083608,0.08711308458639411,0.1267591860280808,0.03388509861495807,0.015562391702457325
17,0.20080761807527453,0.1258901003523486,0.1932482753083608,0.0,0.160811290790498,0.11428924597814646,0.20537607977347294,0.19892018920570184
20,0.08764036768358505,0.054752904057978516,0.08711308458639411,0.160811290790498,0.0,0.056116785154356315,0.10666264067361314,0.07979301107897943
25,0.12889184548451144,0.00919417066285392,0.1267591860280808,0.11428924597814646,0.056116785154356315,0.0,0.13881665174395724,0.1167943276350023
30,0.03434959546788091,0.16555516315297802,0.03388509861495807,0.20537607977347294,0.10666264067361314,0.13881665174395724,0.0,0.043336642617510614
31,0.02463223444856273,0.13199918057119864,0.015562391702457325,0.19892018920570184,0.07979301107897943,0.1167943276350023,0.043336642617510614,0.0
