,2,3,9,12,19,20,22,29
2,0.0,0.12542097894153056,0.1218783288262989,0.11762840951247878,0.166592293046108,0.05734939486584776,0.12727760933056698,0.14537938524644872
3,0.12542097894153056,0.0,0.04449083538863848,0.022423953435101826,0.17406617341838357,0.08688469288810013,0.10964573326764894,0.1575768539611199
9,0.1218783288262989,0.04449083538863848,0.0,0.03471315793471329,0.1271124558152109,0.10297670440248788,0.0634981577849075,0.11026533360086191
12,0.11762840951247878,0.022423953435101826,0.03471315793471329,0.0,0.16026869474332472,0.10463990681220038,0.09000107070453199,0.15174848548381575
19,0.166592293046108,0.17406617341838357,0.1271124558152109,0.16026869474332472,0.0,0.1703046076651039,0.07389342787141256,0.01741282845937887
20,0.05734939486584776,0.08688469288810013,0.10297670440248788,0.10463990681220038,0.1703046076651039,0.0,0.1437921582098618,0.1639263876600327
22,0.12727760933056698,0.10964573326764894,0.0634981577849075,0.09000107070453199,0.07389342787141256,0.1437921582098618,0.0,0.06444261920653624
29,0.14537938524644872,0.1575768539611199,0.11026533360086191,0.15174848548381575,0.01741282845937887,0.1639263876600327,0.06444261920653624,0.0
