,96,98,101,113,115,116,125,126
96,0.0,0.7790434125309168,0.15095042400329017,0.17114000195038043,0.7275905667519014,0.814331820706835,0.1823828840430586,0.17920501190719768
98,0.7790434125309168,0.0,0.6577562384371567,0.6478385655395318,0.046959857266140326,0.04573580014792156,0.9292007982924932,0.625786881682969
101,0.15095042400329017,0.6577562384371567,0.0,0.03621274623409455,0.6335916831201879,0.6995344014395714,0.28169120876738324,0.0565045660893821
113,0.17114000195038043,0.6478385655395318,0.03621274623409455,0.0,0.5891999538849877,0.6691485513395875,0.30599793609365417,0.022101444040579503
115,0.7275905667519014,0.046959857266140326,0.6335916831201879,0.5891999538849877,0.0,0.08326922143993758,0.8857644368542542,0.5729939524780008
116,0.814331820706835,0.04573580014792156,0.6995344014395714,0.6691485513395875,0.08326922143993758,0.0,0.9697067529495845,0.6479238312763513
125,0.1823828840430586,0.9292007982924932,0.28169120876738324,0.30599793609365417,0.8857644368542542,0.9697067529495845,0.0,0.3152059341063649
126,0.17920501190719768,0.625786881682969,0.0565045660893821,0.022101444040579503,0.5729939524780008,0.6479238312763513,0.3152059341063649,0.0
