,1,7,11,22,24,26,29,31
1,0.0,0.03881489568304068,0.0964611041705165,0.14507048446866913,0.09743345715541614,0.09374655886155908,0.1530819225063091,0.12584280632498962
7,0.03881489568304068,0.0,0.0938270119792276,0.18295070357639365,0.13638274834389816,0.12861544744860964,0.1763915552437713,0.1154277430473539
11,0.0964611041705165,0.0938270119792276,0.0,0.10109316506532592,0.14217199988074566,0.14400167528714858,0.1465474017314684,0.03670973687345912
22,0.14507048446866913,0.18295070357639365,0.10109316506532592,0.0,0.12623411594931966,0.13029289758777163,0.062118743724484504,0.12116131740854733
24,0.09743345715541614,0.13638274834389816,0.14217199988074566,0.12623411594931966,0.0,0.009917538463954125,0.08995719993882506,0.17473438828423213
26,0.09374655886155908,0.12861544744860964,0.14400167528714858,0.13029289758777163,0.009917538463954125,0.0,0.09295682632115941,0.18389153029230237
29,0.1530819225063091,0.1763915552437713,0.1465474017314684,0.062118743724484504,0.08995719993882506,0.09295682632115941,0.0,0.1791612446661925
31,0.12584280632498962,0.1154277430473539,0.03670973687345912,0.12116131740854733,0.17473438828423213,0.18389153029230237,0.1791612446661925,0.0
