,6,7,21,31,98,111,122,124
6,0.0,0.31233263730273236,0.6251581924391342,0.46650451032190443,0.8115212861796668,1.2254275540823951,1.3129050897359078,0.8440621581544422
7,0.31233263730273236,0.0,0.5021515743872411,0.5625994697209338,0.856088810195003,1.043407773616942,1.0885380193945784,0.8570280791575815
21,0.6251581924391342,0.5021515743872411,0.0,0.09711299392366118,1.124147753981348,0.8956393555064149,0.9126363821932145,1.07844856629646
31,0.46650451032190443,0.5625994697209338,0.09711299392366118,0.0,1.128705497097029,0.9517002338744371,0.9736123030648567,1.0755591765920842
98,0.8115212861796668,0.856088810195003,1.124147753981348,1.128705497097029,0.0,0.7852651956135434,0.8154351800608747,0.10767211557936279
111,1.2254275540823951,1.043407773616942,0.8956393555064149,0.9517002338744371,0.7852651956135434,0.0,0.12483375337207017,0.6830605143383764
122,1.3129050897359078,1.0885380193945784,0.9126363821932145,0.9736123030648567,0.8154351800608747,0.12483375337207017,0.0,0.7404358295106039
124,0.8440621581544422,0.8570280791575815,1.07844856629646,1.0755591765920842,0.10767211557936279,0.6830605143383764,0.7404358295106039,0.0
