,97,99,102,107,110,114,125,127
97,0.0,0.3201731403681725,0.10115667095934089,0.3036282235393605,0.17514981418314177,0.3343110022880869,0.42000957320466115,0.16987169315307973
99,0.3201731403681725,0.0,0.349343361710566,0.04147313314507485,0.20970583665702136,0.6532104014183613,0.10369378728343893,0.47840815119664304
102,0.10115667095934089,0.349343361710566,0.0,0.3428931278200197,0.14236461120544422,0.3342112651670398,0.443178906516668,0.23279336820179958
107,0.3036282235393605,0.04147313314507485,0.3428931278200197,0.0,0.21606270178351908,0.634468966789617,0.11709687509284762,0.4555323157924102
110,0.17514981418314177,0.20970583665702136,0.14236461120544422,0.21606270178351908,0.0,0.47202824795258097,0.30341937609966163,0.3350174641994794
114,0.3343110022880869,0.6532104014183613,0.3342112651670398,0.634468966789617,0.47202824795258097,0.0,0.7550974498710116,0.20532291015336807
125,0.42000957320466115,0.10369378728343893,0.443178906516668,0.11709687509284762,0.30341937609966163,0.7550974498710116,0.0,0.5693777038212877
127,0.16987169315307973,0.47840815119664304,0.23279336820179958,0.4555323157924102,0.3350174641994794,0.20532291015336807,0.5693777038212877,0.0
