,3,5,11,22,25,26,28,31
3,0.0,0.05535507468982097,0.03357633508713277,0.11155074382065305,0.1295154207112752,0.15743804040806497,0.1766377066694081,0.024889819053033887
5,0.05535507468982097,0.0,0.061689962673123946,0.055940896344129985,0.12219963975775192,0.12270356941179886,0.11759613437835412,0.08224681096612778
11,0.03357633508713277,0.061689962673123946,0.0,0.10280787911156768,0.08369555889926354,0.15099136748112443,0.1792253078134655,0.038826853941159464
22,0.11155074382065305,0.055940896344129985,0.10280787911156768,0.0,0.138953076188521,0.13680803888177737,0.06909323660272801,0.12455106056058496
25,0.1295154207112752,0.12219963975775192,0.08369555889926354,0.138953076188521,0.0,0.09171358028450832,0.2062865729773007,0.11671493801517806
26,0.15743804040806497,0.12270356941179886,0.15099136748112443,0.13680803888177737,0.09171358028450832,0.0,0.1733662448712654,0.19081200488187988
28,0.1766377066694081,0.11759613437835412,0.1792253078134655,0.06909323660272801,0.2062865729773007,0.1733662448712654,0.0,0.1933701794167491
31,0.024889819053033887,0.08224681096612778,0.038826853941159464,0.12455106056058496,0.11671493801517806,0.19081200488187988,0.1933701794167491,0.0
