,3,5,16,17,21,24,25,28
3,0.0,0.055066129215847394,0.06904911922846402,0.19971304869890763,0.05525708956790364,0.17538796030577197,0.12818988843971388,0.17575808514460467
5,0.055066129215847394,0.0,0.03717676377877281,0.15614494810194995,0.08178628957794017,0.13174469945794612,0.12061945505044498,0.11626625730946448
16,0.06904911922846402,0.03717676377877281,0.0,0.12077254424761524,0.12111955384820842,0.09905205996937821,0.07601454119120915,0.1446612527813715
17,0.19971304869890763,0.15614494810194995,0.12077254424761524,0.0,0.20631583867126554,0.025280522951126948,0.11414459261153369,0.1716288040331675
21,0.05525708956790364,0.08178628957794017,0.12111955384820842,0.20631583867126554,0.0,0.20382129383965503,0.14194375513964044,0.16684740277948118
24,0.17538796030577197,0.13174469945794612,0.09905205996937821,0.025280522951126948,0.20382129383965503,0.0,0.08892894637294038,0.16353606122259876
25,0.12818988843971388,0.12061945505044498,0.07601454119120915,0.11414459261153369,0.14194375513964044,0.08892894637294038,0.0,0.20503695589150486
28,0.17575808514460467,0.11626625730946448,0.1446612527813715,0.1716288040331675,0.16684740277948118,0.16353606122259876,0.20503695589150486,0.0
