,99,102,107,118,120,124,125,127
99,0.0,0.3492824404262519,0.04229910388206503,0.23268846481491823,0.48071445333264584,0.7729900633013542,0.10562071898866404,0.48171464469321507
102,0.3492824404262519,0.0,0.3452830197946412,0.11701086320422835,0.22073818780941556,0.4735751113324357,0.4419924067329102,0.2346021568446935
107,0.04229910388206503,0.3452830197946412,0.0,0.22890377311913912,0.45339490280003686,0.756999780949818,0.11665593184819156,0.4577720475061374
118,0.23268846481491823,0.11701086320422835,0.22890377311913912,0.0,0.2850544406633529,0.5684682595966097,0.3306272336628263,0.29565793657531914
120,0.48071445333264584,0.22073818780941556,0.45339490280003686,0.2850544406633529,0.0,0.30330108575842796,0.569428883955501,0.015025161628859845
124,0.7729900633013542,0.4735751113324357,0.756999780949818,0.5684682595966097,0.30330108575842796,0.0,0.8673174456122902,0.3011102630153738
125,0.10562071898866404,0.4419924067329102,0.11665593184819156,0.3306272336628263,0.569428883955501,0.8673174456122902,0.0,0.5714048646395999
127,0.48171464469321507,0.2346021568446935,0.4577720475061374,0.29565793657531914,0.015025161628859845,0.3011102630153738,0.5714048646395999,0.0
