,1,4,11,12,99,108,112,116
1,0.0,0.2748511495171152,0.45041851441792746,0.3302660456162275,0.8529688710850469,1.047763029086459,0.8179936756681788,1.005961414498178
4,0.2748511495171152,0.0,0.20199013509944944,0.20628561391977357,0.9360985164411174,0.9859010183361666,0.8062846448885193,1.0403629225997866
11,0.45041851441792746,0.20199013509944944,0.0,0.11604589807155845,0.8626607181395638,1.309388049169852,0.9717439647240187,1.286847869234619
12,0.3302660456162275,0.20628561391977357,0.11604589807155845,0.0,0.7442931726943856,1.2341513087178664,0.9401965127613573,1.1601676810493964
99,0.8529688710850469,0.9360985164411174,0.8626607181395638,0.7442931726943856,0.0,0.9082197699400927,0.3645352488204938,0.8538328920367919
108,1.047763029086459,0.9859010183361666,1.309388049169852,1.2341513087178664,0.9082197699400927,0.0,0.5569008306492994,0.05889331608940364
112,0.8179936756681788,0.8062846448885193,0.9717439647240187,0.9401965127613573,0.3645352488204938,0.5569008306492994,0.0,0.5044302246790642
116,1.005961414498178,1.0403629225997866,1.286847869234619,1.1601676810493964,0.8538328920367919,0.05889331608940364,0.5044302246790642,0.0
