,7,14,18,19,102,110,117,123
7,0.0,0.20416444286826213,0.35952797607524956,0.24356195975202974,0.8472071092334706,0.899303974741574,0.8135068993603317,0.9442749777788008
14,0.20416444286826213,0.0,0.12131486294290332,0.2089146184463005,0.7750326285542823,0.8684565680441789,0.7694828664536841,0.8993362240405481
18,0.35952797607524956,0.12131486294290332,0.0,0.21344282779838572,0.839572463193173,0.946105826937213,0.7753505190763517,0.958974666348569
19,0.24356195975202974,0.2089146184463005,0.21344282779838572,0.0,0.6273235964353052,0.6605890644670868,0.6708939298183165,0.7384315139684016
102,0.8472071092334706,0.7750326285542823,0.839572463193173,0.6273235964353052,0.0,0.13856658520596465,0.24998497912846068,0.12960419703176312
110,0.899303974741574,0.8684565680441789,0.946105826937213,0.6605890644670868,0.13856658520596465,0.0,0.37530657292268316,0.15271716303742142
117,0.8135068993603317,0.7694828664536841,0.7753505190763517,0.6708939298183165,0.24998497912846068,0.37530657292268316,0.0,0.2528319100102754
123,0.9442749777788008,0.8993362240405481,0.958974666348569,0.7384315139684016,0.12960419703176312,0.15271716303742142,0.2528319100102754,0.0
