,98,99,101,108,114,117,120,122
98,0.0,0.8398905805468684,0.6592761789531806,0.06663894896983977,0.18567068779661694,0.2997062059645659,0.37965034003194154,0.8178169290814853
99,0.8398905805468684,0.0,0.18847858060195644,0.9000435670523258,0.6456628040203,0.5533084422843364,0.48351479506019523,0.03532159431617091
101,0.6592761789531806,0.18847858060195644,0.0,0.7331658216207868,0.4818425468346031,0.3705008069314349,0.29366102274821276,0.16152369514993942
108,0.06663894896983977,0.9000435670523258,0.7331658216207868,0.0,0.25364494257044756,0.3633464972355937,0.4414642721660364,0.8734587469704539
114,0.18567068779661694,0.6456628040203,0.4818425468346031,0.25364494257044756,0.0,0.12061439376287678,0.20590637378083612,0.6401370049733481
117,0.2997062059645659,0.5533084422843364,0.3705008069314349,0.3633464972355937,0.12061439376287678,0.0,0.08537978514786645,0.5290289125628708
120,0.37965034003194154,0.48351479506019523,0.29366102274821276,0.4414642721660364,0.20590637378083612,0.08537978514786645,0.0,0.4579221141843651
122,0.8178169290814853,0.03532159431617091,0.16152369514993942,0.8734587469704539,0.6401370049733481,0.5290289125628708,0.4579221141843651,0.0
