,10,12,15,20,24,29,30,31
10,0.0,0.142004159088102,0.13325105023965228,0.0532914095187201,0.10263154907924942,0.14176477605897178,0.16333984470770013,0.12899793908148605
12,0.142004159088102,0.0,0.025080929872709747,0.10381079078989298,0.16542631937143662,0.15044917017646373,0.019482872216227697,0.04303379266057986
15,0.13325105023965228,0.025080929872709747,0.0,0.08523989043998188,0.17811182346528326,0.16523543795440235,0.033143394273462266,0.015118510825739584
20,0.0532914095187201,0.10381079078989298,0.08523989043998188,0.0,0.13364815623601714,0.1629360746674255,0.10550366269057836,0.07819264474368942
24,0.10263154907924942,0.16542631937143662,0.17811182346528326,0.13364815623601714,0.0,0.09110227913126978,0.1772140445077142,0.1758012934716034
29,0.14176477605897178,0.15044917017646373,0.16523543795440235,0.1629360746674255,0.09110227913126978,0.0,0.16005428333522312,0.18092416044296714
30,0.16333984470770013,0.019482872216227697,0.033143394273462266,0.10550366269057836,0.1772140445077142,0.16005428333522312,0.0,0.04255006167003096
31,0.12899793908148605,0.04303379266057986,0.015118510825739584,0.07819264474368942,0.1758012934716034,0.18092416044296714,0.04255006167003096,0.0
