,14,18,21,22,96,114,120,125
14,0.0,0.12953286845506745,0.610422678158742,0.481433890259537,0.9547166310321418,0.7426188568566556,0.8741191972756752,1.1606509769710351
18,0.12953286845506745,0.0,0.5500777819290452,0.4785947635044159,1.0727091612491895,0.7110326593973181,0.93877334636428,1.2416141982553113
21,0.610422678158742,0.5500777819290452,0.0,0.2593702377158567,0.8217262147445695,1.0104102396322772,0.9901530598055696,0.9635665176980286
22,0.481433890259537,0.4785947635044159,0.2593702377158567,0.0,0.7297607763208579,0.9755060957549555,0.9952604196106811,0.8655795361989344
96,0.9547166310321418,1.0727091612491895,0.8217262147445695,0.7297607763208579,0.0,0.5878569187869598,0.4209954362909769,0.18190783812947728
114,0.7426188568566556,0.7110326593973181,1.0104102396322772,0.9755060957549555,0.5878569187869598,0.0,0.20593705850763513,0.7520245440821942
120,0.8741191972756752,0.93877334636428,0.9901530598055696,0.9952604196106811,0.4209954362909769,0.20593705850763513,0.0,0.5705825722612212
125,1.1606509769710351,1.2416141982553113,0.9635665176980286,0.8655795361989344,0.18190783812947728,0.7520245440821942,0.5705825722612212,0.0
