,10,18,23,30,96,113,115,126
10,0.0,0.24998420431583568,0.2341904563225891,0.38596115126285796,0.9944062360610753,0.9821628405854759,0.893248641317493,0.9998074741124441
18,0.24998420431583568,0.0,0.2763944292357329,0.5569414282395676,1.0778872379526896,1.0758331142797515,0.7839576283928118,1.012111871852622
23,0.2341904563225891,0.2763944292357329,0.0,0.5481093921651978,1.1311898403197305,1.205418518792978,0.8479384135595054,1.137733465836109
30,0.38596115126285796,0.5569414282395676,0.5481093921651978,0.0,0.8456612658762258,0.9797547087593235,1.018692313493629,0.9072027266916333
96,0.9944062360610753,1.0778872379526896,1.1311898403197305,0.8456612658762258,0.0,0.17273762653718047,0.7298135402491888,0.18210167605183017
113,0.9821628405854759,1.0758331142797515,1.205418518792978,0.9797547087593235,0.17273762653718047,0.0,0.585604313466468,0.022982928490651252
115,0.893248641317493,0.7839576283928118,0.8479384135595054,1.018692313493629,0.7298135402491888,0.585604313466468,0.0,0.5704080288593282
126,0.9998074741124441,1.012111871852622,1.137733465836109,0.9072027266916333,0.18210167605183017,0.022982928490651252,0.5704080288593282,0.0
