,97,101,107,112,115,118,122,123
97,0.0,0.1462686219307678,0.30811473515774906,0.042321730344840214,0.47806839746443835,0.13685035042239282,0.3030426060546941,0.038671582116327374
101,0.1462686219307678,0.0,0.16533771983521778,0.18557460826592995,0.6279036742112206,0.11324213696699582,0.16033729822898074,0.1177119285131151
107,0.30811473515774906,0.16533771983521778,0.0,0.3496404582801155,0.7812713205572888,0.22897773407152208,0.013029702503189175,0.27526308221211565
112,0.042321730344840214,0.18557460826592995,0.3496404582801155,0.0,0.43509920549474507,0.1686687519918655,0.34282777325121083,0.07620461979335039
115,0.47806839746443835,0.6279036742112206,0.7812713205572888,0.43509920549474507,0.0,0.575356123506599,0.7694065512894451,0.5033951703908973
118,0.13685035042239282,0.11324213696699582,0.22897773407152208,0.1686687519918655,0.575356123506599,0.0,0.21707079312418376,0.11373032975197975
122,0.3030426060546941,0.16033729822898074,0.013029702503189175,0.34282777325121083,0.7694065512894451,0.21707079312418376,0.0,0.2694047227789662
123,0.038671582116327374,0.1177119285131151,0.27526308221211565,0.07620461979335039,0.5033951703908973,0.11373032975197975,0.2694047227789662,0.0
