,0,8,10,14,20,24,28,30
0,0.0,0.1590427827781552,0.16453249220800176,0.0063479537342342705,0.17181449478543612,0.19263085876943045,0.09510836241541692,0.07018892720426191
8,0.1590427827781552,0.0,0.10130573115735554,0.16072817112301227,0.12255148022076179,0.020868554075592096,0.14122703677405796,0.17300946836057995
10,0.16453249220800176,0.10130573115735554,0.0,0.16877480891084728,0.054150479784833845,0.10387600387401447,0.20470263796559762,0.16452358778307932
14,0.0063479537342342705,0.16072817112301227,0.16877480891084728,0.0,0.1697248408564492,0.181544758611692,0.08618995173365157,0.07144183407727338
20,0.17181449478543612,0.12255148022076179,0.054150479784833845,0.1697248408564492,0.0,0.13451985982579412,0.2050526240107321,0.10648904191045332
24,0.19263085876943045,0.020868554075592096,0.10387600387401447,0.181544758611692,0.13451985982579412,0.0,0.16337335881524281,0.17811534810909063
28,0.09510836241541692,0.14122703677405796,0.20470263796559762,0.08618995173365157,0.2050526240107321,0.16337335881524281,0.0,0.15909123136461026
30,0.07018892720426191,0.17300946836057995,0.16452358778307932,0.07144183407727338,0.10648904191045332,0.17811534810909063,0.15909123136461026,0.0
