,4,8,10,19,22,29,30,31
4,0.0,0.13079845244244767,0.08667522788689648,0.14923989681755906,0.1105681281628947,0.13491399201526913,0.07312685706865671,0.04859659219568118
8,0.13079845244244767,0.0,0.10128061497611315,0.08044698681714052,0.10845682386275735,0.0699013358623855,0.17296201827197466,0.16810260975830194
10,0.08667522788689648,0.10128061497611315,0.0,0.17582462032401328,0.15676712642628876,0.14313355728952812,0.16471150662024722,0.13086832500861825
19,0.14923989681755906,0.08044698681714052,0.17582462032401328,0.0,0.07398539589806741,0.01742924308461284,0.17147857251519386,0.19734211275502117
22,0.1105681281628947,0.10845682386275735,0.15676712642628876,0.07398539589806741,0.0,0.06451213411747819,0.10643340383671629,0.12354355790782102
29,0.13491399201526913,0.0699013358623855,0.14313355728952812,0.01742924308461284,0.06451213411747819,0.0,0.1612923566056986,0.18231582312550623
30,0.07312685706865671,0.17296201827197466,0.16471150662024722,0.17147857251519386,0.10643340383671629,0.1612923566056986,0.0,0.043042955865743776
31,0.04859659219568118,0.16810260975830194,0.13086832500861825,0.19734211275502117,0.12354355790782102,0.18231582312550623,0.043042955865743776,0.0
