,100,104,106,108,112,114,117,123
100,0.0,0.7244636148520737,0.13515310055060548,0.27396713797583927,0.2695869437515094,0.04813123352451872,0.08727600636175198,0.3330868136412274
104,0.7244636148520737,0.0,0.8529690744486974,0.9758101817467094,0.4579600002190346,0.7389016224784183,0.6492273825988013,0.39357559378961077
106,0.13515310055060548,0.8529690744486974,0.0,0.14444753874327396,0.40398657974194513,0.12226051723079542,0.22017229414774944,0.47570883315505247
108,0.27396713797583927,0.9758101817467094,0.14444753874327396,0.0,0.5377787218101,0.24498497559200694,0.35852147071818324,0.6082181218572764
112,0.2695869437515094,0.4579600002190346,0.40398657974194513,0.5377787218101,0.0,0.2909380590890817,0.18413260632559203,0.0744700515692611
114,0.04813123352451872,0.7389016224784183,0.12226051723079542,0.24498497559200694,0.2909380590890817,0.0,0.11742232076948127,0.36032762861511236
117,0.08727600636175198,0.6492273825988013,0.22017229414774944,0.35852147071818324,0.18413260632559203,0.11742232076948127,0.0,0.2555440869682165
123,0.3330868136412274,0.39357559378961077,0.47570883315505247,0.6082181218572764,0.0744700515692611,0.36032762861511236,0.2555440869682165,0.0
