,7,25,27,28,97,101,105,121
7,0.0,0.3148971023637208,0.3850128296501903,0.3927988618185149,0.8715054261117156,0.9921605733447617,1.0080440885555972,0.9003107877805475
25,0.3148971023637208,0.0,0.40496403863350566,0.4631461173109825,0.8386846174914704,0.8675474464189492,1.0086076246719855,1.090942600100834
27,0.3850128296501903,0.40496403863350566,0.0,0.07185229612738282,0.6480049368188158,0.746805795708605,0.7978666219947436,0.7795983178657664
28,0.3927988618185149,0.4631461173109825,0.07185229612738282,0.0,0.6340083870021017,0.7051035178533802,0.7980663369671114,0.7360857611628143
97,0.8715054261117156,0.8386846174914704,0.6480049368188158,0.6340083870021017,0.0,0.1381457085321175,0.1162366283670413,0.3930425458595622
101,0.9921605733447617,0.8675474464189492,0.746805795708605,0.7051035178533802,0.1381457085321175,0.0,0.23648938080107273,0.5099013976054053
105,1.0080440885555972,1.0086076246719855,0.7978666219947436,0.7980663369671114,0.1162366283670413,0.23648938080107273,0.0,0.3289757543460247
121,0.9003107877805475,1.090942600100834,0.7795983178657664,0.7360857611628143,0.3930425458595622,0.5099013976054053,0.3289757543460247,0.0
