,4,6,15,19,25,26,28,31
4,0.0,0.024559806405965123,0.046739566054302094,0.1495217907927806,0.0827982966415567,0.13575028392969107,0.17419825769678438,0.04877404722605081
6,0.024559806405965123,0.0,0.06984491166010572,0.17132542935824108,0.06585785530616659,0.12499749591575615,0.18802658743774245,0.06773417532244712
15,0.046739566054302094,0.06984491166010572,0.0,0.18725027626350393,0.1266671942108527,0.1890394382375006,0.1736490326606214,0.015454351658685006
19,0.1495217907927806,0.17132542935824108,0.18725027626350393,0.0,0.17396069009226076,0.10819421691964914,0.07233713652022748,0.1976294445153141
25,0.0827982966415567,0.06585785530616659,0.1266671942108527,0.17396069009226076,0.0,0.0905382357805077,0.2050302588079829,0.11691992460504493
26,0.13575028392969107,0.12499749591575615,0.1890394382375006,0.10819421691964914,0.0905382357805077,0.0,0.17220910061076278,0.189132644495943
28,0.17419825769678438,0.18802658743774245,0.1736490326606214,0.07233713652022748,0.2050302588079829,0.17220910061076278,0.0,0.19248840068728038
31,0.04877404722605081,0.06773417532244712,0.015454351658685006,0.1976294445153141,0.11691992460504493,0.189132644495943,0.19248840068728038,0.0
