,103,104,108,110,117,120,125,126
103,0.0,0.11482837528052847,0.9122507455593267,0.2128100755729402,0.5662032771767523,0.4937622992801619,0.09145770949194053,0.23989398469481577
104,0.11482837528052847,0.0,0.976963708254674,0.2685242397448435,0.6471611251496252,0.5748627773696036,0.11514595132007693,0.32810237739786513
108,0.9122507455593267,0.976963708254674,0.0,0.7158974681162084,0.36000123717668847,0.43829865880300894,0.999302928328194,0.6800434201334666
110,0.2128100755729402,0.2685242397448435,0.7158974681162084,0.0,0.38306078823395195,0.3240859838669962,0.3046824642339886,0.12817955861227925
117,0.5662032771767523,0.6471611251496252,0.36000123717668847,0.38306078823395195,0.0,0.0838482507487506,0.6442100345708338,0.3274809159126157
120,0.4937622992801619,0.5748627773696036,0.43829865880300894,0.3240859838669962,0.0838482507487506,0.0,0.5690754004796335,0.25315826444944944
125,0.09145770949194053,0.11514595132007693,0.999302928328194,0.3046824642339886,0.6442100345708338,0.5690754004796335,0.0,0.31614159670458364
126,0.23989398469481577,0.32810237739786513,0.6800434201334666,0.12817955861227925,0.3274809159126157,0.25315826444944944,0.31614159670458364,0.0
