,0,1,2,9,17,20,21,25
0,0.0,0.190825016359831,0.18366600796344887,0.0632043982485408,0.2108210669585645,0.1720340368698067,0.07059710547493027,0.1831840822769863
1,0.190825016359831,0.0,0.018624944790229147,0.13185725951077462,0.12542139757991147,0.05208709604960282,0.18110872425823887,0.013583873063473209
2,0.18366600796344887,0.018624944790229147,0.0,0.12214589812265346,0.11070204651259735,0.05749680291405431,0.15800293830733614,0.005793207523989717
9,0.0632043982485408,0.13185725951077462,0.12214589812265346,0.0,0.1646853743198935,0.10314324940529099,0.06712985929433059,0.11768757086465534
17,0.2108210669585645,0.12542139757991147,0.11070204651259735,0.1646853743198935,0.0,0.16036449932461092,0.20622126888758519,0.11408084756677388
20,0.1720340368698067,0.05208709604960282,0.05749680291405431,0.10314324940529099,0.16036449932461092,0.0,0.12782835169170706,0.05589824643124873
21,0.07059710547493027,0.18110872425823887,0.15800293830733614,0.06712985929433059,0.20622126888758519,0.12782835169170706,0.0,0.14191512767081088
25,0.1831840822769863,0.013583873063473209,0.005793207523989717,0.11768757086465534,0.11408084756677388,0.05589824643124873,0.14191512767081088,0.0
