,4,16,24,29,96,101,112,126
4,0.0,0.17374904524136844,0.08176640263779016,0.19023414085165966,1.0000454798438017,1.006413650853374,1.0000307867858849,0.9760702569105746
16,0.17374904524136844,0.0,0.17751442963881114,0.1662344351609562,0.8020220666590492,0.9010020609706462,0.9264700062862548,0.8036838957871674
24,0.08176640263779016,0.17751442963881114,0.0,0.12182754592371277,0.9424756783685375,1.000035217979393,0.9999983589762955,0.8984890271406728
29,0.19023414085165966,0.1662344351609562,0.12182754592371277,0.0,0.9157461533517812,0.9999845174877758,0.9999793952223679,0.8193415170843192
96,1.0000454798438017,0.8020220666590492,0.9424756783685375,0.9157461533517812,0.0,0.25139537901764053,0.21706305608241835,0.15850690970128134
101,1.006413650853374,0.9010020609706462,1.000035217979393,0.9999845174877758,0.25139537901764053,0.0,0.1716695032963873,0.4083089052603004
112,1.0000307867858849,0.9264700062862548,0.9999983589762955,0.9999793952223679,0.21706305608241835,0.1716695032963873,0.0,0.3406955099466059
126,0.9760702569105746,0.8036838957871674,0.8984890271406728,0.8193415170843192,0.15850690970128134,0.4083089052603004,0.3406955099466059,0.0
