,100,105,106,107,112,114,119,120
100,0.0,0.718989653588269,0.5753392511564935,0.7778651672703929,0.23793485713811513,0.5075708943289138,0.5392948024884667,0.5444046936693964
105,0.718989653588269,0.0,0.14539890078165885,0.07959031946987426,0.5007288388926603,0.24370799072866303,0.18081986686937132,0.185517608067925
106,0.5753392511564935,0.14539890078165885,0.0,0.21559600610221533,0.3555568898076324,0.1258620398862798,0.036846333451379984,0.048679702412993076
107,0.7778651672703929,0.07959031946987426,0.21559600610221533,0.0,0.5543055921008329,0.2865934061221016,0.2497967106976141,0.24727475744559804
112,0.23793485713811513,0.5007288388926603,0.3555568898076324,0.5543055921008329,0.0,0.27314258764885546,0.32486260756895996,0.3216056745218175
114,0.5075708943289138,0.24370799072866303,0.1258620398862798,0.2865934061221016,0.27314258764885546,0.0,0.10753150454186623,0.10094270889056035
119,0.5392948024884667,0.18081986686937132,0.036846333451379984,0.2497967106976141,0.32486260756895996,0.10753150454186623,0.0,0.04761857803477607
120,0.5444046936693964,0.185517608067925,0.048679702412993076,0.24727475744559804,0.3216056745218175,0.10094270889056035,0.04761857803477607,0.0
