,13,26,27,31,98,111,125,127
13,0.0,0.2230488080666157,0.15355139753347016,0.185407262824947,0.9999833200208338,0.7480387121941366,0.8912618680985401,0.802874354901374
26,0.2230488080666157,0.0,0.10899671027177987,0.152637226267984,1.000017624698347,0.999951712974391,1.0000191179341806,0.9999621478961671
27,0.15355139753347016,0.10899671027177987,0.0,0.11886173416061326,0.8642017324636435,0.9999390640745597,1.0755139090553731,0.999861413539929
31,0.185407262824947,0.152637226267984,0.11886173416061326,0.0,0.9558650954301461,0.9999789446717159,1.0024991165811015,0.9999979158821024
98,0.9999833200208338,1.000017624698347,0.8642017324636435,0.9558650954301461,0.0,0.5699921351798085,0.8736595739531345,0.7603372273602828
111,0.7480387121941366,0.999951712974391,0.9999390640745597,0.9999789446717159,0.5699921351798085,0.0,0.31696858741590384,0.25563698623559433
125,0.8912618680985401,1.0000191179341806,1.0755139090553731,1.0024991165811015,0.8736595739531345,0.31696858741590384,0.0,0.15207637366049653
127,0.802874354901374,0.9999621478961671,0.999861413539929,0.9999979158821024,0.7603372273602828,0.25563698623559433,0.15207637366049653,0.0
