,18,22,28,30,98,110,112,126
18,0.0,0.15918513657364966,0.09725319711565593,0.052330794377984415,0.8343808294835731,0.9906300682885888,0.9318308342704359,0.8005105960420779
22,0.15918513657364966,0.0,0.20962095762977695,0.17040050018247838,0.964893387030662,0.9999950267570942,0.9999989208486252,0.9500517202658366
28,0.09725319711565593,0.20962095762977695,0.0,0.10351991136952281,0.8503538059694377,0.999930606055825,0.9516894347702185,0.794915419198415
30,0.052330794377984415,0.17040050018247838,0.10351991136952281,0.0,0.938430263488991,0.9444009831069989,0.9052955140259128,0.8141613368399564
98,0.8343808294835731,0.964893387030662,0.8503538059694377,0.938430263488991,0.0,0.8989365296581121,0.6860868843878329,0.36457066717125386
110,0.9906300682885888,0.9999950267570942,0.999930606055825,0.9444009831069989,0.8989365296581121,0.0,0.27702179307389185,0.5343488895391612
112,0.9318308342704359,0.9999989208486252,0.9516894347702185,0.9052955140259128,0.6860868843878329,0.27702179307389185,0.0,0.3406965659140544
126,0.8005105960420779,0.9500517202658366,0.794915419198415,0.8141613368399564,0.36457066717125386,0.5343488895391612,0.3406965659140544,0.0
