,105,108,109,111,113,117,122,123
105,0.0,0.4595531707924161,0.3768295630235707,0.3756252795504387,0.10343728745599114,0.52546949765947,0.18086324155147912,0.19637439231650913
108,0.4595531707924161,0.0,0.168390300703666,0.13612015691599372,0.45860205512215174,0.0675203765772406,0.5609470209673223,0.2975630936908469
109,0.3768295630235707,0.168390300703666,0.0,0.04195671325656577,0.33552489070652564,0.206367863156421,0.43316382011309,0.18448821515514263
111,0.3756252795504387,0.13612015691599372,0.04195671325656577,0.0,0.3477818024520891,0.18117123763824666,0.44954570493498963,0.18964636096748924
113,0.10343728745599114,0.45860205512215174,0.33552489070652564,0.3477818024520891,0.0,0.5182100173235273,0.10346683599827766,0.16325294648897914
117,0.52546949765947,0.0675203765772406,0.206367863156421,0.18117123763824666,0.5182100173235273,0.0,0.617308334178712,0.356924586942541
122,0.18086324155147912,0.5609470209673223,0.43316382011309,0.44954570493498963,0.10346683599827766,0.617308334178712,0.0,0.2662929807471014
123,0.19637439231650913,0.2975630936908469,0.18448821515514263,0.18964636096748924,0.16325294648897914,0.356924586942541,0.2662929807471014,0.0
