,3,21,22,24,105,116,118,122
3,0.0,0.1874801102952158,0.24119471368775117,0.21746738137103377,0.999753560188379,0.8685336222436525,0.9340796325664682,0.999992691787486
21,0.1874801102952158,0.0,0.24887197072691317,0.14242589036491873,0.9999223040130022,0.8713449544269183,0.8322578233754753,1.0003656841528241
22,0.24119471368775117,0.24887197072691317,0.0,0.09391996102574247,1.0000263497747206,0.9998093417548041,1.0778233139977689,0.9769114286177872
24,0.21746738137103377,0.14242589036491873,0.09391996102574247,0.0,0.9437238309197039,0.9981814693811492,1.0742123514183972,0.9035939880872575
105,0.999753560188379,0.9999223040130022,1.0000263497747206,0.9437238309197039,0.0,0.3526512512528729,0.7386693376121368,0.18086240069087106
116,0.8685336222436525,0.8713449544269183,0.9998093417548041,0.9981814693811492,0.3526512512528729,0.0,0.3990311103929254,0.4717637679550273
118,0.9340796325664682,0.8322578233754753,1.0778233139977689,1.0742123514183972,0.7386693376121368,0.3990311103929254,0.0,0.8165790804882372
122,0.999992691787486,1.0003656841528241,0.9769114286177872,0.9035939880872575,0.18086240069087106,0.4717637679550273,0.8165790804882372,0.0
