,98,104,105,112,121,122,123,126
98,0.0,0.21291007804620837,0.1991615692554377,0.6860874773505821,0.5462689936943507,0.18651996756564346,0.3832550938739715,0.36457153637649453
104,0.21291007804620837,0.0,0.03801964167397371,0.47669966094548283,0.3316301785772968,0.1632671538326221,0.17611746452239385,0.15487277801001148
105,0.1991615692554377,0.03801964167397371,0.0,0.5007287792011347,0.3547315826023194,0.1808629181430903,0.1963740645816575,0.16816454288772742
112,0.6860874773505821,0.47669966094548283,0.5007287792011347,0.0,0.1466079995635051,0.5636882157914417,0.3105383795362194,0.340697418813229
121,0.5462689936943507,0.3316301785772968,0.3547315826023194,0.1466079995635051,0.0,0.42891008825019417,0.17091249321289634,0.19658992612710732
122,0.18651996756564346,0.1632671538326221,0.1808629181430903,0.5636882157914417,0.42891008825019417,0.0,0.2662925998122093,0.295883697565671
123,0.3832550938739715,0.17611746452239385,0.1963740645816575,0.3105383795362194,0.17091249321289634,0.2662925998122093,0.0,0.10595791347225202
126,0.36457153637649453,0.15487277801001148,0.16816454288772742,0.340697418813229,0.19658992612710732,0.295883697565671,0.10595791347225202,0.0
