,97,105,108,111,112,117,122,127
97,0.0,0.5165023984100391,0.07468966730963578,0.16011012102829864,0.09262122642291232,0.029542371004294885,0.6053276297712423,0.12198074337002747
105,0.5165023984100391,0.0,0.4595528968774627,0.37562501088239847,0.500728928429962,0.5254692470961478,0.18086302594582232,0.5596324932588421
108,0.07468966730963578,0.4595528968774627,0.0,0.1361199621946866,0.10831880352977089,0.06752023169438584,0.5609467869220357,0.12714373542537227
111,0.16011012102829864,0.37562501088239847,0.1361199621946866,0.0,0.12165214762954717,0.18117102166543012,0.4495454369849489,0.2556377480943174
112,0.09262122642291232,0.500728928429962,0.10831880352977089,0.12165214762954717,0.0,0.11207882546469909,0.5636883165867583,0.1952959090221942
117,0.029542371004294885,0.5254692470961478,0.06752023169438584,0.18117102166543012,0.11207882546469909,0.0,0.6173081134120877,0.1100334169887412
122,0.6053276297712423,0.18086302594582232,0.5609467869220357,0.4495454369849489,0.5636883165867583,0.6173081134120877,0.0,0.6767979709496804
127,0.12198074337002747,0.5596324932588421,0.12714373542537227,0.2556377480943174,0.1952959090221942,0.1100334169887412,0.6767979709496804,0.0
