,1,12,15,23,113,114,118,121
1,0.0,0.16848135949087922,0.19893686023774884,0.22079055896574817,0.9984438304985712,1.0000227271156805,1.193811178409219,1.0000107918331433
12,0.16848135949087922,0.0,0.050623817552831116,0.06074944957886894,0.9999834243054002,0.9394237576102972,0.8931125989954045,0.8478502871521144
15,0.19893686023774884,0.050623817552831116,0.0,0.08940623576523746,0.8805457146871832,0.8109750292743754,0.9643916846548185,0.7539859579346722
23,0.22079055896574817,0.06074944957886894,0.08940623576523746,0.0,0.98396260702676,0.8843915538623313,0.9074812276594058,0.7940862286140741
113,0.9984438304985712,0.9999834243054002,0.8805457146871832,0.98396260702676,0.0,0.19155678959659164,0.7172510910058337,0.32889172312197973
114,1.0000227271156805,0.9394237576102972,0.8109750292743754,0.8843915538623313,0.19155678959659164,0.0,0.5231995809791458,0.1400066097177162
118,1.193811178409219,0.8931125989954045,0.9643916846548185,0.9074812276594058,0.7172510910058337,0.5231995809791458,0.0,0.3929024529803778
121,1.0000107918331433,0.8478502871521144,0.7539859579346722,0.7940862286140741,0.32889172312197973,0.1400066097177162,0.3929024529803778,0.0
