,2,6,12,14,101,107,114,115
2,0.0,0.07894677105819453,0.06323635282152379,0.15586420492602762,0.9030674804562329,0.9995931124148214,0.8763343097804859,0.9999610871386428
6,0.07894677105819453,0.0,0.13962328009930103,0.23975907061203225,1.000463879105143,0.9904065226362552,0.9784895959722664,1.1035086227578221
12,0.06323635282152379,0.13962328009930103,0.0,0.10016578730666878,0.7632114923280015,1.0058154141285334,0.9394238590994628,0.8886637604779406
14,0.15586420492602762,0.23975907061203225,0.10016578730666878,0.0,0.8191049503181826,1.075629369482208,0.9985448554149305,0.9199150015944042
101,0.9030674804562329,1.000463879105143,0.7632114923280015,0.8191049503181826,0.0,0.6472207437173578,0.39344921735009974,0.11894754680822402
107,0.9995931124148214,0.9904065226362552,1.0058154141285334,1.075629369482208,0.6472207437173578,0.0,0.2865929619826934,0.7512267837779142
114,0.8763343097804859,0.9784895959722664,0.9394238590994628,0.9985448554149305,0.39344921735009974,0.2865929619826934,0.0,0.5053664275345655
115,0.9999610871386428,1.1035086227578221,0.8886637604779406,0.9199150015944042,0.11894754680822402,0.7512267837779142,0.5053664275345655,0.0
