,2,11,14,17,20,26,29,31
2,0.0,0.10270380778396404,0.15586322016469834,0.11786661048255687,0.06646418849543982,0.15727118684224697,0.18942407769068842,0.06633896240164039
11,0.10270380778396404,0.0,0.15967291031333578,0.12802996119571033,0.14700216375234537,0.12053979317418083,0.18915325299916358,0.06863732208333118
14,0.15586322016469834,0.15967291031333578,0.0,0.17043619442818883,0.14810433034197037,0.1311850278033335,0.1421705592890808,0.19005146921556615
17,0.11786661048255687,0.12802996119571033,0.17043619442818883,0.0,0.18577583035826747,0.1819324306997955,0.282202797120824,0.0584112415243247
20,0.06646418849543982,0.14700216375234537,0.14810433034197037,0.18577583035826747,0.0,0.18813389391904056,0.1289572559645474,0.11771335982206468
26,0.15727118684224697,0.12053979317418083,0.1311850278033335,0.1819324306997955,0.18813389391904056,0.0,0.23282128751469924,0.15263648024301973
29,0.18942407769068842,0.18915325299916358,0.1421705592890808,0.282202797120824,0.1289572559645474,0.23282128751469924,0.0,0.2207598979620695
31,0.06633896240164039,0.06863732208333118,0.19005146921556615,0.0584112415243247,0.11771335982206468,0.15263648024301973,0.2207598979620695,0.0
