,99,105,106,109,113,114,119,123
99,0.0,0.754205347185796,0.6104397061208248,0.4155791885948523,0.7449697546285465,0.5535272732286671,0.578064597661066,0.5841056448761952
105,0.754205347185796,0.0,0.14539914344245664,0.3768295630235707,0.10343728745599114,0.2437083103036933,0.1808201470898907,0.19637439231650913
106,0.6104397061208248,0.14539914344245664,0.0,0.24600161379663646,0.17354345042372993,0.12586227994929844,0.03684643886973639,0.08499648727667253
109,0.4155791885948523,0.3768295630235707,0.24600161379663646,0.0,0.33552489070652564,0.14438557909662217,0.22069672077377148,0.18448821515514263
113,0.7449697546285465,0.10343728745599114,0.17354345042372993,0.33552489070652564,0.0,0.19155799987390118,0.2074153154906057,0.16325294648897914
114,0.5535272732286671,0.2437083103036933,0.12586227994929844,0.14438557909662217,0.19155799987390118,0.0,0.10753178655482977,0.05201332017750832
119,0.578064597661066,0.1808201470898907,0.03684643886973639,0.22069672077377148,0.2074153154906057,0.10753178655482977,0.0,0.08704594230664184
123,0.5841056448761952,0.19637439231650913,0.08499648727667253,0.18448821515514263,0.16325294648897914,0.05201332017750832,0.08704594230664184,0.0
