,7,13,20,30,105,109,113,123
7,0.0,0.18373277701995275,0.1298943018869467,0.09805471656799797,0.9784363562458961,0.9441821924889223,0.9427230183194779,0.9662264460676675
13,0.18373277701995275,0.0,0.044983329299009535,0.0983983201808986,0.9996156099972384,0.8588033203707044,1.0000031384374006,0.9829072486247609
20,0.1298943018869467,0.044983329299009535,0.0,0.051922723482708794,0.8856434176376534,0.8650033617570552,0.8388136503125494,0.8999975124725184
30,0.09805471656799797,0.0983983201808986,0.051922723482708794,0.0,0.9535962532462405,0.8956141985245508,0.916982432952751,0.9506222825896175
105,0.9784363562458961,0.9996156099972384,0.8856434176376534,0.9535962532462405,0.0,0.37682902396494233,0.10343694219737193,0.19637394753362875
109,0.9441821924889223,0.8588033203707044,0.8650033617570552,0.8956141985245508,0.37682902396494233,0.0,0.335524330739419,0.18448775330883047
113,0.9427230183194779,1.0000031384374006,0.8388136503125494,0.916982432952751,0.10343694219737193,0.335524330739419,0.0,0.16325251834164967
123,0.9662264460676675,0.9829072486247609,0.8999975124725184,0.9506222825896175,0.19637394753362875,0.18448775330883047,0.16325251834164967,0.0
