,98,101,105,107,110,112,118,126
98,0.0,0.7739705129984576,0.1991615692554377,0.14278012791856923,0.8989367506789084,0.6860874773505821,0.937857533107985,0.36457153637649453
101,0.7739705129984576,0.0,0.5786940255965183,0.6472210330476413,0.12811399279381222,0.1716710790777829,0.202295230774777,0.40831080355907917
105,0.1991615692554377,0.5786940255965183,0.0,0.07959026254246199,0.7041098913028826,0.5007287792011347,0.7386698439357303,0.16816454288772742
107,0.14278012791856923,0.6472210330476413,0.07959026254246199,0.0,0.7718098403661128,0.5543055590616459,0.8017494256723979,0.23858971809300758
110,0.8989367506789084,0.12811399279381222,0.7041098913028826,0.7718098403661128,0.0,0.27702261866440064,0.15139939214158146,0.5343496539319258
112,0.6860874773505821,0.1716710790777829,0.5007287792011347,0.5543055590616459,0.27702261866440064,0.0,0.25439404536410487,0.340697418813229
118,0.937857533107985,0.202295230774777,0.7386698439357303,0.8017494256723979,0.15139939214158146,0.25439404536410487,0.0,0.5761304172542422
126,0.36457153637649453,0.40831080355907917,0.16816454288772742,0.23858971809300758,0.5343496539319258,0.340697418813229,0.5761304172542422,0.0
