,7,8,20,28,99,106,109,114
7,0.0,0.19126907497114332,0.12989380638045356,0.19868843357462224,0.9723382944147425,0.9181756612359234,0.9441820904856977,0.9101328719809172
8,0.19126907497114332,0.0,0.18446290328357484,0.14900888458410894,0.9817620285946761,0.9921035905728234,0.9928744218290004,0.9799145897900083
20,0.12989380638045356,0.18446290328357484,0.0,0.09382365652379657,0.9727644051191471,0.818864266549027,0.8650031297451048,0.8181418226749365
28,0.19868843357462224,0.14900888458410894,0.09382365652379657,0.0,1.0001021466011681,0.8561567424100591,0.92111711067291,0.8494722295811084
99,0.9723382944147425,0.9817620285946761,0.9727644051191471,1.0001021466011681,0.0,0.6104387237254856,0.41557797484457903,0.5535261844674536
106,0.9181756612359234,0.9921035905728234,0.818864266549027,0.8561567424100591,0.6104387237254856,0.0,0.24600047009786832,0.12586143973073644
109,0.9441820904856977,0.9928744218290004,0.8650031297451048,0.92111711067291,0.41557797484457903,0.24600047009786832,0.0,0.1443846668580818
114,0.9101328719809172,0.9799145897900083,0.8181418226749365,0.8494722295811084,0.5535261844674536,0.12586143973073644,0.1443846668580818,0.0
