,10,16,26,30,112,123,124,127
10,0.0,0.15726417517682073,0.16194380972485262,0.12258593373309047,0.821211010206207,0.9598408606143679,0.998973432382682,0.8676962801537247
16,0.15726417517682073,0.0,0.19439862824740026,0.060430804592021214,0.9264701788547571,0.908576908774642,0.878099543694728,0.9851415659824274
26,0.16194380972485262,0.19439862824740026,0.0,0.13973649119350418,0.9897732715522312,0.999731454537737,0.9991868184470686,0.9999621478597888
30,0.12258593373309047,0.060430804592021214,0.13973649119350418,0.0,0.9052954668110738,0.9506221657252737,0.9326828544306133,0.9594647221228177
112,0.821211010206207,0.9264701788547571,0.9897732715522312,0.9052954668110738,0.0,0.3105373430042804,0.5567250968077331,0.1952948846570718
123,0.9598408606143679,0.908576908774642,0.999731454537737,0.9506221657252737,0.3105373430042804,0.0,0.25039378892429703,0.41289815002874297
124,0.998973432382682,0.878099543694728,0.9991868184470686,0.9326828544306133,0.5567250968077331,0.25039378892429703,0.0,0.6421416413848118
127,0.8676962801537247,0.9851415659824274,0.9999621478597888,0.9594647221228177,0.1952948846570718,0.41289815002874297,0.6421416413848118,0.0
