,0,6,7,13,15,18,25,27
0,0.0,0.19281982525958885,0.13105944844850104,0.04518272683679398,0.09732941935002447,0.05881100762411824,0.19059689823613643,0.13282164776211372
6,0.19281982525958885,0.0,0.22890893050645425,0.1675891046904839,0.12514426610830692,0.1471883691902525,0.21251703796005916,0.15037924017262824
7,0.13105944844850104,0.22890893050645425,0.0,0.18373157237794202,0.1597851961882068,0.10976714965742132,0.0689091974493287,0.07471955411209476
13,0.04518272683679398,0.1675891046904839,0.18373157237794202,0.0,0.06557312493524753,0.06699206976143607,0.2397536401869219,0.15355070195443127
15,0.09732941935002447,0.12514426610830692,0.1597851961882068,0.06557312493524753,0.0,0.08246338473039655,0.22112782122913385,0.1666785843985748
18,0.05881100762411824,0.1471883691902525,0.10976714965742132,0.06699206976143607,0.08246338473039655,0.0,0.14233389667585447,0.091551520004711
25,0.19059689823613643,0.21251703796005916,0.0689091974493287,0.2397536401869219,0.22112782122913385,0.14233389667585447,0.0,0.07422283322822039
27,0.13282164776211372,0.15037924017262824,0.07471955411209476,0.15355070195443127,0.1666785843985748,0.091551520004711,0.07422283322822039,0.0
