,6,19,20,23,99,112,120,121
6,0.0,0.18251929919004242,0.13625813826717492,0.20036305313279756,1.0588094089244073,1.0001683684228628,0.8850373430339404,0.9991505439858227
19,0.18251929919004242,0.0,0.13356336063774374,0.14579473271916268,1.0000278589783829,0.99992567441692,0.859831778529349,0.9591988786487774
20,0.13625813826717492,0.13356336063774374,0.0,0.07036296224435291,0.9727643815642537,0.8959376764161264,0.7242489919278765,0.794973071696316
23,0.20036305313279756,0.14579473271916268,0.07036296224435291,0.0,0.7662882711355274,0.8182610741102248,0.8080129894587625,0.7940861576172359
99,1.0588094089244073,1.0000278589783829,0.9727643815642537,0.7662882711355274,0.0,0.2896505187001621,0.5790196607162923,0.4163280539451502
112,1.0001683684228628,0.99992567441692,0.8959376764161264,0.8182610741102248,0.2896505187001621,0.0,0.3216044860341103,0.14660712571433585
120,0.8850373430339404,0.859831778529349,0.7242489919278765,0.8080129894587625,0.5790196607162923,0.3216044860341103,0.0,0.17545395797076124
121,0.9991505439858227,0.9591988786487774,0.794973071696316,0.7940861576172359,0.4163280539451502,0.14660712571433585,0.17545395797076124,0.0
