,99,100,104,112,117,118,126,127
99,0.0,0.07632262526254226,0.7399268814360056,0.2896516236313113,0.23241686811920736,0.08566007991431247,0.58882015841912,0.22764715488675957
100,0.07632262526254226,0.0,0.7020348983861988,0.23793480041003134,0.20753183160141775,0.024248577904242015,0.5555053852464751,0.2109434442101151
104,0.7399268814360056,0.7020348983861988,0.0,0.47669966094548283,0.5085612724661464,0.7214951195593075,0.15487277801001148,0.5494184335545627
112,0.2896516236313113,0.23793480041003134,0.47669966094548283,0.0,0.11207874529970482,0.25439404536410487,0.340697418813229,0.19529579261679608
117,0.23241686811920736,0.20753183160141775,0.5085612724661464,0.11207874529970482,0.0,0.23092113134855516,0.35676008893567573,0.11003331205274751
118,0.08566007991431247,0.024248577904242015,0.7214951195593075,0.25439404536410487,0.23092113134855516,0.0,0.5761304172542422,0.23315330084078223
126,0.58882015841912,0.5555053852464751,0.15487277801001148,0.340697418813229,0.35676008893567573,0.5761304172542422,0.0,0.3941260199369213
127,0.22764715488675957,0.2109434442101151,0.5494184335545627,0.19529579261679608,0.11003331205274751,0.23315330084078223,0.3941260199369213,0.0
