,4,6,9,10,16,19,26,30
4,0.0,0.1602817825569899,0.09385712696956415,0.17114867279819793,0.1737488795414455,0.057671464738491815,0.04115752970245534,0.15830800834045347
6,0.1602817825569899,0.0,0.1636012265516546,0.24069295626481552,0.07082000485040356,0.18251847238806765,0.2476061879684774,0.12399687649205852
9,0.09385712696956415,0.1636012265516546,0.0,0.10126598284190635,0.11747530051199975,0.07903637874353968,0.10697224597388927,0.07233144539340325
10,0.17114867279819793,0.24069295626481552,0.10126598284190635,0.0,0.15726333154830677,0.12459023480330518,0.16194296029799415,0.12258517383957812
16,0.1737488795414455,0.07082000485040356,0.11747530051199975,0.15726333154830677,0.0,0.15544429574100058,0.1943977012847158,0.06043031472790349
19,0.057671464738491815,0.18251847238806765,0.07903637874353968,0.12459023480330518,0.15544429574100058,0.0,0.07667369913312098,0.11330495412573979
26,0.04115752970245534,0.2476061879684774,0.10697224597388927,0.16194296029799415,0.1943977012847158,0.07667369913312098,0.0,0.1397356916171755
30,0.15830800834045347,0.12399687649205852,0.07233144539340325,0.12258517383957812,0.06043031472790349,0.11330495412573979,0.1397356916171755,0.0
