,6,8,11,16,20,23,25,27
6,0.0,0.12209287874140651,0.1161999975914736,0.07081980223303426,0.13625711494715853,0.2003618588794959,0.21251615127172999,0.15037848725721295
8,0.12209287874140651,0.0,0.12749503717241079,0.1390687942319101,0.1844615179382031,0.20567427543332434,0.21222556762013786,0.20332867735118004
11,0.1161999975914736,0.12749503717241079,0.0,0.13400685410637797,0.14700146279307647,0.19841344582353207,0.1032731730549194,0.06613836586195723
16,0.07081980223303426,0.1390687942319101,0.13400685410637797,0.0,0.04978727016102855,0.12485259457408485,0.18107858734602217,0.138647532600606
20,0.13625711494715853,0.1844615179382031,0.14700146279307647,0.04978727016102855,0.0,0.07036225766270647,0.17453542969126032,0.1253233248850787
23,0.2003618588794959,0.20567427543332434,0.19841344582353207,0.12485259457408485,0.07036225766270647,0.0,0.1996133195514625,0.12965741783961796
25,0.21251615127172999,0.21222556762013786,0.1032731730549194,0.18107858734602217,0.17453542969126032,0.1996133195514625,0.0,0.0742223200430239
27,0.15037848725721295,0.20332867735118004,0.06613836586195723,0.138647532600606,0.1253233248850787,0.12965741783961796,0.0742223200430239,0.0
