,12,15,17,25,98,99,101,116
12,0.0,0.050623817552831116,0.13315685513428896,0.191029335490575,1.0004255489403386,0.7536085250164383,0.7632111511459535,0.8740805127202502
15,0.050623817552831116,0.0,0.1722506561670801,0.22112832207901995,0.9278695711624108,0.8489576935505794,0.7780277377619808,0.7952050743437965
17,0.13315685513428896,0.1722506561670801,0.0,0.2017834014926194,1.02291819102515,0.8850655330126683,0.8858241837744839,0.9828815645630598
25,0.191029335490575,0.22112832207901995,0.2017834014926194,0.0,0.9405812155231517,1.0002877030567459,0.9999778927892161,0.9998601607799004
98,1.0004255489403386,0.9278695711624108,1.02291819102515,0.9405812155231517,0.0,0.9528521086666811,0.7739699824779083,0.5513326325704642
99,0.7536085250164383,0.8489576935505794,0.8850655330126683,1.0002877030567459,0.9528521086666811,0.0,0.18475266890624498,0.40739402905682554
101,0.7632111511459535,0.7780277377619808,0.8858241837744839,0.9999778927892161,0.7739699824779083,0.18475266890624498,0.0,0.22433630346057049
116,0.8740805127202502,0.7952050743437965,0.9828815645630598,0.9998601607799004,0.5513326325704642,0.40739402905682554,0.22433630346057049,0.0
