,5,6,13,16,18,19,21,31
5,0.0,0.07793975784054248,0.09589291379276346,0.06399817882211709,0.1473282087729191,0.242503536072415,0.16071447209870668,0.14259191783482048
6,0.07793975784054248,0.0,0.16758902477779053,0.07082024123806707,0.14718829900538555,0.18251886403064146,0.3099320447683803,0.09639760427476779
13,0.09589291379276346,0.16758902477779053,0.0,0.1141516140889123,0.06699202184499096,0.16428754143546045,0.09378369109388002,0.1854064229406623
16,0.06399817882211709,0.07082024123806707,0.1141516140889123,0.0,0.07130716152897194,0.15544466634952356,0.19277723706417071,0.08496866833977888
18,0.1473282087729191,0.14718829900538555,0.06699202184499096,0.07130716152897194,0.0,0.10264461650024123,0.12590369767271384,0.11543079782092716
19,0.242503536072415,0.18251886403064146,0.16428754143546045,0.15544466634952356,0.10264461650024123,0.0,0.17782761875845204,0.13228805432614626
21,0.16071447209870668,0.3099320447683803,0.09378369109388002,0.19277723706417071,0.12590369767271384,0.17782761875845204,0.0,0.24907040904796296
31,0.14259191783482048,0.09639760427476779,0.1854064229406623,0.08496866833977888,0.11543079782092716,0.13228805432614626,0.24907040904796296,0.0
