,96,101,106,108,112,118,125,126
96,0.0,0.25139717714394283,0.18237727476193805,0.13941930241775696,0.21706476390069518,0.42877441051672877,0.3585250180801871,0.15850842134817697
101,0.25139717714394283,0.0,0.4317344661307735,0.1201410405841157,0.1716710790777829,0.202295230774777,0.11728027277749663,0.40831080355907917
106,0.18237727476193805,0.4317344661307735,0.0,0.31334331925080955,0.3555568474219507,0.5962890404555571,0.5276329498343866,0.028004018349637224
108,0.13941930241775696,0.1201410405841157,0.31334331925080955,0.0,0.10831872605415291,0.29121349922915607,0.22124584226855046,0.29238077554980657
112,0.21706476390069518,0.1716710790777829,0.3555568474219507,0.10831872605415291,0.0,0.25439404536410487,0.21713308765110978,0.340697418813229
118,0.42877441051672877,0.202295230774777,0.5962890404555571,0.29121349922915607,0.25439404536410487,0.0,0.08871926984829621,0.5761304172542422
125,0.3585250180801871,0.11728027277749663,0.5276329498343866,0.22124584226855046,0.21713308765110978,0.08871926984829621,0.0,0.5094336287087832
126,0.15850842134817697,0.40831080355907917,0.028004018349637224,0.29238077554980657,0.340697418813229,0.5761304172542422,0.5094336287087832,0.0
