,2,14,18,27,97,99,116,123
2,0.0,0.15586416776510978,0.08544598857071747,0.12899633980512196,0.998810973713586,0.9620943639146078,0.8831731095721529,0.9303378348027513
14,0.15586416776510978,0.0,0.0900846237174274,0.05813609466350805,0.9886017460072727,0.7819108594345854,0.9568305940761459,1.000091250259469
18,0.08544598857071747,0.0900846237174274,0.0,0.09155219666229432,1.0001507999736878,0.9994876818015432,0.868016555755516,0.9003670280515906
27,0.12899633980512196,0.05813609466350805,0.09155219666229432,0.0,1.0000395800027144,1.0017698735379466,0.9889509057268339,1.000026469403718
97,0.998810973713586,0.9886017460072727,1.0001507999736878,1.0000395800027144,0.0,0.24604587022460314,0.18067938021340146,0.34203229787530076
99,0.9620943639146078,0.7819108594345854,0.9994876818015432,1.0017698735379466,0.24604587022460314,0.0,0.40739463612168747,0.5841049485684208
116,0.8831731095721529,0.9568305940761459,0.868016555755516,0.9889509057268339,0.18067938021340146,0.40739463612168747,0.0,0.21281527626876026
123,0.9303378348027513,1.000091250259469,0.9003670280515906,1.000026469403718,0.34203229787530076,0.5841049485684208,0.21281527626876026,0.0
