,96,104,105,112,114,116,120,125
96,0.0,0.31353765470200023,0.32649312725774676,0.21706476390069518,0.1841178782518151,0.032262889143942736,0.15803953976327173,0.3585250180801871
104,0.31353765470200023,0.0,0.03801964167397371,0.47669966094548283,0.21638342998007584,0.34113580704127616,0.1625243902554947,0.6597794766617898
105,0.32649312725774676,0.03801964167397371,0.0,0.5007287792011347,0.2437079326241571,0.35265183980363574,0.18551756383708576,0.6736186788016537
112,0.21706476390069518,0.47669966094548283,0.5007287792011347,0.0,0.2731425225265956,0.1839813210714411,0.3216055978450587,0.21713308765110978
114,0.1841178782518151,0.21638342998007584,0.2437079326241571,0.2731425225265956,0.0,0.20182793120325726,0.100942684823946,0.47614614633416885
116,0.032262889143942736,0.34113580704127616,0.35265183980363574,0.1839813210714411,0.20182793120325726,0.0,0.1879234865271415,0.3267078082768654
120,0.15803953976327173,0.1625243902554947,0.18551756383708576,0.3216055978450587,0.100942684823946,0.1879234865271415,0.0,0.5013724582537401
125,0.3585250180801871,0.6597794766617898,0.6736186788016537,0.21713308765110978,0.47614614633416885,0.3267078082768654,0.5013724582537401,0.0
