,3,6,11,18,22,24,26,28
3,0.0,0.059724571478161834,0.15418441409688366,0.12990771224919284,0.24119402362512724,0.2174667332686987,0.21091188781597286,0.059526672727067007
6,0.059724571478161834,0.0,0.1162008010171623,0.14718852710632552,0.2159461842300817,0.16497885946635774,0.2476069258935209,0.04806225858185166
11,0.15418441409688366,0.1162008010171623,0.0,0.12484256343802451,0.10183798699338924,0.09780269814400801,0.1205399943468322,0.15343591968139014
18,0.12990771224919284,0.14718852710632552,0.12484256343802451,0.0,0.15918473807086067,0.10980146458201004,0.16479289474873673,0.09725289568552516
22,0.24119402362512724,0.2159461842300817,0.10183798699338924,0.15918473807086067,0.0,0.09391953557369663,0.010307151374771367,0.20962050783248173
24,0.2174667332686987,0.16497885946635774,0.09780269814400801,0.10980146458201004,0.09391953557369663,0.0,0.10859639229730651,0.19872559961076613
26,0.21091188781597286,0.2476069258935209,0.1205399943468322,0.16479289474873673,0.010307151374771367,0.10859639229730651,0.0,0.23568733598425676
28,0.059526672727067007,0.04806225858185166,0.15343591968139014,0.09725289568552516,0.20962050783248173,0.19872559961076613,0.23568733598425676,0.0
