,2,8,28,29,102,104,105,111
2,0.0,0.11783474758725612,0.07420630690867906,0.18942434866419894,0.9332492888207806,0.8534900351361185,0.9474989272607934,0.935590863363672
8,0.11783474758725612,0.0,0.1490084937932695,0.3049800056083581,0.998740491817522,0.9949335429418085,0.9999007036429456,0.9999907787694124
28,0.07420630690867906,0.1490084937932695,0.0,0.2012968142278739,0.941292580592863,0.7998090165883252,0.8920173962927187,0.9629025944485882
29,0.18942434866419894,0.3049800056083581,0.2012968142278739,0.0,0.9990983050246949,0.756992832393441,0.8386759818500286,0.9977790771910431
102,0.9332492888207806,0.998740491817522,0.941292580592863,0.9990983050246949,0.0,0.38505895900482656,0.40024129340076037,0.07785694345397878
104,0.8534900351361185,0.9949335429418085,0.7998090165883252,0.756992832393441,0.38505895900482656,0.0,0.03801919751170983,0.3580774730330438
105,0.9474989272607934,0.9999007036429456,0.8920173962927187,0.8386759818500286,0.40024129340076037,0.03801919751170983,0.0,0.3756235779894296
111,0.935590863363672,0.9999907787694124,0.9629025944485882,0.9977790771910431,0.07785694345397878,0.3580774730330438,0.3756235779894296,0.0
