,19,21,26,30,108,116,126,127
19,0.0,0.17782831831706317,0.07667439379277503,0.11330581857723479,1.000273060744372,0.9970002056650964,0.8821642119260816,0.9999880311841066
21,0.17782831831706317,0.0,0.22050156728214731,0.18178373326217384,0.7676587433980224,0.8713448895066626,0.9406022393865734,0.8204942962686744
26,0.07667439379277503,0.22050156728214731,0.0,0.13973667443039056,0.9448264007579691,0.9762055072415105,0.9292877493905379,0.9999621478816157
30,0.11330581857723479,0.18178373326217384,0.13973667443039056,0.0,0.8422443544961141,0.87690661114219,0.8141613489719058,0.9594647471428104
108,1.000273060744372,0.7676587433980224,0.9448264007579691,0.8422443544961141,0.0,0.11298224600301439,0.2923800087517124,0.12714306853168897
116,0.9970002056650964,0.8713448895066626,0.9762055072415105,0.87690661114219,0.11298224600301439,0.0,0.18688580112564668,0.20675966058333298
126,0.8821642119260816,0.9406022393865734,0.9292877493905379,0.8141613489719058,0.2923800087517124,0.18688580112564668,0.0,0.3941252212185225
127,0.9999880311841066,0.8204942962686744,0.9999621478816157,0.9594647471428104,0.12714306853168897,0.20675966058333298,0.3941252212185225,0.0
