,101,102,105,107,113,115,126,127
101,0.0,0.18702730101288378,0.5786941980608031,0.6472211873571788,0.5771926057395835,0.118947943839158,0.40831102259412155,0.0628400568185769
102,0.18702730101288378,0.0,0.4002427963467096,0.4667851834090101,0.39518315400098575,0.2953171713041317,0.2362734743750883,0.18246715272430664
105,0.5786941980608031,0.4002427963467096,0.0,0.07959043332482096,0.10343716414920913,0.6830135324836571,0.16816470326200939,0.559632559972238
107,0.6472211873571788,0.4667851834090101,0.07959043332482096,0.0,0.11734015426479348,0.7512271196025312,0.23858988874573334,0.6308882433114914
113,0.5771926057395835,0.39518315400098575,0.10343716414920913,0.11734015426479348,0.0,0.6900976236607824,0.20102878450519654,0.5714578619426472
115,0.118947943839158,0.2953171713041317,0.6830135324836571,0.7512271196025312,0.6900976236607824,0.0,0.517965567774226,0.12812581415979102
126,0.40831102259412155,0.2362734743750883,0.16816470326200939,0.23858988874573334,0.20102878450519654,0.517965567774226,0.0,0.39412623136265074
127,0.0628400568185769,0.18246715272430664,0.559632559972238,0.6308882433114914,0.5714578619426472,0.12812581415979102,0.39412623136265074,0.0
