,0,2,12,20,22,28,30,31
0,0.0,0.13316136329428563,0.055039707305959126,0.07355243629507076,0.2024073987995156,0.18333272316040092,0.10328792283178653,0.1854275980266659
2,0.13316136329428563,0.0,0.06323587036827981,0.06646429941961406,0.18272306769366917,0.07420625383221129,0.03183326546764917,0.06633905730035519
12,0.055039707305959126,0.06323587036827981,0.0,0.036476584408426924,0.20992509141184534,0.11901179798110631,0.04084115346816607,0.14370815580450483
20,0.07355243629507076,0.06646429941961406,0.036476584408426924,0.0,0.19088134900487663,0.09382329861563324,0.05192219117373331,0.11771350014740826
22,0.2024073987995156,0.18272306769366917,0.20992509141184534,0.19088134900487663,0.0,0.20962045785506406,0.17040003297669987,0.14777619778115997
28,0.18333272316040092,0.07420625383221129,0.11901179798110631,0.09382329861563324,0.20962045785506406,0.0,0.10351954115413214,0.10081040520899945
30,0.10328792283178653,0.03183326546764917,0.04084115346816607,0.05192219117373331,0.17040003297669987,0.10351954115413214,0.0,0.0878360803652593
31,0.1854275980266659,0.06633905730035519,0.14370815580450483,0.11771350014740826,0.14777619778115997,0.10081040520899945,0.0878360803652593,0.0
