,5,13,16,18,100,104,105,126
5,0.0,0.09589321100770334,0.06399840769784924,0.14732857759409385,0.8829588989514383,0.9997767127837104,0.9999359630805836,0.9457015664283238
13,0.09589321100770334,0.0,0.1141519406797671,0.06699224545536138,0.8475537695831237,0.8177326521304281,0.9996156089499033,0.8728999209719287
16,0.06399840769784924,0.1141519406797671,0.0,0.07130741654370992,1.0000406771738373,0.802406098329173,0.9114703925315284,0.8036842550619461
18,0.14732857759409385,0.06699224545536138,0.07130741654370992,0.0,1.0000351049797982,0.7886833502465705,0.8823577841326217,0.8005104409711062
100,0.8829588989514383,0.8475537695831237,1.0000406771738373,1.0000351049797982,0.0,0.702034103340375,0.718988839341395,0.5555043588156875
104,0.9997767127837104,0.8177326521304281,0.802406098329173,0.7886833502465705,0.702034103340375,0.0,0.038019242834152096,0.1548718733612356
105,0.9999359630805836,0.9996156089499033,0.9114703925315284,0.8823577841326217,0.718988839341395,0.038019242834152096,0.0,0.16816358064524753
126,0.9457015664283238,0.8728999209719287,0.8036842550619461,0.8005104409711062,0.5555043588156875,0.1548718733612356,0.16816358064524753,0.0
