,3,4,7,12,23,28,30,31
3,0.0,0.22507989123845637,0.19777068564132935,0.0673574673496165,0.0980204736815983,0.05952665853480397,0.09144778865625768,0.10582531872111495
4,0.22507989123845637,0.0,0.09385811157517403,0.18635814540336787,0.21443856768554478,0.20192036591841797,0.15830859336687578,0.13149296616561496
7,0.19777068564132935,0.09385811157517403,0.0,0.16957002959020404,0.13443861383700417,0.19868793617959765,0.09805394509484834,0.13980135540084707
12,0.0673574673496165,0.18635814540336787,0.16957002959020404,0.0,0.060749275773548175,0.11901182635573346,0.04084116320545701,0.14370819006720323
23,0.0980204736815983,0.21443856768554478,0.13443861383700417,0.060749275773548175,0.0,0.17087154566147597,0.09341314101723759,0.17067023060215242
28,0.05952665853480397,0.20192036591841797,0.19868793617959765,0.11901182635573346,0.17087154566147597,0.0,0.103519565835117,0.10081040520899945
30,0.09144778865625768,0.15830859336687578,0.09805394509484834,0.04084116320545701,0.09341314101723759,0.103519565835117,0.0,0.08783610130701527
31,0.10582531872111495,0.13149296616561496,0.13980135540084707,0.14370819006720323,0.17067023060215242,0.10081040520899945,0.08783610130701527,0.0
