,2,4,9,11,13,18,19,26
2,0.0,0.16623463332796345,0.08812210681052783,0.1027035874057372,0.12049051599083184,0.08544507183963188,0.13997673764657637,0.15727090561970164
4,0.16623463332796345,0.0,0.09385719410143671,0.06132266833624313,0.23448978537139872,0.15120308276135971,0.05767153348827618,0.04115757876608334
9,0.08812210681052783,0.09385719410143671,0.0,0.07450233723556081,0.12436655206622643,0.09339189649073042,0.07903645411854009,0.10697234799062147
11,0.1027035874057372,0.06132266833624313,0.07450233723556081,0.0,0.20013166820564357,0.12484202767301558,0.0895991411890265,0.1205395345241224
13,0.12049051599083184,0.23448978537139872,0.12436655206622643,0.20013166820564357,0.0,0.06699184615165209,0.1642872672512739,0.22304761154277752
18,0.08544507183963188,0.15120308276135971,0.09339189649073042,0.12484202767301558,0.06699184615165209,0.0,0.10264439624902498,0.1647923839835867
19,0.13997673764657637,0.05767153348827618,0.07903645411854009,0.0895991411890265,0.1642872672512739,0.10264439624902498,0.0,0.07667377225489347
26,0.15727090561970164,0.04115757876608334,0.10697234799062147,0.1205395345241224,0.22304761154277752,0.1647923839835867,0.07667377225489347,0.0
