,0,7,21,29,108,110,112,113
0,0.0,0.13105985466022776,0.07155845232220644,0.08632887399774178,0.789934150898218,0.7476241941703591,0.8317274268650767,0.9999565287170594
7,0.13105985466022776,0.0,0.15229972260280852,0.16098854021838993,0.9056280687425636,0.9669611979623093,0.9410412338674717,0.942722888378561
21,0.07155845232220644,0.15229972260280852,0.0,0.029540842615156597,0.7676586290079642,0.7040090698734378,0.8314800976990065,0.9999930483659838
29,0.08632887399774178,0.16098854021838993,0.029540842615156597,0.0,0.9968173377807228,1.0016224892068464,0.9999793952714796,0.8267361136810574
108,0.789934150898218,0.9056280687425636,0.7676586290079642,0.9968173377807228,0.0,0.24885120409780287,0.10831805460111839,0.45860068838355894
110,0.7476241941703591,0.9669611979623093,0.7040090698734378,1.0016224892068464,0.24885120409780287,0.0,0.27702162795608537,0.7066644612984406
112,0.8317274268650767,0.9410412338674717,0.8314800976990065,0.9999793952714796,0.10831805460111839,0.27702162795608537,0.0,0.4670627960153076
113,0.9999565287170594,0.942722888378561,0.9999930483659838,0.8267361136810574,0.45860068838355894,0.7066644612984406,0.4670627960153076,0.0
