,0,5,7,18,23,24,27,30
0,0.0,0.12420150395948587,0.1310595109425309,0.058811035667398676,0.012470304061983949,0.14125572750729284,0.13282167942926604,0.10328787358027867
5,0.12420150395948587,0.0,0.23534189472537168,0.1473283317132081,0.13460821521110033,0.2558134628651102,0.22818549592880832,0.13472733328405917
7,0.1310595109425309,0.23534189472537168,0.0,0.1097671758279523,0.13443854973169286,0.028554326107967303,0.07471958974116309,0.09805389833909495
18,0.058811035667398676,0.1473283317132081,0.1097671758279523,0.0,0.029746062239277057,0.1098013598672233,0.09155156365988804,0.05233053236933391
23,0.012470304061983949,0.13460821521110033,0.13443854973169286,0.029746062239277057,0.0,0.13632168037400572,0.12965819066035442,0.09341309647439151
24,0.14125572750729284,0.2558134628651102,0.028554326107967303,0.1098013598672233,0.13632168037400572,0.0,0.04898181550563811,0.13604011748899936
27,0.13282167942926604,0.22818549592880832,0.07471958974116309,0.09155156365988804,0.12965819066035442,0.04898181550563811,0.0,0.09853321364789641
30,0.10328787358027867,0.13472733328405917,0.09805389833909495,0.05233053236933391,0.09341309647439151,0.13604011748899936,0.09853321364789641,0.0
