,2,8,9,12,16,21,23,29
2,0.0,0.11783368002035478,0.08812158156340587,0.06323516177175098,0.03479459240605745,0.20553067296109645,0.11865772804846772,0.18942299380052263
8,0.11783368002035478,0.0,0.14102525517853254,0.1664705004824776,0.13906851240122897,0.2802467114618528,0.20567393217763125,0.3049784422850237
9,0.08812158156340587,0.14102525517853254,0.0,0.08377481607029738,0.11747476835561475,0.16105560869029967,0.08975830185734932,0.18158519003614712
12,0.06323516177175098,0.1664705004824776,0.08377481607029738,0.0,0.06868066873006878,0.11999441629826296,0.0607485805572377,0.18264625771567672
16,0.03479459240605745,0.13906851240122897,0.11747476835561475,0.06868066873006878,0.0,0.19277615696783534,0.12485232666976852,0.1662336623118851
21,0.20553067296109645,0.2802467114618528,0.16105560869029967,0.11999441629826296,0.19277615696783534,0.0,0.08885099844699755,0.029540307345491252
23,0.11865772804846772,0.20567393217763125,0.08975830185734932,0.0607485805572377,0.12485232666976852,0.08885099844699755,0.0,0.09400990900883713
29,0.18942299380052263,0.3049784422850237,0.18158519003614712,0.18264625771567672,0.1662336623118851,0.029540307345491252,0.09400990900883713,0.0
