,0,9,12,26,106,116,117,127
0,0.0,0.09747130608760272,0.055039877898578025,0.1793445018296075,0.9560266624195594,0.8521450491099107,0.7257397545833821,0.8466864382979886
9,0.09747130608760272,0.0,0.08377587467103413,0.10697298559740195,0.9887570179625922,0.919571644132712,0.8227307201217817,0.9373627541164902
12,0.055039877898578025,0.08377587467103413,0.0,0.18968554399934442,0.984434474117395,0.8740805127202502,0.7469896351549292,0.8631712886172065
26,0.1793445018296075,0.10697298559740195,0.18968554399934442,0.0,0.9987542652184644,0.9762054945132393,0.9007091671962777,0.9999621478634265
106,0.9560266624195594,0.9887570179625922,0.984434474117395,0.9987542652184644,0.0,0.2084532486153561,0.3780999933207388,0.4154781622112962
116,0.8521450491099107,0.919571644132712,0.8740805127202502,0.9762054945132393,0.2084532486153561,0.0,0.1810214575569734,0.20675948804969926
117,0.7257397545833821,0.8227307201217817,0.7469896351549292,0.9007091671962777,0.3780999933207388,0.1810214575569734,0.0,0.11003265620505426
127,0.8466864382979886,0.9373627541164902,0.8631712886172065,0.9999621478634265,0.4154781622112962,0.20675948804969926,0.11003265620505426,0.0
