,5,8,9,12,17,20,25,31
5,0.0,0.1498050922748022,0.14572847750843765,0.07366238310293786,0.125557080077567,0.11289064325710763,0.2866051248182241,0.14259178184863555
8,0.1498050922748022,0.0,0.1410260621338242,0.16647137365729173,0.03700549754456148,0.18446208966677818,0.21222620010255883,0.07357381611165313
9,0.14572847750843765,0.1410260621338242,0.0,0.08377543525023652,0.1146009592072687,0.10239520380930213,0.10935109597817287,0.10989168728232268
12,0.07366238310293786,0.16647137365729173,0.08377543525023652,0.0,0.1331562519413594,0.03647645395822881,0.191028629545267,0.14370784744058687
17,0.125557080077567,0.03700549754456148,0.1146009592072687,0.1331562519413594,0.0,0.18577565318871395,0.20178270391460307,0.058411144040129585
20,0.11289064325710763,0.18446208966677818,0.10239520380930213,0.03647645395822881,0.18577565318871395,0.0,0.17453603307339596,0.11771321949688837
25,0.2866051248182241,0.21222620010255883,0.10935109597817287,0.191028629545267,0.20178270391460307,0.17453603307339596,0.0,0.1305720288436376
31,0.14259178184863555,0.07357381611165313,0.10989168728232268,0.14370784744058687,0.058411144040129585,0.11771321949688837,0.1305720288436376,0.0
