,6,9,15,24,25,28,30,31
6,0.0,0.16360226020257723,0.12514477333354268,0.16497927247413988,0.21251767131113075,0.04806245338414823,0.12399776339000351,0.09639810990165032
9,0.16360226020257723,0.0,0.12938786114747877,0.11728362824101575,0.10935174776343849,0.17666373486031536,0.07233210071246833,0.10989234228977318
15,0.12514477333354268,0.12938786114747877,0.0,0.1898382609381289,0.22112848024237758,0.09373864696928509,0.06833449767784733,0.1359918148911164
24,0.16497927247413988,0.11728362824101575,0.1898382609381289,0.0,0.08268096245831975,0.19872604972008923,0.13604058778993922,0.1646365174545701
25,0.21251767131113075,0.10935174776343849,0.22112848024237758,0.08268096245831975,0.0,0.1915044809557909,0.1526067150027177,0.1305727137229807
28,0.04806245338414823,0.17666373486031536,0.09373864696928509,0.19872604972008923,0.1915044809557909,0.0,0.10351991136952281,0.10081076573574765
30,0.12399776339000351,0.07233210071246833,0.06833449767784733,0.13604058778993922,0.1526067150027177,0.10351991136952281,0.0,0.08783641543395398
31,0.09639810990165032,0.10989234228977318,0.1359918148911164,0.1646365174545701,0.1305727137229807,0.10081076573574765,0.08783641543395398,0.0
