,101,111,114,117,118,122,123,125
101,0.0,0.24732168999638382,0.3934498505384319,0.0702472036362272,0.20229547192962813,0.6783761659917653,0.41843036776296133,0.1172804685102319
111,0.24732168999638382,0.0,0.1580981800390327,0.1811711296518062,0.36966103860012733,0.4495455709599493,0.18964624792948315,0.31696949427160387
114,0.3934498505384319,0.1580981800390327,0.0,0.3290942501359134,0.5232007660152443,0.29141568217524066,0.05201327057376441,0.47614640175893463
117,0.0702472036362272,0.1811711296518062,0.3290942501359134,0.0,0.23092137910018415,0.61730822379539,0.3569244592963845,0.16281728505617835
118,0.20229547192962813,0.36966103860012733,0.5232007660152443,0.23092137910018415,0.0,0.8165794698635782,0.5586343846979683,0.08871943906703565
122,0.6783761659917653,0.4495455709599493,0.29141568217524066,0.61730822379539,0.8165794698635782,0.0,0.2662928537687435,0.763925943453799
123,0.41843036776296133,0.18964624792948315,0.05201327057376441,0.3569244592963845,0.5586343846979683,0.2662928537687435,0.0,0.5026581651387498
125,0.1172804685102319,0.31696949427160387,0.47614640175893463,0.16281728505617835,0.08871943906703565,0.763925943453799,0.5026581651387498,0.0
