,7,14,18,25,98,101,115,126
7,0.0,0.05375083320884166,0.1097676730692263,0.06890960818137634,0.9586996978817603,0.9082962105296073,1.0000144570102754,0.851277344989713
14,0.05375083320884166,0.0,0.09008443041700293,0.14102354041386894,1.0769806754126243,0.8191047794395919,0.9199149262014978,0.9994952529779701
18,0.1097676730692263,0.09008443041700293,0.0,0.14233450750798243,0.8343808792165475,0.9144916993981177,1.000018319619358,0.8005106556847672
25,0.06890960818137634,0.14102354041386894,0.14233450750798243,0.0,0.9405812575704096,0.9999778928037677,1.011584797349403,0.9367368987040363
98,0.9586996978817603,1.0769806754126243,0.8343808792165475,0.9405812575704096,0.0,0.7739701208745382,0.8825603349918388,0.36457079755190785
101,0.9082962105296073,0.8191047794395919,0.9144916993981177,0.9999778928037677,0.7739701208745382,0.0,0.11894729157475196,0.4083100734431198
115,1.0000144570102754,0.9199149262014978,1.000018319619358,1.011584797349403,0.8825603349918388,0.11894729157475196,0.0,0.5179646724535433
126,0.851277344989713,0.9994952529779701,0.8005106556847672,0.9367368987040363,0.36457079755190785,0.4083100734431198,0.5179646724535433,0.0
