,1,15,16,17,19,25,27,29
1,0.0,0.19893595906516254,0.138109664232065,0.04305575478201056,0.14953933101778125,0.15851667897380503,0.12726237687806422,0.21489886392441906
15,0.19893595906516254,0.0,0.049237003773983656,0.17224923933530126,0.1791712189825797,0.22112676681202903,0.16667763065879324,0.14739230970330958
16,0.138109664232065,0.049237003773983656,0.0,0.14393803657413462,0.15544381395124166,0.1810784146561065,0.13864738384802108,0.16623380102812046
17,0.04305575478201056,0.17224923933530126,0.14393803657413462,0.0,0.19927838995460456,0.20178191012186278,0.2023734523654795,0.2822017206046388
19,0.14953933101778125,0.1791712189825797,0.15544381395124166,0.19927838995460456,0.0,0.054104512175167735,0.03082776297850804,0.1479213921059942
25,0.15851667897380503,0.22112676681202903,0.1810784146561065,0.20178191012186278,0.054104512175167735,0.0,0.07422221386721935,0.20777615636712135
27,0.12726237687806422,0.16667763065879324,0.13864738384802108,0.2023734523654795,0.03082776297850804,0.07422221386721935,0.0,0.14610275469366688
29,0.21489886392441906,0.14739230970330958,0.16623380102812046,0.2822017206046388,0.1479213921059942,0.20777615636712135,0.14610275469366688,0.0
