,3,7,28,30,98,110,111,114
3,0.0,0.19777177014503758,0.059527226227964795,0.09144852995622459,1.0001464350456313,0.8003546933126634,0.9294331106908579,0.9480220367609422
7,0.19777177014503758,0.0,0.1986890257131798,0.09805471656799797,0.9586997621675869,0.9669612736087468,0.9736260294994702,0.9101330279443519
28,0.059527226227964795,0.1986890257131798,0.0,0.10352035562973928,0.8503540720659211,0.9999306061940586,0.9629027092355292,0.8494724827435985
30,0.09144852995622459,0.09805471656799797,0.10352035562973928,0.0,0.9384303753586026,0.9444010851338712,0.9374756556061373,0.888606946969909
98,1.0001464350456313,0.9586997621675869,0.8503540720659211,0.9384303753586026,0.0,0.898936710493305,0.5699926108185094,0.4208649212655721
110,0.8003546933126634,0.9669612736087468,0.9999306061940586,0.9444010851338712,0.898936710493305,0.0,0.3697542961966281,0.5186665535410987
111,0.9294331106908579,0.9736260294994702,0.9629027092355292,0.9374756556061373,0.5699926108185094,0.3697542961966281,0.0,0.1580978596442381
114,0.9480220367609422,0.9101330279443519,0.8494724827435985,0.888606946969909,0.4208649212655721,0.5186665535410987,0.1580978596442381,0.0
