,8,18,19,20,21,24,25,31
8,0.0,0.20145239531458145,0.20556985405888495,0.18446197971883765,0.2802476134796115,0.24297161394619748,0.21222607360592385,0.0735737459462278
18,0.20145239531458145,0.0,0.102644420721359,0.039252363653163834,0.12590348754842426,0.10980107190207468,0.1423335912607735,0.11543060517516031
19,0.20556985405888495,0.102644420721359,0.0,0.13356278744721375,0.1778273855728599,0.036216510762848576,0.05410483466415172,0.1322878335468209
20,0.18446197971883765,0.039252363653163834,0.13356278744721375,0.0,0.14064297592050684,0.14533497377219884,0.17453590823554158,0.11771313530186288
21,0.2802476134796115,0.12590348754842426,0.1778273855728599,0.14064297592050684,0.0,0.14242487165920967,0.22534825991572457,0.2490701418245477
24,0.24297161394619748,0.10980107190207468,0.036216510762848576,0.14533497377219884,0.14242487165920967,0.0,0.08268033165504327,0.16463561465174056
25,0.21222607360592385,0.1423335912607735,0.05410483466415172,0.17453590823554158,0.22534825991572457,0.08268033165504327,0.0,0.13057190432050664
31,0.0735737459462278,0.11543060517516031,0.1322878335468209,0.11771313530186288,0.2490701418245477,0.16463561465174056,0.13057190432050664,0.0
