,1,6,11,18,113,117,118,120
1,0.0,0.09134476285125963,0.06014124048910129,0.169551049403453,0.9984438330557227,1.0000460743785993,1.1938108404149836,0.9847438048057877
6,0.09134476285125963,0.0,0.11620143822079639,0.14718924650391316,0.9295836406864917,1.0000427285519222,1.1405239441652286,0.8850375606373551
11,0.06014124048910129,0.11620143822079639,0.0,0.12484333732487436,0.971386925393938,1.0000056452295392,1.1138138207435313,0.9221984115302967
18,0.169551049403453,0.14718924650391316,0.12484333732487436,0.0,0.8547268904362634,0.8754824415764685,0.9999838504221613,0.7547650540153458
113,0.9984438330557227,0.9295836406864917,0.971386925393938,0.8547268904362634,0.0,0.5182092760186815,0.7172514971451655,0.1907569661374623
117,1.0000460743785993,1.0000427285519222,1.0000056452295392,0.8754824415764685,0.5182092760186815,0.0,0.2309207734855603,0.34457614656976
118,1.1938108404149836,1.1405239441652286,1.1138138207435313,0.9999838504221613,0.7172514971451655,0.2309207734855603,0.0,0.5627558248143344
120,0.9847438048057877,0.8850375606373551,0.9221984115302967,0.7547650540153458,0.1907569661374623,0.34457614656976,0.5627558248143344,0.0
