,101,108,111,115,118,119,121,127
101,0.0,0.12014109787184174,0.247321542581213,0.11894785876098915,0.20229532723668295,0.39775319552788374,0.25421391128512255,0.0628400118718818
108,0.12014109787184174,0.0,0.1361199297411625,0.23578319133633258,0.2912136033752378,0.2796716821762628,0.13620803709773616,0.12714370511194714
111,0.247321542581213,0.1361199297411625,0.0,0.3533524905099624,0.3696608623320502,0.20840199026871006,0.03410743545011093,0.2556377176199249
115,0.11894785876098915,0.23578319133633258,0.3533524905099624,0.0,0.13998296185969364,0.5056201802737614,0.3673473870235483,0.12812575306465648
118,0.20229532723668295,0.2912136033752378,0.3696608623320502,0.13998296185969364,0.0,0.5620280467602208,0.3929035536660432,0.23315338422291518
119,0.39775319552788374,0.2796716821762628,0.20840199026871006,0.5056201802737614,0.5620280467602208,0.0,0.18555910123960256,0.38060131025320476
121,0.25421391128512255,0.13620803709773616,0.03410743545011093,0.3673473870235483,0.3929035536660432,0.18555910123960256,0.0,0.26378652058612906
127,0.0628400118718818,0.12714370511194714,0.2556377176199249,0.12812575306465648,0.23315338422291518,0.38060131025320476,0.26378652058612906,0.0
