,98,101,108,109,110,123,124,127
98,0.0,0.773970605262938,0.6554657831060606,0.5634660731184244,0.8989367841669126,0.38325523093669833,0.13571253495200797,0.7603376805567214
101,0.773970605262938,0.0,0.120141126515715,0.27312210746352167,0.128114114972895,0.4184302181206275,0.6536278138810777,0.06284002685410993
108,0.6554657831060606,0.120141126515715,0.0,0.1683900798932415,0.24885227205360325,0.29756284538495553,0.5331476934803585,0.12714373542537227
109,0.5634660731184244,0.27312210746352167,0.1683900798932415,0.0,0.3929144904336979,0.1844879732355016,0.4321294482079612,0.2910234946760484
110,0.8989367841669126,0.128114114972895,0.24885227205360325,0.3929144904336979,0.0,0.5449531315087242,0.7825404503965735,0.1557045134030534
123,0.38325523093669833,0.4184302181206275,0.29756284538495553,0.1844879732355016,0.5449531315087242,0.0,0.2503948933495631,0.4128993067307985
124,0.13571253495200797,0.6536278138810777,0.5331476934803585,0.4321294482079612,0.7825404503965735,0.2503948933495631,0.0,0.6421425599764551
127,0.7603376805567214,0.06284002685410993,0.12714373542537227,0.2910234946760484,0.1557045134030534,0.4128993067307985,0.6421425599764551,0.0
