,19,20,25,28,99,100,108,123
19,0.0,0.13356358354583642,0.05410529905166556,0.1688844154195264,1.0000278589620115,1.023420689910034,1.0002730608025954,0.9980088675511658
20,0.13356358354583642,0.0,0.17453680290880438,0.09382361178520149,0.9727643996834023,0.9998545945640868,0.8534433486622545,0.8999973247184259
25,0.05410529905166556,0.17453680290880438,0.0,0.19150445812667913,1.000287702940297,1.0612921658433667,0.9964542672106108,1.00001659928737
28,0.1688844154195264,0.09382361178520149,0.19150445812667913,0.0,1.0001021466229982,0.9999990598098961,0.8984448126088593,0.9214587727428636
99,1.0000278589620115,0.9727643996834023,1.000287702940297,1.0001021466229982,0.0,0.07632217034560132,0.29708573626030155,0.5841045655994986
100,1.023420689910034,0.9998545945640868,1.0612921658433667,0.9999990598098961,0.07632217034560132,0.0,0.26906945258223286,0.5400517570116159
108,1.0002730608025954,0.8534433486622545,0.9964542672106108,0.8984448126088593,0.29708573626030155,0.26906945258223286,0.0,0.2975618521634621
123,0.9980088675511658,0.8999973247184259,1.00001659928737,0.9214587727428636,0.5841045655994986,0.5400517570116159,0.2975618521634621,0.0
