,1,6,10,22,23,24,28,29
1,0.0,0.09134382638965154,0.2562785731849405,0.16064513271895578,0.22078971671821307,0.15674057288846335,0.14933813425290213,0.21489955560993634
6,0.09134382638965154,0.0,0.24069309972903988,0.2159456436321431,0.20036233657996236,0.1649783677917747,0.04806201794481069,0.17372348789591147
10,0.2562785731849405,0.24069309972903988,0.0,0.1918240352480952,0.04430758837891246,0.10473887279073951,0.20454598536419688,0.07346974670148888
22,0.16064513271895578,0.2159456436321431,0.1918240352480952,0.0,0.19220987240781093,0.09391915490771031,0.20961998307019047,0.21694757664776204
23,0.22078971671821307,0.20036233657996236,0.04430758837891246,0.19220987240781093,0.0,0.13632133910740885,0.1708710771641803,0.09401046935323028
24,0.15674057288846335,0.1649783677917747,0.10473887279073951,0.09391915490771031,0.13632133910740885,0.0,0.19872507843282355,0.12182751687776583
28,0.14933813425290213,0.04806201794481069,0.20454598536419688,0.20961998307019047,0.1708710771641803,0.19872507843282355,0.0,0.20129626231027564
29,0.21489955560993634,0.17372348789591147,0.07346974670148888,0.21694757664776204,0.09401046935323028,0.12182751687776583,0.20129626231027564,0.0
