,5,7,8,10,12,20,21,28
5,0.0,0.23534172639579143,0.14980521728196472,0.17933154630199952,0.07366247091539377,0.11289075091806601,0.16071447209870668,0.02348215111986202
7,0.23534172639579143,0.0,0.19126834533891768,0.10698015255904798,0.1695698072327995,0.12989318699999525,0.1522992142484885,0.19868769932526167
8,0.14980521728196472,0.19126834533891768,0.0,0.2314182146494862,0.16647149272693942,0.1844622216043933,0.28024791415284295,0.14900822734555746
10,0.17933154630199952,0.10698015255904798,0.2314182146494862,0.0,0.10480311968220854,0.10887528947188649,0.06505102712455334,0.2045462535859703
12,0.07366247091539377,0.1695698072327995,0.16647149272693942,0.10480311968220854,0.0,0.03647651483492987,0.1199952745682794,0.11901165610807202
20,0.11289075091806601,0.12989318699999525,0.1844622216043933,0.10887528947188649,0.03647651483492987,0.0,0.14064321064399204,0.09382316440042397
21,0.16071447209870668,0.1522992142484885,0.28024791415284295,0.06505102712455334,0.1199952745682794,0.14064321064399204,0.0,0.23688205075906674
28,0.02348215111986202,0.19868769932526167,0.14900822734555746,0.2045462535859703,0.11901165610807202,0.09382316440042397,0.23688205075906674,0.0
