,6,8,10,12,13,14,20,22
6,0.0,0.12209331538034729,0.2406932431933497,0.13962219821801092,0.1675888849306688,0.23975772728489733,0.13625763472779373,0.21594577234581525
8,0.12209331538034729,0.0,0.23141804912633965,0.16647137365729173,0.22186064189439286,0.2171745064507757,0.18446208966677818,0.22256941028570923
10,0.2406932431933497,0.23141804912633965,0.0,0.10480301973421267,0.09045169573000528,0.07017480483861502,0.10887518564036874,0.19182414958416408
12,0.13962219821801092,0.16647137365729173,0.10480301973421267,0.0,0.04730923736984627,0.10016483205583641,0.03647645395822881,0.20992471603686585
13,0.1675888849306688,0.22186064189439286,0.09045169573000528,0.04730923736984627,0.0,0.11591817223999197,0.04498269653663415,0.24567025173145068
14,0.23975772728489733,0.2171745064507757,0.07017480483861502,0.10016483205583641,0.11591817223999197,0.0,0.14810417144334764,0.12657511826463916
20,0.13625763472779373,0.18446208966677818,0.10887518564036874,0.03647645395822881,0.04498269653663415,0.14810417144334764,0.0,0.19088100768273175
22,0.21594577234581525,0.22256941028570923,0.19182414958416408,0.20992471603686585,0.24567025173145068,0.12657511826463916,0.19088100768273175,0.0
