,99,100,104,110,113,114,119,126
99,0.0,0.07632269804950445,0.7399269475906269,0.08430502489620015,0.7449695992157611,0.5535270422791398,0.5780643564737713,0.5888202637083787
100,0.07632269804950445,0.0,0.7020349820752853,0.1342739000283197,0.6997643690635343,0.507570954836083,0.5392948667774208,0.5555055176892955
104,0.7399269475906269,0.7020349820752853,0.0,0.6889843318501763,0.09333740433715136,0.21638355895468905,0.17055432110647734,0.15487288878369412
110,0.08430502489620015,0.1342739000283197,0.6889843318501763,0.0,0.7066652194675628,0.5186668008606431,0.5248581656914946,0.5343497813308262
113,0.7449695992157611,0.6997643690635343,0.09333740433715136,0.7066652194675628,0.0,0.19155777151910655,0.20741506823242908,0.20102871261171365
114,0.5535270422791398,0.507570954836083,0.21638355895468905,0.5186668008606431,0.19155777151910655,0.0,0.1075315558168955,0.12474598431720049
119,0.5780643564737713,0.5392948667774208,0.17055432110647734,0.5248581656914946,0.20741506823242908,0.1075315558168955,0.0,0.019856269698118267
126,0.5888202637083787,0.5555055176892955,0.15487288878369412,0.5343497813308262,0.20102871261171365,0.12474598431720049,0.019856269698118267,0.0
