,96,101,102,105,107,110,111,119
96,0.0,0.251397297019487,0.09696360652093872,0.32649324402080887,0.39801176718491865,0.37731864944144494,0.1393000711446997,0.15073918828358562
101,0.251397297019487,0.0,0.18702721183133833,0.5786940945822261,0.6472211102024055,0.12811408442811337,0.247321542581213,0.39775319552788374
102,0.09696360652093872,0.18702721183133833,0.0,0.4002427009214022,0.4667850721187632,0.31503925580631514,0.07785753745758332,0.22052172943946532
105,0.32649324402080887,0.5786940945822261,0.4002427009214022,0.0,0.0795903384456874,0.7041099542552153,0.3756249884934038,0.18081990998019218
107,0.39801176718491865,0.6472211102024055,0.4667850721187632,0.0795903384456874,0.0,0.7718098863695655,0.4316460552924901,0.2497967404757043
110,0.37731864944144494,0.12811408442811337,0.31503925580631514,0.7041099542552153,0.7718098863695655,0.0,0.3697545386265158,0.524858134407511
111,0.1393000711446997,0.247321542581213,0.07785753745758332,0.3756249884934038,0.4316460552924901,0.3697545386265158,0.0,0.20840199026871006
119,0.15073918828358562,0.39775319552788374,0.22052172943946532,0.18081990998019218,0.2497967404757043,0.524858134407511,0.20840199026871006,0.0
