,0,1,21,29,96,106,113,119
0,0.0,0.22918331264476152,0.07155843526134394,0.08632885341533676,0.8073146391250677,0.9560266588580826,0.9999565287134216,0.9867736856906526
1,0.22918331264476152,0.0,0.30299929468302506,0.2149003753882471,1.0000348725666666,0.9997873934674597,0.9984438303823371,0.9999855724758479
21,0.07155843526134394,0.30299929468302506,0.0,0.029540835572071714,0.8105328945064858,0.9966355056493548,0.9999930483650743,0.9837369855300838
29,0.08632885341533676,0.2149003753882471,0.029540835572071714,0.0,0.9157463512141778,0.870075650065223,0.8267360890424015,0.8973624599570533
96,0.8073146391250677,1.0000348725666666,0.8105328945064858,0.9157463512141778,0.0,0.18237640512139727,0.34305012776896626,0.15073830778009165
106,0.9560266588580826,0.9997873934674597,0.9966355056493548,0.870075650065223,0.18237640512139727,0.0,0.17354225052437505,0.03684596448950771
113,0.9999565287134216,0.9984438303823371,0.9999930483650743,0.8267360890424015,0.34305012776896626,0.17354225052437505,0.0,0.2074140297513059
119,0.9867736856906526,0.9999855724758479,0.9837369855300838,0.8973624599570533,0.15073830778009165,0.03684596448950771,0.2074140297513059,0.0
