,3,10,12,21,102,110,118,121
3,0.0,0.14307458317084426,0.067357852773239,0.1874801102952158,0.8895566947038479,0.8003544667146238,0.9340796325664682,0.8477558157092356
10,0.14307458317084426,0.0,0.10480379433367376,0.06505152342639718,0.8694326095432041,0.7696195784929492,0.918374733696128,0.7937170598815504
12,0.067357852773239,0.10480379433367376,0.0,0.11999598979798248,0.8938817970917172,0.7546956189986197,0.8931127121169375,0.8478504387595736
21,0.1874801102952158,0.06505152342639718,0.11999598979798248,0.0,0.8687877139951325,0.7040093426278591,0.8322578233754753,0.8462577334902243
102,0.8895566947038479,0.8694326095432041,0.8938817970917172,0.8687877139951325,0.0,0.3150385422506118,0.34461225486116565,0.08339047206101555
110,0.8003544667146238,0.7696195784929492,0.7546956189986197,0.7040093426278591,0.3150385422506118,0.0,0.15139892288874532,0.3799436109520405
118,0.9340796325664682,0.918374733696128,0.8931127121169375,0.8322578233754753,0.34461225486116565,0.15139892288874532,0.0,0.3929028511003689
121,0.8477558157092356,0.7937170598815504,0.8478504387595736,0.8462577334902243,0.08339047206101555,0.3799436109520405,0.3929028511003689,0.0
