,98,99,101,108,115,116,121,124
98,0.0,0.952852247103069,0.7739705821968169,0.6554657635716584,0.8825605848641767,0.5513336184309171,0.5462690913748673,0.13571251877381404
99,0.952852247103069,0.0,0.18475361595075157,0.2970866924770884,0.12410840929579453,0.40739514605687055,0.41632926988612834,0.8288812476626035
101,0.7739705821968169,0.18475361595075157,0.0,0.12014109787184174,0.11894785876098915,0.22433729295269283,0.25421391128512255,0.6536277749218252
108,0.6554657635716584,0.2970866924770884,0.12014109787184174,0.0,0.23578319133633258,0.11298283862003282,0.13620803709773616,0.5331476617022806
115,0.8825605848641767,0.12410840929579453,0.11894785876098915,0.23578319133633258,0.0,0.3303232563151484,0.3673473870235483,0.7627728809432901
116,0.5513336184309171,0.40739514605687055,0.22433729295269283,0.11298283862003282,0.3303232563151484,0.0,0.09225144226193845,0.43276510673375707
121,0.5462690913748673,0.41632926988612834,0.25421391128512255,0.13620803709773616,0.3673473870235483,0.09225144226193845,0.0,0.414268253372787
124,0.13571251877381404,0.8288812476626035,0.6536277749218252,0.5331476617022806,0.7627728809432901,0.43276510673375707,0.414268253372787,0.0
