,103,105,108,116,117,124,126,127
103,0.0,0.0204791670936081,0.46126115670625994,0.3555810928570504,0.52673740352192,0.08982006223046092,0.1741652220432764,0.5625910528649678
105,0.0204791670936081,0.0,0.4595528420944916,0.3526519238823963,0.5254691844553359,0.0961384065798635,0.16816460302806524,0.5596324265454542
108,0.46126115670625994,0.4595528420944916,0.0,0.11298281168282819,0.06752019949823812,0.5331476299242045,0.29238084525882396,0.12714367479852925
116,0.3555810928570504,0.3526519238823963,0.11298281168282819,0.0,0.18102236389569498,0.43276505514413927,0.18688653631837088,0.20676044931034923
117,0.52673740352192,0.5254691844553359,0.06752019949823812,0.18102236389569498,0.0,0.5968896402873675,0.35676017399391935,0.11003336452073184
124,0.08982006223046092,0.0961384065798635,0.5331476299242045,0.43276505514413927,0.5968896402873675,0.0,0.2485777506960043,0.6421425025644388
126,0.1741652220432764,0.16816460302806524,0.29238084525882396,0.18688653631837088,0.35676017399391935,0.2485777506960043,0.0,0.39412609041215185
127,0.5625910528649678,0.5596324265454542,0.12714367479852925,0.20676044931034923,0.11003336452073184,0.6421425025644388,0.39412609041215185,0.0
