,2,7,9,12,102,106,116,117
2,0.0,0.10329324213286992,0.08812294721243491,0.06323627743796179,0.9332494209325217,0.9024083200023665,0.8831730700912391,0.8372376713281895
7,0.10329324213286992,0.0,0.08873117940501643,0.1695707168785706,0.948909098799025,0.9181757228044014,0.9250188490052517,0.8778428201063256
9,0.08812294721243491,0.08873117940501643,0.0,0.08377615430365085,0.9455763809292831,0.9887570326962201,0.9195717400515141,0.8227309162760944
12,0.06323627743796179,0.1695707168785706,0.08377615430365085,0.0,0.8938818104115941,0.9844344942875684,0.8740806559932227,0.7469899022992882
102,0.9332494209325217,0.948909098799025,0.9455763809292831,0.8938818104115941,0.0,0.25448877151048954,0.07011219200924897,0.1306811567357776
106,0.9024083200023665,0.9181757228044014,0.9887570326962201,0.9844344942875684,0.25448877151048954,0.0,0.20845367105836657,0.3781004665878666
116,0.8831730700912391,0.9250188490052517,0.9195717400515141,0.8740806559932227,0.07011219200924897,0.20845367105836657,0.0,0.18102186756678537
117,0.8372376713281895,0.8778428201063256,0.8227309162760944,0.7469899022992882,0.1306811567357776,0.3781004665878666,0.18102186756678537,0.0
