,4,6,8,13,14,16,19,22
4,0.0,0.16028132398778766,0.18214433768375515,0.23448914244498353,0.13213870250988985,0.1737484031550473,0.05767121723994669,0.0427160988685641
6,0.16028132398778766,0.0,0.12209279141380573,0.16758818569681072,0.23975689842722836,0.07081971780930148,0.18251799371495203,0.2159449743222846
8,0.18214433768375515,0.12209279141380573,0.0,0.22185984846032664,0.21717380744299783,0.13906866160563608,0.20556919240237087,0.22256861431689426
13,0.23448914244498353,0.16758818569681072,0.22185984846032664,0.0,0.11591759186348062,0.11415090647859905,0.1642866992997717,0.24566943171988637
14,0.13213870250988985,0.23975689842722836,0.21717380744299783,0.11591759186348062,0.0,0.17355263613501815,0.06989455322016264,0.12657451470888123
16,0.1737484031550473,0.07081971780930148,0.13906866160563608,0.11415090647859905,0.17355263613501815,0.0,0.1554438510119393,0.1992380091264553
19,0.05767121723994669,0.18251799371495203,0.20556919240237087,0.1642866992997717,0.06989455322016264,0.1554438510119393,0.0,0.06321737407785488
22,0.0427160988685641,0.2159449743222846,0.22256861431689426,0.24566943171988637,0.12657451470888123,0.1992380091264553,0.06321737407785488,0.0
