,3,9,11,14,22,23,24,30
3,0.0,0.09553445889111516,0.1541844692375369,0.15844964779827375,0.2411940811302705,0.09802052042141357,0.21746678511681442,0.09144785406483658
9,0.09553445889111516,0.0,0.07450269249123546,0.07740756538266155,0.14659646517385266,0.0897592648646209,0.11728337657792179,0.07233187652369899
11,0.1541844692375369,0.07450269249123546,0.0,0.15967317679647694,0.10183803555353713,0.1984145101990531,0.09780274477997977,0.10313048732733626
14,0.15844964779827375,0.07740756538266155,0.15967317679647694,0.0,0.12657551057742514,0.09558663289773513,0.05011140410248949,0.1051562299612958
22,0.2411940811302705,0.14659646517385266,0.10183803555353713,0.12657551057742514,0.0,0.19221044523872288,0.09391955796586152,0.17040013454306446
23,0.09802052042141357,0.0897592648646209,0.1984145101990531,0.09558663289773513,0.19221044523872288,0.0,0.13632182663138018,0.09341320783154654
24,0.21746678511681442,0.11728337657792179,0.09780274477997977,0.05011140410248949,0.09391955796586152,0.13632182663138018,0.0,0.13604026344428946
30,0.09144785406483658,0.07233187652369899,0.10313048732733626,0.1051562299612958,0.17040013454306446,0.09341320783154654,0.13604026344428946,0.0
