,100,101,102,104,117,120,124,126
100,0.0,0.17889483495810066,0.3211840372392451,0.7020348983861988,0.20753183160141775,0.544404661220349,0.7882853533684526,0.5555053852464751
101,0.17889483495810066,0.0,0.18702714494520714,0.5621785130720945,0.07024706965044718,0.40185904896773006,0.6536276970033272,0.40831080355907917
102,0.3211840372392451,0.18702714494520714,0.0,0.3850602672312896,0.13068156177500945,0.22708119818466552,0.47235731791237673,0.2362733053791906
104,0.7020348983861988,0.5621785130720945,0.3850602672312896,0.0,0.5085612724661464,0.1625243902554947,0.09411333788848805,0.15487277801001148
117,0.20753183160141775,0.07024706965044718,0.13068156177500945,0.5085612724661464,0.0,0.3445765573367811,0.5968895691325817,0.35676008893567573
120,0.544404661220349,0.40185904896773006,0.22708119818466552,0.1625243902554947,0.3445765573367811,0.0,0.25286521680708396,0.03955830912906741
124,0.7882853533684526,0.6536276970033272,0.47235731791237673,0.09411333788848805,0.5968895691325817,0.25286521680708396,0.0,0.24857769143045724
126,0.5555053852464751,0.40831080355907917,0.2362733053791906,0.15487277801001148,0.35676008893567573,0.03955830912906741,0.24857769143045724,0.0
