,3,9,12,14,19,29,30,31
3,0.0,0.09553427667376939,0.06735738705330609,0.15844942113439656,0.19928494667300764,0.2294572030673846,0.09144767964206349,0.10582521779827458
9,0.09553427667376939,0.0,0.08377557506569484,0.07740741773958836,0.07903669908778788,0.18158633731177076,0.07233173856172476,0.10989187068401529
12,0.06735738705330609,0.08377557506569484,0.0,0.10016502310527409,0.17602857382439466,0.18264738992197824,0.0408411047817462,0.14370805301645867
14,0.15844942113439656,0.07740741773958836,0.10016502310527409,0.0,0.06989513646819842,0.14217061013324397,0.10515605446304974,0.19005153718328016
19,0.19928494667300764,0.07903669908778788,0.17602857382439466,0.06989513646819842,0.0,0.14792229142253513,0.11330533232245733,0.13228814894596994
29,0.2294572030673846,0.18158633731177076,0.18264738992197824,0.14217061013324397,0.14792229142253513,0.0,0.17263126079780874,0.2207599769119754
30,0.09144767964206349,0.07233173856172476,0.0408411047817462,0.10515605446304974,0.11330533232245733,0.17263126079780874,0.0,0.08783601754002135
31,0.10582521779827458,0.10989187068401529,0.14370805301645867,0.19005153718328016,0.13228814894596994,0.2207599769119754,0.08783601754002135,0.0
