,0,5,25,28,99,104,117,127
0,0.0,0.12420203697565933,0.19059757986498016,0.1833333132453699,0.7357841005983439,0.9935692911150021,0.7257399492419795,0.8466865644641091
5,0.12420203697565933,0.0,0.28660618396597376,0.023482375064174037,0.7384219409967461,0.9997767130746837,0.7620308927001002,0.8568807688676761
25,0.19059757986498016,0.28660618396597376,0.0,0.1915045951013905,1.0002877028238482,0.9380112445817097,0.9988341414571262,1.0000475231368509
28,0.1833333132453699,0.023482375064174037,0.1915045951013905,0.0,1.0001021465720612,0.7998093026223703,0.903797447626424,0.9997005137616264
99,0.7357841005983439,0.7384219409967461,1.0002877028238482,1.0001021465720612,0.0,0.7399264404053478,0.23241623087633723,0.2276465307215364
104,0.9935692911150021,0.9997767130746837,0.9380112445817097,0.7998093026223703,0.7399264404053478,0.0,0.5085606055890758,0.5494178113449942
117,0.7257399492419795,0.7620308927001002,0.9988341414571262,0.903797447626424,0.23241623087633723,0.5085606055890758,0.0,0.11003286607589077
127,0.8466865644641091,0.8568807688676761,1.0000475231368509,0.9997005137616264,0.2276465307215364,0.5494178113449942,0.11003286607589077,0.0
