,1,4,24,29,114,121,125,127
1,0.0,0.10269460127416478,0.15674104001246789,0.21490009358910006,1.0000227271375088,1.0000107918440573,1.1761715382575226,1.0677147632803432
4,0.10269460127416478,0.0,0.08176673404716388,0.190234639761203,0.9989148867153742,0.99987244962612,1.1417386717688651,1.0288612276454623
24,0.15674104001246789,0.08176673404716388,0.0,0.12182792352165306,0.9557714810508443,0.9791482825257012,1.0848908690319061,1.0014539340562951
29,0.21490009358910006,0.190234639761203,0.12182792352165306,0.0,0.8956542965523804,0.9315772873573842,1.064781468657813,1.0002519834572439
114,1.0000227271375088,0.9989148867153742,0.9557714810508443,0.8956542965523804,0.0,0.14000635936661288,0.4761448408319506,0.39293299229691653
121,1.0000107918440573,0.99987244962612,0.9791482825257012,0.9315772873573842,0.14000635936661288,0.0,0.3392214928937111,0.2637851369743944
125,1.1761715382575226,1.1417386717688651,1.0848908690319061,1.064781468657813,0.4761448408319506,0.3392214928937111,0.0,0.15207586605168277
127,1.0677147632803432,1.0288612276454623,1.0014539340562951,1.0002519834572439,0.39293299229691653,0.2637851369743944,0.15207586605168277,0.0
