,96,98,105,112,121,123,124,127
96,0.0,0.523494020194832,0.32649312725774676,0.21706476390069518,0.09026728445063585,0.19532070495337406,0.40577142906802605,0.2369216445021055
98,0.523494020194832,0.0,0.1991615692554377,0.6860874773505821,0.5462689936943507,0.3832550938739715,0.13571243788287343,0.7603376125772383
105,0.32649312725774676,0.1991615692554377,0.0,0.5007287792011347,0.3547315826023194,0.1963740645816575,0.09613836073750984,0.5596323931887631
112,0.21706476390069518,0.6860874773505821,0.5007287792011347,0.0,0.1466079995635051,0.3105383795362194,0.5567260259437541,0.19529579261679608
121,0.09026728445063585,0.5462689936943507,0.3547315826023194,0.1466079995635051,0.0,0.17091249321289634,0.41426815460355043,0.2637864262487348
123,0.19532070495337406,0.3832550938739715,0.1963740645816575,0.3105383795362194,0.17091249321289634,0.0,0.25039477395200216,0.4128991836772343
124,0.40577142906802605,0.13571243788287343,0.09613836073750984,0.5567260259437541,0.41426815460355043,0.25039477395200216,0.0,0.6421424451524278
127,0.2369216445021055,0.7603376125772383,0.5596323931887631,0.19529579261679608,0.2637864262487348,0.4128991836772343,0.6421424451524278,0.0
