,102,110,114,118,121,122,124,127
102,0.0,0.3150391431395177,0.2118712945309382,0.34461282999539455,0.08339081005294412,0.49797125002671827,0.47235731791237673,0.18246700046191267
110,0.3150391431395177,0.0,0.5186666772008561,0.15139939214158146,0.37994422240543957,0.8085596849809482,0.7825403804320084,0.15570440203454672
114,0.2118712945309382,0.5186666772008561,0.0,0.5232005165337373,0.14000736077371215,0.2914154042597217,0.2878611116544353,0.39293432727517563
118,0.34461282999539455,0.15139939214158146,0.5232005165337373,0.0,0.3929034599905474,0.8165793481837642,0.8039656045358887,0.23315330084078223
121,0.08339081005294412,0.37994422240543957,0.14000736077371215,0.3929034599905474,0.0,0.42891008825019417,0.41426815460355043,0.2637864262487348
122,0.49797125002671827,0.8085596849809482,0.2914154042597217,0.8165793481837642,0.42891008825019417,0.0,0.08958433847669021,0.6767978700989313
124,0.47235731791237673,0.7825403804320084,0.2878611116544353,0.8039656045358887,0.41426815460355043,0.08958433847669021,0.0,0.6421424451524278
127,0.18246700046191267,0.15570440203454672,0.39293432727517563,0.23315330084078223,0.2637864262487348,0.6767978700989313,0.6421424451524278,0.0
