,98,111,115,118,120,121,125,127
98,0.0,0.5699926447927175,0.8825605256838798,0.9378575191328188,0.37542598068392347,0.5462688960138514,0.8736597562127436,0.7603375445977614
111,0.5699926447927175,0.0,0.3533523220184052,0.3696606640305639,0.20879535964074708,0.0341073703954026,0.3169691542004123,0.25563750429927895
115,0.8825605256838798,0.3533523220184052,0.0,0.1399828116743493,0.5159698300820801,0.36734716806750844,0.07902818214120431,0.12812560032694756
118,0.9378575191328188,0.3696606640305639,0.1399828116743493,0.0,0.5627560596144107,0.3929033663150739,0.0887192275436618,0.23315318966465132
120,0.37542598068392347,0.20879535964074708,0.5159698300820801,0.5627560596144107,0.0,0.17545481551826572,0.5013723686013662,0.39508576710520305
121,0.5462688960138514,0.0341073703954026,0.36734716806750844,0.3929033663150739,0.17545481551826572,0.0,0.33922274648497563,0.26378633191137424
125,0.8736597562127436,0.3169691542004123,0.07902818214120431,0.0887192275436618,0.5013723686013662,0.33922274648497563,0.0,0.15207682688408342
127,0.7603375445977614,0.25563750429927895,0.12812560032694756,0.23315318966465132,0.39508576710520305,0.26378633191137424,0.15207682688408342,0.0
