,1,20,28,29,118,123,125,127
1,0.0,0.1749384118034874,0.1493388641568942,0.2149004010063697,1.193811178409219,1.0000259376646214,1.176171362994319,1.067714699639586
20,0.1749384118034874,0.0,0.09382354467734887,0.12895768640654603,0.9999754963192531,0.8999972844854112,1.0000137400591367,0.9467178178182818
28,0.1493388641568942,0.09382354467734887,0.0,0.2012970781889993,1.005443076542747,0.9214587452812526,0.9999765482174214,0.9997005135288655
29,0.2149004010063697,0.12895768640654603,0.2012970781889993,0.0,1.0930248643142322,0.9235228714448199,1.0647814051918936,1.0002519832243546
118,1.193811178409219,0.9999754963192531,1.005443076542747,1.0930248643142322,0.0,0.5586332525941774,0.08871869873743352,0.23315235584535943
123,1.0000259376646214,0.8999972844854112,0.9214587452812526,0.9235228714448199,0.5586332525941774,0.0,0.5026569667097235,0.41289817463939127
125,1.176171362994319,1.0000137400591367,0.9999765482174214,1.0647814051918936,0.08871869873743352,0.5026569667097235,0.0,0.15207611985587785
127,1.067714699639586,0.9467178178182818,0.9997005135288655,1.0002519832243546,0.23315235584535943,0.41289817463939127,0.15207611985587785,0.0
