,103,107,115,118,121,125,126,127
103,0.0,0.06988797118687416,0.6862890734905627,0.7391543564867502,0.35177561046512523,0.6737801445252477,0.1741651182327454,0.5625909187328244
107,0.06988797118687416,0.0,0.751226962884358,0.8017494017784035,0.41124806347888654,0.735185729522095,0.2385896612087928,0.6308880176883139
115,0.6862890734905627,0.751226962884358,0.0,0.13998282836160184,0.36734721185870595,0.07902820098299346,0.5179652899159175,0.1281256308744748
118,0.7391543564867502,0.8017494017784035,0.13998282836160184,0.0,0.3929033897339401,0.0887192275436618,0.5761303829141944,0.2331532174586791
121,0.35177561046512523,0.41124806347888654,0.36734721185870595,0.3929033897339401,0.0,0.33922274648497563,0.19658985582108363,0.2637863633571574
125,0.6737801445252477,0.735185729522095,0.07902820098299346,0.0887192275436618,0.33922274648497563,0.0,0.5094335679795658,0.152076845013055
126,0.1741651182327454,0.2385896612087928,0.5179652899159175,0.5761303829141944,0.19658985582108363,0.5094335679795658,0.0,0.3941259494617034
127,0.5625909187328244,0.6308880176883139,0.1281256308744748,0.2331532174586791,0.2637863633571574,0.152076845013055,0.3941259494617034,0.0
