,103,104,105,112,113,116,118,122
103,0.0,0.028616099472009614,0.020479176858838266,0.49438379191513865,0.10881757442333977,0.3555810928570504,0.7391544446008212,0.16581208446180776
104,0.028616099472009614,0.0,0.038019668867750274,0.47669977459955215,0.0933373820837827,0.34113588837440023,0.7214951840660009,0.1632672511474582
105,0.020479176858838266,0.038019668867750274,0.0,0.5007288687384257,0.10343709016521048,0.3526519659217841,0.7386699099779638,0.18086300438527078
112,0.49438379191513865,0.47669977459955215,0.5007288687384257,0.0,0.46706385390276334,0.18398140880059233,0.25439413634252134,0.5636882829883174
113,0.10881757442333977,0.0933373820837827,0.10343709016521048,0.46706385390276334,0.0,0.3662342400789643,0.7172518177816424,0.10346663865113769
116,0.3555810928570504,0.34113588837440023,0.3526519659217841,0.18398140880059233,0.3662342400789643,0.0,0.399031823916791,0.4717644709383462
118,0.7391544446008212,0.7214951840660009,0.7386699099779638,0.25439413634252134,0.7172518177816424,0.399031823916791,0.0,0.8165793968556877
122,0.16581208446180776,0.1632672511474582,0.18086300438527078,0.5636882829883174,0.10346663865113769,0.4717644709383462,0.8165793968556877,0.0
