,4,28,29,31,111,115,118,127
4,0.0,0.20192063069720861,0.19023482118317955,0.13149312291753917,1.0015195001070984,1.1447062778506758,1.1627986889644357,1.0288612123142353
28,0.20192063069720861,0.0,0.20129695820662669,0.10081057345465483,0.9629026123840468,0.9999549903311775,1.0054430784155306,0.999700513412485
29,0.19023482118317955,0.20129695820662669,0.0,0.2207603190285606,0.9977790783526108,1.050324529388265,1.0930249050325822,1.000251983311688
31,0.13149312291753917,0.10081057345465483,0.2207603190285606,0.0,0.9999789446462505,1.000533082300822,1.0106916949233078,0.9999979158796013
111,1.0015195001070984,0.9629026123840468,0.9977790783526108,0.9999789446462505,0.0,0.3533512689479927,0.3696596284578638,0.25563652912145035
115,1.1447062778506758,0.9999549903311775,1.050324529388265,1.000533082300822,0.3533512689479927,0.0,0.1399820273757246,0.12812486718847924
118,1.1627986889644357,1.0054430784155306,1.0930249050325822,1.0106916949233078,0.3696596284578638,0.1399820273757246,0.0,0.23315224466967913
127,1.0288612123142353,0.999700513412485,1.000251983311688,0.9999979158796013,0.25563652912145035,0.12812486718847924,0.23315224466967913,0.0
