,101,106,108,109,114,117,119,126
101,0.0,0.431734697731251,0.12014121244737576,0.27312217258091426,0.39344980363555754,0.07024718688799073,0.39775331406759107,0.4083110469313557
106,0.431734697731251,0.0,0.3133435433714965,0.2460014671682921,0.1258621599177319,0.37810123283113906,0.03684638616052049,0.028004078439806068
108,0.12014121244737576,0.3133435433714965,0.0,0.1683901601879078,0.27347250077110646,0.06752027998863622,0.2796717821946683,0.2923810195314401
109,0.27312217258091426,0.2460014671682921,0.1683901601879078,0.0,0.1443854586119563,0.20636771555067568,0.22069656291923218,0.23488697524365712
114,0.39344980363555754,0.1258621599177319,0.27347250077110646,0.1443854586119563,0.0,0.329094210904824,0.10753163272948524,0.12474607354251338
117,0.07024718688799073,0.37810123283113906,0.06752027998863622,0.20636771555067568,0.329094210904824,0.0,0.3454537564265503,0.3567603441104674
119,0.39775331406759107,0.03684638616052049,0.2796717821946683,0.22069656291923218,0.10753163272948524,0.3454537564265503,0.0,0.019856293368650413
126,0.4083110469313557,0.028004078439806068,0.2923810195314401,0.23488697524365712,0.12474607354251338,0.3567603441104674,0.019856293368650413,0.0
