,8,9,12,15,17,24,25,26
8,0.0,0.14102579314821395,0.16647105613864757,0.1676881857750773,0.03700538284836336,0.24297138223052014,0.21222584591217086,0.1472852913193242
9,0.14102579314821395,0.0,0.08377521554070202,0.12938690484844254,0.11460071330055181,0.11728287325335388,0.10935086133642828,0.10697222046972142
12,0.16647105613864757,0.08377521554070202,0.0,0.05062333476878723,0.13315599796620653,0.17131074543156796,0.19102831073211207,0.1896845264495215
15,0.1676881857750773,0.12938690484844254,0.05062333476878723,0.0,0.17224969107750146,0.1898371067869423,0.2211272676595269,0.1986039653311697
17,0.03700538284836336,0.11460071330055181,0.13315599796620653,0.17224969107750146,0.0,0.2447678197298162,0.20178239120799926,0.1819319318756557
24,0.24297138223052014,0.11728287325335388,0.17131074543156796,0.1898371067869423,0.2447678197298162,0.0,0.08268019366746807,0.10859582268805434
25,0.21222584591217086,0.10935086133642828,0.19102831073211207,0.2211272676595269,0.20178239120799926,0.08268019366746807,0.0,0.02013538074273004
26,0.1472852913193242,0.10697222046972142,0.1896845264495215,0.1986039653311697,0.1819319318756557,0.10859582268805434,0.02013538074273004,0.0
