,14,27,28,31,96,97,106,113
14,0.0,0.05813623327092413,0.22327623748542869,0.19005276060628912,0.9024666614019772,0.988601755214344,1.0000212858258994,1.0035192663440653
27,0.05813623327092413,0.0,0.15919661767762058,0.11886213090511615,0.9307885367344035,1.0000395799736095,0.9429255477365426,0.9218590920653428
28,0.22327623748542869,0.15919661767762058,0.0,0.10081122240481297,0.6973348849122563,1.000181594440483,0.8561569975646897,0.8561379249656581
31,0.19005276060628912,0.11886213090511615,0.10081122240481297,0.0,0.891515475189742,0.9999711095286945,0.9478592024973335,0.963258984139199
96,0.9024666614019772,0.9307885367344035,0.6973348849122563,0.891515475189742,0.0,0.2118297002916895,0.18237718779769738,0.343051068349782
97,0.988601755214344,1.0000395799736095,1.000181594440483,0.9999711095286945,0.2118297002916895,0.0,0.3712263433005301,0.5052573668672498
106,1.0000212858258994,0.9429255477365426,0.8561569975646897,0.9478592024973335,0.18237718779769738,0.3712263433005301,0.0,0.17354303666439452
113,1.0035192663440653,0.9218590920653428,0.8561379249656581,0.963258984139199,0.343051068349782,0.5052573668672498,0.17354303666439452,0.0
