,6,10,16,25,99,102,114,119
6,0.0,0.24069398920913937,0.07082056205115816,0.21251751930670143,1.058809385258173,0.9999810471576716,0.9784895576981103,0.981110993293037
10,0.24069398920913937,0.0,0.15726419392417246,0.15960809198597495,0.7771941933726314,0.8694324799876592,0.8777614869789042,0.9193916153240703
16,0.07082056205115816,0.15726419392417246,0.0,0.18107986093923623,0.9997907607687447,0.9131306616797918,0.8490445686728025,0.8774749190597707
25,0.21251751930670143,0.15960809198597495,0.18107986093923623,0.0,1.0002877030567459,0.9999752624993792,0.9846726980115459,0.9931175544118294
99,1.058809385258173,0.7771941933726314,0.9997907607687447,1.0002877030567459,0.0,0.35801955259727775,0.5535260195038202,0.5780633917255988
102,0.9999810471576716,0.8694324799876592,0.9131306616797918,0.9999752624993792,0.35801955259727775,0.0,0.21187038527993535,0.22052073048865742
114,0.9784895576981103,0.8777614869789042,0.8490445686728025,0.9846726980115459,0.5535260195038202,0.21187038527993535,0.0,0.10753060723281185
119,0.981110993293037,0.9193916153240703,0.8774749190597707,0.9931175544118294,0.5780633917255988,0.22052073048865742,0.10753060723281185,0.0
