,1,4,5,8,12,15,23,26
1,0.0,0.10269371984311447,0.20119176119453686,0.07056715147378997,0.16848001383186093,0.19893595906516254,0.22078908503467023,0.18534399482861444
4,0.10269371984311447,0.0,0.2519405298474143,0.1821443811103545,0.1863570568410635,0.2246650279860691,0.21443741735051144,0.04115734326120236
5,0.20119176119453686,0.2519405298474143,0.0,0.14980444938247134,0.07366194404222856,0.08771944947443011,0.13460734870020538,0.253683981326309
8,0.07056715147378997,0.1821443811103545,0.14980444938247134,0.0,0.16647067908604427,0.16768780596570707,0.2056741528419396,0.147284940164244
12,0.16848001383186093,0.1863570568410635,0.07366194404222856,0.16647067908604427,0.0,0.05062314165645884,0.060748681942454114,0.18968414204323117
15,0.19893595906516254,0.2246650279860691,0.08771944947443011,0.16768780596570707,0.05062314165645884,0.0,0.0894052765455369,0.19860356284913816
23,0.22078908503467023,0.21443741735051144,0.13460734870020538,0.2056741528419396,0.060748681942454114,0.0894052765455369,0.0,0.18213465381068775
26,0.18534399482861444,0.04115734326120236,0.253683981326309,0.147284940164244,0.18968414204323117,0.19860356284913816,0.18213465381068775,0.0
