,100,108,109,111,112,118,119,126
100,0.0,0.2690702865485606,0.3660876640963113,0.3513745639929462,0.23793480041003134,0.024248577904242015,0.5392947381995202,0.5555053852464751
108,0.2690702865485606,0.0,0.16838995945131383,0.1361198648341375,0.10831872605415291,0.29121349922915607,0.27967158215789306,0.29238077554980657
109,0.3660876640963113,0.16838995945131383,0.0,0.0419565632079347,0.12969482764764131,0.3836399305875833,0.22069635244668878,0.2348866952367296
111,0.3513745639929462,0.1361198648341375,0.0419565632079347,0.0,0.12165206061718174,0.36966077419804316,0.20840191573836378,0.22732547550667406
112,0.23793480041003134,0.10831872605415291,0.12969482764764131,0.12165206061718174,0.0,0.25439404536410487,0.3248625688423216,0.340697418813229
118,0.024248577904242015,0.29121349922915607,0.3836399305875833,0.36966077419804316,0.25439404536410487,0.0,0.5620279462617834,0.5761304172542422
119,0.5392947381995202,0.27967158215789306,0.22069635244668878,0.20840191573836378,0.3248625688423216,0.5620279462617834,0.0,0.019856241293516937
126,0.5555053852464751,0.29238077554980657,0.2348866952367296,0.22732547550667406,0.340697418813229,0.5761304172542422,0.019856241293516937,0.0
