,2,4,11,18,27,28,29,31
2,0.0,0.1662347522282812,0.10270366086509361,0.08544515332644122,0.12899529413514263,0.07420602383462292,0.1894238744608099,0.06633885168664469
4,0.1662347522282812,0.0,0.06132272681812482,0.15120319091027085,0.0615548851159345,0.20191986043259996,0.19023420888470216,0.13149262131203945
11,0.10270366086509361,0.06132272681812482,0.0,0.12484214673170775,0.06613869700370568,0.15343551728020433,0.18915305005984828,0.06863719116815359
18,0.08544515332644122,0.15120319091027085,0.12484214673170775,0.0,0.09155134538421102,0.09725259425632865,0.1038545835194743,0.11543066021677517
27,0.12899529413514263,0.0615548851159345,0.06613869700370568,0.09155134538421102,0.0,0.15919521333285358,0.14610341653377829,0.1188609406755803
28,0.07420602383462292,0.20191986043259996,0.15343551728020433,0.09725259425632865,0.15919521333285358,0.0,0.2012963582958362,0.10081011678852922
29,0.1894238744608099,0.19023420888470216,0.18915305005984828,0.1038545835194743,0.14610341653377829,0.2012963582958362,0.0,0.2207596874291251
31,0.06633885168664469,0.13149262131203945,0.06863719116815359,0.11543066021677517,0.1188609406755803,0.10081011678852922,0.2207596874291251,0.0
