,10,16,20,22,99,116,117,124
10,0.0,0.15726398770342653,0.10887554905111409,0.1918246069291211,0.7771940543994924,0.8242219353039392,0.7270679776444758,0.998973431684907
16,0.15726398770342653,0.0,0.04978776871235347,0.1992392441834023,0.9997907606232561,0.8856013792245211,0.8708423310015336,0.8780994782712161
20,0.10887554905111409,0.04978776871235347,0.0,0.19088146277906057,0.9727643706927646,0.8435623000377181,0.8279953062144689,0.845739208723895
22,0.1918246069291211,0.1992392441834023,0.19088146277906057,0.0,1.0088502597663949,0.9998093414056247,1.0000236299501601,0.9692378904531529
99,0.7771940543994924,0.9997907606232561,0.9727643706927646,1.0088502597663949,0.0,0.40739376194857285,0.2324157044596319,0.8288806671520319
116,0.8242219353039392,0.8856013792245211,0.8435623000377181,0.9998093414056247,0.40739376194857285,0.0,0.18102124176270853,0.4327637396109622
117,0.7270679776444758,0.8708423310015336,0.8279953062144689,1.0000236299501601,0.2324157044596319,0.18102124176270853,0.0,0.5968885018118139
124,0.998973431684907,0.8780994782712161,0.845739208723895,0.9692378904531529,0.8288806671520319,0.4327637396109622,0.5968885018118139,0.0
