,0,5,11,13,23,25,27,28
0,0.0,0.12420129667603616,0.1993494800910451,0.04518265143004618,0.012470262437922961,0.190596739189757,0.13282148942646543,0.18333243904609323
5,0.12420129667603616,0.0,0.2066808523505279,0.09589284520483124,0.13460802265264163,0.28660515898421945,0.22818525111246196,0.023482123126973183
11,0.1993494800910451,0.2066808523505279,0.0,0.20013188292374462,0.19841410810096297,0.10327366550095705,0.06613874430980508,0.15343560873492662
13,0.04518265143004618,0.09589284520483124,0.20013188292374462,0.0,0.050240327759343485,0.2397534401209776,0.15355055551714036,0.15173698078861145
23,0.012470262437922961,0.13460802265264163,0.19841410810096297,0.050240327759343485,0.0,0.19961398583391074,0.12965797427008388,0.1708712401196157
25,0.190596739189757,0.28660515898421945,0.10327366550095705,0.2397534401209776,0.19961398583391074,0.0,0.07422272705168173,0.1915037047675178
27,0.13282148942646543,0.22818525111246196,0.06613874430980508,0.15355055551714036,0.12965797427008388,0.07422272705168173,0.0,0.15919530822062325
28,0.18333243904609323,0.023482123126973183,0.15343560873492662,0.15173698078861145,0.1708712401196157,0.1915037047675178,0.15919530822062325,0.0
