,0,1,6,8,17,18,20,25
0,0.0,0.22918246570215026,0.19281948047118141,0.21958952649220176,0.1706036325078298,0.058810825343121376,0.07355215571532832,0.19059658014351027
1,0.22918246570215026,0.0,0.09134382638965154,0.07056750478959416,0.04305604221114252,0.16954979626035518,0.174937640196689,0.15851728366810025
6,0.19281948047118141,0.09134382638965154,0.0,0.12209322805243421,0.13536571391584332,0.14718807090479907,0.1362575372687736,0.21251668328428355
8,0.21958952649220176,0.07056750478959416,0.12209322805243421,0.0,0.03700545343059706,0.20145239531458145,0.18446197971883765,0.21222607360592385
17,0.1706036325078298,0.04305604221114252,0.13536571391584332,0.03700545343059706,0.0,0.18610727787882478,0.1857755424578288,0.20178258364277502
18,0.058810825343121376,0.16954979626035518,0.14718807090479907,0.20145239531458145,0.18610727787882478,0.0,0.039252363653163834,0.1423335912607735
20,0.07355215571532832,0.174937640196689,0.1362575372687736,0.18446197971883765,0.1857755424578288,0.039252363653163834,0.0,0.17453590823554158
25,0.19059658014351027,0.15851728366810025,0.21251668328428355,0.21222607360592385,0.20178258364277502,0.1423335912607735,0.17453590823554158,0.0
