,100,101,104,105,107,111,116,123
100,0.0,0.17889506954344245,0.7020350866866574,0.7189897821536492,0.777865283181344,0.3513748572028535,0.3755245872758459,0.5400528192692341
101,0.17889506954344245,0.0,0.5621787476312974,0.5786942670465315,0.647221225934569,0.24732168999638382,0.2243374534112861,0.41843036776296133
104,0.7020350866866574,0.5621787476312974,0.0,0.03801973231997123,0.08991931024499339,0.35807905242449,0.3411360917072953,0.1761176744708972
105,0.7189897821536492,0.5786942670465315,0.03801973231997123,0.0,0.07959047127650606,0.37562514521639456,0.35265213407938545,0.19637429867792427
107,0.777865283181344,0.647221225934569,0.08991931024499339,0.07959047127650606,0.0,0.4316462096611765,0.42406554819221554,0.24368858459404907
111,0.3513748572028535,0.24732168999638382,0.35807905242449,0.37562514521639456,0.4316462096611765,0.0,0.1172500220162786,0.18964624792948315
116,0.3755245872758459,0.2243374534112861,0.3411360917072953,0.35265213407938545,0.42406554819221554,0.1172500220162786,0.0,0.21281585976939163
123,0.5400528192692341,0.41843036776296133,0.1761176744708972,0.19637429867792427,0.24368858459404907,0.18964624792948315,0.21281585976939163,0.0
