,2,10,18,22,26,27,28,30
2,0.0,0.14603959759446508,0.08544539778733548,0.18272306769366917,0.15727135557601554,0.12899560168425664,0.07420625383221129,0.03183326546764917
10,0.14603959759446508,0.0,0.08172374002747733,0.19182449259277962,0.16194352014701396,0.12851729779013624,0.20454644865657187,0.12258567069249544
18,0.08544539778733548,0.08172374002747733,0.0,0.15918468114197226,0.1647928554590536,0.0915516073150859,0.0972528493117418,0.0523305573224822
22,0.18272306769366917,0.19182449259277962,0.15918468114197226,0.0,0.010307146459939768,0.0814844516841003,0.20962045785506406,0.17040003297669987
26,0.15727135557601554,0.16194352014701396,0.1647928554590536,0.010307146459939768,0.0,0.10899624250964936,0.2356872516959122,0.13973622466755295
27,0.12899560168425664,0.12851729779013624,0.0915516073150859,0.0814844516841003,0.10899624250964936,0.0,0.15919557390667927,0.09853323714004801
28,0.07420625383221129,0.20454644865657187,0.0972528493117418,0.20962045785506406,0.2356872516959122,0.15919557390667927,0.0,0.10351954115413214
30,0.03183326546764917,0.12258567069249544,0.0523305573224822,0.17040003297669987,0.13973622466755295,0.09853323714004801,0.10351954115413214,0.0
