,97,98,99,101,116,117,122,123
97,0.0,0.7149039282113712,0.24604648617539523,0.10115196813086023,0.18067996175817225,0.029542406221566467,0.605327738012267,0.34203299102426604
98,0.7149039282113712,0.0,0.9528522684009767,0.7739706744613056,0.551333782741164,0.7190285456641505,0.18652018991490418,0.38325536799947424
99,0.24604648617539523,0.9528522684009767,0.0,0.18475374809688264,0.40739531603540674,0.23241711747558869,0.8434335924656028,0.5841055404299762
101,0.10115196813086023,0.7739706744613056,0.18475374809688264,0.0,0.2243374534112861,0.0702472036362272,0.6783761659917653,0.41843036776296133
116,0.18067996175817225,0.551333782741164,0.40739531603540674,0.2243374534112861,0.0,0.18102253653215644,0.4717646115351357,0.21281585976939163
117,0.029542406221566467,0.7190285456641505,0.23241711747558869,0.0702472036362272,0.18102253653215644,0.0,0.61730822379539,0.3569244592963845
122,0.605327738012267,0.18652018991490418,0.8434335924656028,0.6783761659917653,0.4717646115351357,0.61730822379539,0.0,0.2662928537687435
123,0.34203299102426604,0.38325536799947424,0.5841055404299762,0.41843036776296133,0.21281585976939163,0.3569244592963845,0.2662928537687435,0.0
