,1,8,18,20,98,108,110,115
1,0.0,0.07056789175655226,0.16955042283074634,0.1749382658235618,0.9043718494798616,1.0012589078591188,1.1037157570537799,1.1766011517914878
8,0.07056789175655226,0.0,0.20145309175069606,0.18446259542814866,1.0000137056079141,0.94438429306634,0.9686546124210782,0.9999249847876724
18,0.16955042283074634,0.20145309175069606,0.0,0.039252625691836004,0.8343806927179086,0.8774743829687308,0.9906300599852236,1.000018319639367
20,0.1749382658235618,0.18446259542814866,0.039252625691836004,0.0,0.8485991288816838,0.85344323420659,0.9585183861472328,0.9998543490653533
98,0.9043718494798616,1.0000137056079141,0.8343806927179086,0.8485991288816838,0.0,0.6554648063866593,0.8989364425893285,0.8825602034801104
108,1.0012589078591188,0.94438429306634,0.8774743829687308,0.85344323420659,0.6554648063866593,0.0,0.24885102610561508,0.23578201082232533
110,1.1037157570537799,0.9686546124210782,0.9906300599852236,0.9585183861472328,0.8989364425893285,0.24885102610561508,0.0,0.03311620674319501
115,1.1766011517914878,0.9999249847876724,1.000018319639367,0.9998543490653533,0.8825602034801104,0.23578201082232533,0.03311620674319501,0.0
