,6,7,9,12,14,25,30,31
6,0.0,0.22890950355666206,0.16360220169386008,0.13962288063446388,0.23975855614543173,0.2125175953089025,0.12399773382663648,0.09639806393546049
7,0.22890950355666206,0.0,0.08873096785365146,0.16957041366277137,0.05375076913289346,0.06890952603477096,0.09805424900778875,0.1398017053793105
9,0.16360220169386008,0.08873096785365146,0.0,0.08377593459223057,0.07740776839234702,0.10935169562047428,0.07233206622184321,0.10989228988903346
12,0.13962288063446388,0.16957041366277137,0.08377593459223057,0.0,0.10016545296784118,0.1910294038080013,0.04084132873975818,0.1437085326946365
14,0.23975855614543173,0.05375076913289346,0.07740776839234702,0.10016545296784118,0.0,0.14102340592340457,0.10515648067358398,0.19005208092586742
25,0.2125175953089025,0.06890952603477096,0.10935169562047428,0.1910294038080013,0.14102340592340457,0.0,0.15260666042631324,0.13057268259202354
30,0.12399773382663648,0.09805424900778875,0.07233206622184321,0.04084132873975818,0.10515648067358398,0.15260666042631324,0.0,0.08783637355029726
31,0.09639806393546049,0.1398017053793105,0.10989228988903346,0.1437085326946365,0.19005208092586742,0.13057268259202354,0.08783637355029726,0.0
