,96,99,107,109,118,119,120,122
96,0.0,0.43253072119602237,0.39801167229152995,0.15755576023941908,0.42877441051672877,0.1507391164055566,0.15803953976327173,0.4477378462986187
99,0.43253072119602237,0.0,0.8219407204607861,0.4155787674974171,0.08566007991431247,0.5780642531078186,0.579020661572732,0.8434334919204894
107,0.39801167229152995,0.8219407204607861,0.0,0.42665514180821107,0.8017494256723979,0.2497966511414444,0.24727466901326936,0.12381720365821332
109,0.15755576023941908,0.4155787674974171,0.42665514180821107,0.0,0.3836399305875833,0.22069635244668878,0.21203937090300745,0.4331634328346287
118,0.42877441051672877,0.08566007991431247,0.8017494256723979,0.3836399305875833,0.0,0.5620279462617834,0.5627561602430448,0.8165793481837642
119,0.1507391164055566,0.5780642531078186,0.2497966511414444,0.22069635244668878,0.5620279462617834,0.0,0.04761855532847406,0.3078709802373232
120,0.15803953976327173,0.579020661572732,0.24727466901326936,0.21203937090300745,0.5627561602430448,0.04761855532847406,0.0,0.2915321521017467
122,0.4477378462986187,0.8434334919204894,0.12381720365821332,0.4331634328346287,0.8165793481837642,0.3078709802373232,0.2915321521017467,0.0
