,96,97,103,104,110,119,123,125
96,0.0,1.3050065404943896,1.091956294152494,1.1733700025996232,1.1337843264668406,2.1862465089991536,1.2691388941170734,1.1980459304887559
97,1.3050065404943896,0.0,1.4044472879402221,1.532301610325343,1.1937392233737985,1.6818049623159854,1.04464661025656,1.5221228372146633
103,1.091956294152494,1.4044472879402221,0.0,1.1222410197740624,1.2385867954445913,2.3569077127212292,1.3632982663248632,1.0984396436080603
104,1.1733700025996232,1.532301610325343,1.1222410197740624,0.0,1.3117322548113068,2.5464937596076713,1.4814410040421266,1.1266516125863562
110,1.1337843264668406,1.1937392233737985,1.2385867954445913,1.3117322548113068,0.0,1.9511838459143547,1.1684793317455069,1.3544722176638269
119,2.1862465089991536,1.6818049623159854,2.3569077127212292,2.5464937596076713,1.9511838459143547,0.0,1.7314810432116654,2.5438771541533574
123,1.2691388941170734,1.04464661025656,1.3632982663248632,1.4814410040421266,1.1684793317455069,1.7314810432116654,0.0,1.4734101738816774
125,1.1980459304887559,1.5221228372146633,1.0984396436080603,1.1266516125863562,1.3544722176638269,2.5438771541533574,1.4734101738816774,0.0
