,4,12,15,17,114,115,118,119
4,0.0,1.1383600719883002,1.1278716490151668,1.2380916359069376,2.2670518733942533,2.4541203274019248,2.3267454788088937,2.4128828629460606
12,1.1383600719883002,0.0,1.0306215493594038,1.2052178804752587,2.8771023987923066,3.280884248978367,2.3254204452474867,3.2942051111274293
15,1.1278716490151668,1.0306215493594038,0.0,1.2240246159732775,2.9231885500196517,3.3808841707024078,2.3968540646828624,3.393818797149613
17,1.2380916359069376,1.2052178804752587,1.2240246159732775,0.0,2.4371316987800893,2.7846029905144647,1.9895199742240186,2.805927067494905
114,2.2670518733942533,2.8771023987923066,2.9231885500196517,2.4371316987800893,0.0,1.1521137676599673,1.549353134589875,1.2164016615186783
115,2.4541203274019248,3.280884248978367,3.3808841707024078,2.7846029905144647,1.1521137676599673,0.0,1.785476507150062,1.1034822558245834
118,2.3267454788088937,2.3254204452474867,2.3968540646828624,1.9895199742240186,1.549353134589875,1.785476507150062,0.0,1.8869579011687831
119,2.4128828629460606,3.2942051111274293,3.393818797149613,2.805927067494905,1.2164016615186783,1.1034822558245834,1.8869579011687831,0.0
