,103,113,119,121,122,125,126,127
103,0.0,1.2545238470947964,2.3563604558729443,2.074837250541393,1.0694391163767354,1.0989052489251787,1.272748140727798,1.6470166515743847
113,1.2545238470947964,0.0,1.8931026399802164,1.66212168009514,1.1977304152205945,1.3507139591339787,1.0211569515080205,1.3147949040327715
119,2.3563604558729443,1.8931026399802164,0.0,1.1364976642385416,2.258500191973534,2.5445095168859164,1.8600983640274922,1.4420884622015762
121,2.074837250541393,1.66212168009514,1.1364976642385416,0.0,1.9868408184213928,2.2413037735374624,1.6356636451646067,1.2672873022159972
122,1.0694391163767354,1.1977304152205945,2.258500191973534,1.9868408184213928,0.0,1.1281586917962974,1.216161917101951,1.5710845749242341
125,1.0989052489251787,1.3507139591339787,2.5445095168859164,2.2413037735374624,1.1281586917962974,0.0,1.3708568819422173,1.7716164540727393
126,1.272748140727798,1.0211569515080205,1.8600983640274922,1.6356636451646067,1.216161917101951,1.3708568819422173,0.0,1.293743196589827
127,1.6470166515743847,1.3147949040327715,1.4420884622015762,1.2672873022159972,1.5710845749242341,1.7716164540727393,1.293743196589827,0.0
