,0,4,13,14,17,18,24,29
0,0.0,1.1443073735512057,1.0793492233300102,1.007789983579783,1.2813376087248325,1.030140451099796,1.284464949430787,1.1469614447321523
4,1.1443073735512057,0.0,1.1685287820166521,1.1346658460056755,1.230834781265766,1.145593370139605,1.2072667291719559,1.1640152333639004
13,1.0793492233300102,1.1685287820166521,0.0,1.0684968922422742,1.2032791891742443,1.0830798676825073,1.1936258118321204,1.0835947804364319
14,1.007789983579783,1.1346658460056755,1.0684968922422742,0.0,1.2772136656555573,1.032487847498379,1.2767710588182803,1.1285811104606183
17,1.2813376087248325,1.230834781265766,1.2032791891742443,1.2772136656555573,0.0,1.3040075484275209,1.0278693961854217,1.1544730315951623
18,1.030140451099796,1.145593370139605,1.0830798676825073,1.032487847498379,1.3040075484275209,0.0,1.2840007730152436,1.169038903573948
24,1.284464949430787,1.2072667291719559,1.1936258118321204,1.2767710588182803,1.0278693961854217,1.2840007730152436,0.0,1.1338485619472642
29,1.1469614447321523,1.1640152333639004,1.0835947804364319,1.1285811104606183,1.1544730315951623,1.169038903573948,1.1338485619472642,0.0
