,0,4,18,24,100,107,117,118
0,0.0,1.142756124816694,1.033553981208786,1.2818550684439913,2.23084115540801,2.9257362873801482,2.1411702793340788,2.3693864100884863
4,1.142756124816694,0.0,1.1472461829037368,1.2097276311115526,2.3839877073489135,2.8748752804708118,2.2524669185962165,2.3042894134095264
18,1.033553981208786,1.1472461829037368,0.0,1.2894297945156514,2.2622823265437626,3.224596155257376,2.2292536777733623,2.568090942332463
24,1.2818550684439913,1.2097276311115526,1.2894297945156514,0.0,2.4948189483384153,2.277582229697876,2.2828432166904067,2.0491222241187175
100,2.23084115540801,2.3839877073489135,2.2622823265437626,2.4948189483384153,0.0,1.855612196802324,1.0921999858066747,1.5253656893217742
107,2.9257362873801482,2.8748752804708118,3.224596155257376,2.277582229697876,1.855612196802324,0.0,1.6695048879540157,1.2923359158201224
117,2.1411702793340788,2.2524669185962165,2.2292536777733623,2.2828432166904067,1.0921999858066747,1.6695048879540157,0.0,1.398717565057256
118,2.3693864100884863,2.3042894134095264,2.568090942332463,2.0491222241187175,1.5253656893217742,1.2923359158201224,1.398717565057256,0.0
