,7,10,15,21,99,102,109,121
7,0.0,1.0529356266604548,1.1890625245337363,1.2693273815489035,2.7154744618891717,2.298076563712981,3.1742499802766315,2.4240310698487675
10,1.0529356266604548,0.0,1.2937318224570356,1.267331189513614,2.7901790280319947,2.2946908210054735,3.2392160936988197,2.3162715142336174
15,1.1890625245337363,1.2937318224570356,0.0,1.063221232231644,2.2650183165693085,2.397436447601219,2.6109930428316104,3.199355309265489
21,1.2693273815489035,1.267331189513614,1.063221232231644,0.0,2.222717645402002,2.261905877512035,2.577922428431702,2.938125820583442
99,2.7154744618891717,2.7901790280319947,2.2650183165693085,2.222717645402002,0.0,1.4201305968461249,1.163000913228649,2.0382674304549746
102,2.298076563712981,2.2946908210054735,2.397436447601219,2.261905877512035,1.4201305968461249,0.0,1.468900968701688,1.5156442949675863
109,3.1742499802766315,3.2392160936988197,2.6109930428316104,2.577922428431702,1.163000913228649,1.468900968701688,0.0,2.179281717454888
121,2.4240310698487675,2.3162715142336174,3.199355309265489,2.938125820583442,2.0382674304549746,1.5156442949675863,2.179281717454888,0.0
