,0,5,11,13,97,112,119,124
0,0.0,1.0981281060487142,1.2600674986413762,1.0834739928048918,2.230875328572865,2.230779990739,2.1667701434881423,2.129040950554092
5,1.0981281060487142,0.0,1.2329718047414406,1.0854403010035165,2.565597416401496,2.5171190540882655,2.1523316287737106,2.175478068882875
11,1.2600674986413762,1.2329718047414406,0.0,1.2881953866177844,2.4378007330140012,2.524833493772722,3.436745559436146,3.250260854991574
13,1.0834739928048918,1.0854403010035165,1.2881953866177844,0.0,2.1973276901291605,2.1833034755805363,2.050191081171497,2.023810944785173
97,2.230875328572865,2.565597416401496,2.4378007330140012,2.1973276901291605,0.0,1.0416968779910942,1.6744204531659457,1.5615802061962831
112,2.230779990739,2.5171190540882655,2.524833493772722,2.1833034755805363,1.0416968779910942,0.0,1.6103587334376894,1.5058122060166153
119,2.1667701434881423,2.1523316287737106,3.436745559436146,2.050191081171497,1.6744204531659457,1.6103587334376894,0.0,1.0686964673155026
124,2.129040950554092,2.175478068882875,3.250260854991574,2.023810944785173,1.5615802061962831,1.5058122060166153,1.0686964673155026,0.0
