,0,1,4,12,15,17,21,27
0,0.0,1.2758672171412933,1.1387518803111727,1.2027001812196207,1.2690187163146132,1.3039794123148383,1.1802074678609704,1.2100786910577819
1,1.2758672171412933,0.0,1.131175917314598,1.183935482929964,1.1991683643608022,1.159405088314007,1.211054303979916,1.1637071890686947
4,1.1387518803111727,1.131175917314598,0.0,1.138686688334608,1.1225143687752397,1.2413929401120034,1.159761038474605,1.1709411847029092
12,1.2027001812196207,1.183935482929964,1.138686688334608,0.0,1.0294224307317095,1.2049689744598215,1.0518090627832153,1.249713367353807
15,1.2690187163146132,1.1991683643608022,1.1225143687752397,1.0294224307317095,0.0,1.2234975746776535,1.0650867914388518,1.3008183600513954
17,1.3039794123148383,1.159405088314007,1.2413929401120034,1.2049689744598215,1.2234975746776535,0.0,1.231665315740053,1.0984589989695577
21,1.1802074678609704,1.211054303979916,1.159761038474605,1.0518090627832153,1.0650867914388518,1.231665315740053,0.0,1.2795891201264193
27,1.2100786910577819,1.1637071890686947,1.1709411847029092,1.249713367353807,1.3008183600513954,1.0984589989695577,1.2795891201264193,0.0
