,5,10,19,21,25,28,29,30
5,0.0,1.1587310868620457,1.194006572882771,1.2134136384109977,1.3241779856117728,1.2064422920896392,1.1711356630836534,1.1530295546248923
10,1.1587310868620457,0.0,1.1999297539442735,1.2677953472649557,1.0960755057519656,1.2633208089461618,1.1833451166961682,1.2662750682633723
19,1.194006572882771,1.1999297539442735,0.0,1.2574964721195951,1.2437325741669638,1.0783309393167704,1.029537054526101,1.2235257062589178
21,1.2134136384109977,1.2677953472649557,1.2574964721195951,0.0,1.155072814719262,1.214006595834752,1.241154558248912,1.036558237511867
25,1.3241779856117728,1.0960755057519656,1.2437325741669638,1.155072814719262,0.0,1.2588267974990437,1.208708994801071,1.1529391148651762
28,1.2064422920896392,1.2633208089461618,1.0783309393167704,1.214006595834752,1.2588267974990437,0.0,1.0850986237399647,1.1983120303507768
29,1.1711356630836534,1.1833451166961682,1.029537054526101,1.241154558248912,1.208708994801071,1.0850986237399647,0.0,1.2073662881445997
30,1.1530295546248923,1.2662750682633723,1.2235257062589178,1.036558237511867,1.1529391148651762,1.1983120303507768,1.2073662881445997,0.0
