,97,99,102,104,108,113,116,119
97,0.0,0.2372605798932061,0.12152627685041481,0.49532399307437996,0.07599721731095406,0.5024585462724022,0.18205307785239405,0.3351670623813446
99,0.2372605798932061,0.0,0.3531276258069191,0.7200511006187967,0.29369953310717306,0.7243989104192085,0.41025519234891444,0.5724579313596235
102,0.12152627685041481,0.3531276258069191,0.0,0.3896008845727803,0.06858213075612715,0.3820202564809863,0.07083814145284087,0.22173634538520887
104,0.49532399307437996,0.7200511006187967,0.3896008845727803,0.0,0.4421092613670518,0.09934142174758756,0.3388895756286544,0.17473530480497645
108,0.07599721731095406,0.29369953310717306,0.06858213075612715,0.4421092613670518,0.0,0.4409505668671832,0.11536311638764553,0.2768514108415096
113,0.5024585462724022,0.7243989104192085,0.3820202564809863,0.09934142174758756,0.4409505668671832,0.0,0.3558704277179277,0.21289959600941813
116,0.18205307785239405,0.41025519234891444,0.07083814145284087,0.3388895756286544,0.11536311638764553,0.3558704277179277,0.0,0.1767195946991698
119,0.3351670623813446,0.5724579313596235,0.22173634538520887,0.17473530480497645,0.2768514108415096,0.21289959600941813,0.1767195946991698,0.0
