,1,6,11,12,14,18,25,26
1,0.0,0.09290292026776281,0.051534628024403555,0.12434277399972278,0.15082354279508742,0.14291542157939377,0.1404517227656108,0.1401732257933141
6,0.09290292026776281,0.0,0.11679705656877189,0.09081313983204554,0.17186228566585543,0.12947281486274015,0.2047591130378512,0.20918745160367225
11,0.051534628024403555,0.11679705656877189,0.0,0.10637698323752225,0.10262183523953802,0.11137574808266468,0.09406901011530115,0.09443243514324835
12,0.12434277399972278,0.09081313983204554,0.10637698323752225,0.0,0.09757530944890037,0.03935798507537708,0.16132518136848534,0.16851247332082228
14,0.15082354279508742,0.17186228566585543,0.10262183523953802,0.09757530944890037,0.0,0.06415128089509907,0.08755089880860535,0.09546421709547344
18,0.14291542157939377,0.12947281486274015,0.11137574808266468,0.03935798507537708,0.06415128089509907,0.0,0.14096004156193206,0.15144764270456487
25,0.1404517227656108,0.2047591130378512,0.09406901011530115,0.16132518136848534,0.08755089880860535,0.14096004156193206,0.0,0.008196738282222957
26,0.1401732257933141,0.20918745160367225,0.09443243514324835,0.16851247332082228,0.09546421709547344,0.15144764270456487,0.008196738282222957,0.0
