,7,10,15,23,24,27,28,30
7,0.0,0.08377505575231159,0.16172470884399662,0.10567978715277358,0.016164889679591968,0.0402247400549355,0.19900403280072837,0.10791639543129943
10,0.08377505575231159,0.0,0.1199137091410743,0.04854522240353042,0.06805770114556149,0.08772513825233522,0.17874457164690435,0.098926644799613
15,0.16172470884399662,0.1199137091410743,0.0,0.07077211885553543,0.15521635375652365,0.13238176109119526,0.06612702919932903,0.06228449878404808
23,0.10567978715277358,0.04854522240353042,0.07077211885553543,0.0,0.09419482442195348,0.08948870316386143,0.13190914112873106,0.06224225064046282
24,0.016164889679591968,0.06805770114556149,0.15521635375652365,0.09419482442195348,0.0,0.04609348843537189,0.19722713247549636,0.10575237662265327
27,0.0402247400549355,0.08772513825233522,0.13238176109119526,0.08948870316386143,0.04609348843537189,0.0,0.1607948819367516,0.07184104199285275
28,0.19900403280072837,0.17874457164690435,0.06612702919932903,0.13190914112873106,0.19722713247549636,0.1607948819367516,0.0,0.09063105994929824
30,0.10791639543129943,0.098926644799613,0.06228449878404808,0.06224225064046282,0.10575237662265327,0.07184104199285275,0.09063105994929824,0.0
