,3,17,25,27,103,104,110,123
3,0.0,0.10710157923325128,0.5138868201290593,0.624355127860401,1.014356348551382,0.9099647792802863,0.7484838632664341,0.9244636159479405
17,0.10710157923325128,0.0,0.5699036393147439,0.6927385092075943,1.1068538385882853,1.0196615426352071,0.8318960727034088,0.9927902313182945
25,0.5138868201290593,0.5699036393147439,0.0,0.11468120761252203,0.9338945020905757,0.8548939704270716,1.009116829843991,0.9620566672912831
27,0.624355127860401,0.6927385092075943,0.11468120761252203,0.0,0.8947232232053777,0.8005417301301976,1.0747961096053436,0.9279154065918408
103,1.014356348551382,1.1068538385882853,0.9338945020905757,0.8947232232053777,0.0,0.0272471830471125,0.6717348725150765,0.1673722421525599
104,0.9099647792802863,1.0196615426352071,0.8548939704270716,0.8005417301301976,0.0272471830471125,0.0,0.701315373884382,0.15679695546784092
110,0.7484838632664341,0.8318960727034088,1.009116829843991,1.0747961096053436,0.6717348725150765,0.701315373884382,0.0,0.5215078159031045
123,0.9244636159479405,0.9927902313182945,0.9620566672912831,0.9279154065918408,0.1673722421525599,0.15679695546784092,0.5215078159031045,0.0
