,100,101,108,114,115,119,125,126
100,0.0,0.18019970594074922,0.2696233255936441,0.49885921781597725,0.12751820193200655,0.5406990266525309,0.06853494092793123,0.5456403908543094
101,0.18019970594074922,0.0,0.12261481317731142,0.3862956979736554,0.12210530900708093,0.39547364369139015,0.11692614109205185,0.39648265810529515
108,0.2696233255936441,0.12261481317731142,0.0,0.2779372296411555,0.2377634865921838,0.276644359844801,0.22149865488190149,0.2937520903898901
114,0.49885921781597725,0.3862956979736554,0.2779372296411555,0.0,0.49979422656359146,0.11855671844691414,0.475137918790912,0.13162275799499418
115,0.12751820193200655,0.12210530900708093,0.2377634865921838,0.49979422656359146,0.0,0.48660232751958454,0.08614964346324358,0.5165372184840689
119,0.5406990266525309,0.39547364369139015,0.276644359844801,0.11855671844691414,0.48660232751958454,0.0,0.49045004606436515,0.019099704074805494
125,0.06853494092793123,0.11692614109205185,0.22149865488190149,0.475137918790912,0.08614964346324358,0.49045004606436515,0.0,0.5181144286349408
126,0.5456403908543094,0.39648265810529515,0.2937520903898901,0.13162275799499418,0.5165372184840689,0.019099704074805494,0.5181144286349408,0.0
