,1,2,8,9,12,16,17,31
1,0.0,0.08459980135324424,0.047612981258925095,0.09075915694301145,0.1216687101163815,0.11006996703508107,0.024776072001004425,0.026858460990505293
2,0.08459980135324424,0.0,0.10776415988090468,0.07298650230566109,0.04309711296345854,0.029674165326765752,0.09075329305308695,0.05855121534882534
8,0.047612981258925095,0.10776415988090468,0.0,0.13543274684815954,0.1488472734836249,0.12407379411576601,0.023753406314388322,0.06011583752128293
9,0.09075915694301145,0.07298650230566109,0.13543274684815954,0.0,0.07538543578727878,0.09852623672672703,0.11227449183189488,0.07674552001563048
12,0.1216687101163815,0.04309711296345854,0.1488472734836249,0.07538543578727878,0.0,0.04185330715258885,0.1322153432375583,0.09775982577761176
16,0.11006996703508107,0.029674165326765752,0.12407379411576601,0.09852623672672703,0.04185330715258885,0.0,0.11047432105306584,0.08474866696762791
17,0.024776072001004425,0.09075329305308695,0.023753406314388322,0.11227449183189488,0.1322153432375583,0.11047432105306584,0.0,0.03768757781184427
31,0.026858460990505293,0.05855121534882534,0.06011583752128293,0.07674552001563048,0.09775982577761176,0.08474866696762791,0.03768757781184427,0.0
