,9,10,11,14,16,19,20,27
9,0.0,0.1009580164196583,0.04661992594362039,0.05829430796214313,0.09959044786391268,0.0560718353923123,0.0894017594946814,0.029497678935538178
10,0.1009580164196583,0.0,0.14741873815334497,0.0537556006736437,0.14223367088826208,0.09137151050499177,0.08985386109764693,0.08954585859896018
11,0.04661992594362039,0.14741873815334497,0.0,0.10239246959888006,0.11268060405828417,0.08561983572749178,0.1228621158078576,0.06605711283376445
14,0.05829430796214313,0.0537556006736437,0.10239246959888006,0.0,0.13503624601547595,0.03846786937919542,0.09877917753199046,0.03811888318810656
16,0.09959044786391268,0.14223367088826208,0.11268060405828417,0.13503624601547595,0.0,0.15329391933464373,0.05713474608752798,0.12735264513755962
19,0.0560718353923123,0.09137151050499177,0.08561983572749178,0.03846786937919542,0.15329391933464373,0.0,0.12691940199963098,0.027407923930054236
20,0.0894017594946814,0.08985386109764693,0.1228621158078576,0.09877917753199046,0.05713474608752798,0.12691940199963098,0.0,0.10493050585768897
27,0.029497678935538178,0.08954585859896018,0.06605711283376445,0.03811888318810656,0.12735264513755962,0.027407923930054236,0.10493050585768897,0.0
