,96,102,105,108,116,117,119,123
96,0.0,0.09429850170894344,0.3235237284427727,0.14074080571134498,0.030791424400685954,0.2052133096281846,0.1466859503803752,0.19195760335005546
102,0.09429850170894344,0.0,0.4064436750688324,0.06684358172893674,0.0712922872474193,0.12585729873548368,0.2195638482473649,0.23507608411860478
105,0.3235237284427727,0.4064436750688324,0.0,0.45530104082904216,0.3482322122878564,0.5335858389008065,0.18299397858972324,0.19959602078209335
108,0.14074080571134498,0.06684358172893674,0.45530104082904216,0.0,0.11415490725615542,0.0688997020069669,0.27656021131534825,0.2945092778297515
116,0.030791424400685954,0.0712922872474193,0.3482322122878564,0.11415490725615542,0.0,0.17971033614183193,0.17377145761202434,0.21444488185662236
117,0.2052133096281846,0.12585729873548368,0.5335858389008065,0.0688997020069669,0.17971033614183193,0.0,0.34758845081687745,0.3582347633866136
119,0.1466859503803752,0.2195638482473649,0.18299397858972324,0.27656021131534825,0.17377145761202434,0.34758845081687745,0.0,0.09099270012312932
123,0.19195760335005546,0.23507608411860478,0.19959602078209335,0.2945092778297515,0.21444488185662236,0.3582347633866136,0.09099270012312932,0.0
