,102,111,116,117,121,123,125,127
102,0.0,0.08363866779216496,0.07175209876604288,0.1268493393158158,0.08521692879907851,0.2383468039987458,0.27872823667026,0.184621451089024
111,0.08363866779216496,0.0,0.12715567947728149,0.1800461358785517,0.03373004992064723,0.19003678875898472,0.32379087682259894,0.25944136195194933
116,0.07175209876604288,0.12715567947728149,0.0,0.1816648454962248,0.10790883128995082,0.21708813130944737,0.3215941732122856,0.20620713386473694
117,0.1268493393158158,0.1800461358785517,0.1816648454962248,0.0,0.19580811156088307,0.3608861675872908,0.16323124861747246,0.11101260404971845
121,0.08521692879907851,0.03373004992064723,0.10790883128995082,0.19580811156088307,0.0,0.16991661422111423,0.34473601299603607,0.25788659673952735
123,0.2383468039987458,0.19003678875898472,0.21708813130944737,0.3608861675872908,0.16991661422111423,0.0,0.5022408951398967,0.41382195817292533
125,0.27872823667026,0.32379087682259894,0.3215941732122856,0.16323124861747246,0.34473601299603607,0.5022408951398967,0.0,0.156866223340329
127,0.184621451089024,0.25944136195194933,0.20620713386473694,0.11101260404971845,0.25788659673952735,0.41382195817292533,0.156866223340329,0.0
