,99,100,102,103,108,116,118,121
99,0.0,0.06989235358564677,0.35007812599958865,0.7556684033853807,0.2930114499347516,0.4109890991177253,0.07789316739730667,0.4135792201356492
100,0.06989235358564677,0.0,0.32444795519613595,0.7163626457169414,0.2708778291520312,0.38111630401511126,0.025929522994715976,0.37575280661332006
102,0.35007812599958865,0.32444795519613595,0.0,0.396198039470297,0.06807853880190774,0.07307535537494295,0.3369998379036404,0.08497628573025506
103,0.7556684033853807,0.7163626457169414,0.396198039470297,0.0,0.4553142301156809,0.3503426016491108,0.7074896618140615,0.34750372499034665
108,0.2930114499347516,0.2708778291520312,0.06807853880190774,0.4553142301156809,0.0,0.1158862282171896,0.2887597301334603,0.140466909623748
116,0.4109890991177253,0.38111630401511126,0.07307535537494295,0.3503426016491108,0.1158862282171896,0.0,0.4013631039179453,0.1120599615502977
118,0.07789316739730667,0.025929522994715976,0.3369998379036404,0.7074896618140615,0.2887597301334603,0.4013631039179453,0.0,0.39484945347880407
121,0.4135792201356492,0.37575280661332006,0.08497628573025506,0.34750372499034665,0.140466909623748,0.1120599615502977,0.39484945347880407,0.0
