,98,101,110,115,117,118,119,121
98,0.0,0.7655367260939211,0.8706610413508058,0.865255182963371,0.7113188936787536,0.9111420193559582,0.37157708613716445,0.5415211148905904
101,0.7655367260939211,0.0,0.12741742639219225,0.11936356629503735,0.07153509980995054,0.20345597018271092,0.3931039063842835,0.25379287404434364
110,0.8706610413508058,0.12741742639219225,0.0,0.031696604565567825,0.1944740746523376,0.15253489115658797,0.5174225776999015,0.37780125466446685
115,0.865255182963371,0.11936356629503735,0.031696604565567825,0.0,0.1861204566609436,0.15169909020143538,0.48830491949294497,0.35945533728273504
117,0.7113188936787536,0.07153509980995054,0.1944740746523376,0.1861204566609436,0.0,0.22498903090628952,0.3455830487063899,0.19101605960110388
118,0.9111420193559582,0.20345597018271092,0.15253489115658797,0.15169909020143538,0.22498903090628952,0.0,0.5568924326619452,0.390756986447643
119,0.37157708613716445,0.3931039063842835,0.5174225776999015,0.48830491949294497,0.3455830487063899,0.5568924326619452,0.0,0.1845825660025002
121,0.5415211148905904,0.25379287404434364,0.37780125466446685,0.35945533728273504,0.19101605960110388,0.390756986447643,0.1845825660025002,0.0
