,0,3,14,25,97,116,117,118
0,0.0,0.07773936437440056,0.13432160845663507,0.5771062597645715,0.8319587503400123,0.7724562984271962,0.6647019465794475,0.8159845628275967
3,0.07773936437440056,0.0,0.18588160858887823,0.49669886365457616,0.8672898144611972,0.8303821878217011,0.7044946771086119,0.8569010710525361
14,0.13432160845663507,0.18588160858887823,0.0,0.6694871754535842,0.8988658258854417,0.8961924270405265,0.7426130140932626,0.8168125808317407
25,0.5771062597645715,0.49669886365457616,0.6694871754535842,0.0,1.0704440270291784,0.9426852062683914,0.9313391098403149,1.1336809355988755
97,0.8319587503400123,0.8672898144611972,0.8988658258854417,1.0704440270291784,0.0,0.1600621253898262,0.03253226853381366,0.19614908671825163
116,0.7724562984271962,0.8303821878217011,0.8961924270405265,0.9426852062683914,0.1600621253898262,0.0,0.16359247003509472,0.3689950813017085
117,0.6647019465794475,0.7044946771086119,0.7426130140932626,0.9313391098403149,0.03253226853381366,0.16359247003509472,0.0,0.22851664625708862
118,0.8159845628275967,0.8569010710525361,0.8168125808317407,1.1336809355988755,0.19614908671825163,0.3689950813017085,0.22851664625708862,0.0
