,100,102,104,106,111,114,115,127
100,0.0,0.32438774036817564,0.7058982841375286,0.5591889583431094,0.36038089600875545,0.4991366864839411,0.1351053222735811,0.22858672164105123
102,0.32438774036817564,0.0,0.3929448198937934,0.2543425264808402,0.08437872316620064,0.21371551101276598,0.2966115843683666,0.18520582175239678
104,0.7058982841375286,0.3929448198937934,0.0,0.13482640027147055,0.35771985632741743,0.22379797255665632,0.6778712276342319,0.5525133116482679
106,0.5591889583431094,0.2543425264808402,0.13482640027147055,0.0,0.242535511173974,0.13609620828506472,0.5525497689731841,0.4114021275900072
111,0.36038089600875545,0.08437872316620064,0.35771985632741743,0.242535511173974,0.0,0.15606172879869765,0.3557635800709671,0.26132505307399306
114,0.4991366864839411,0.21371551101276598,0.22379797255665632,0.13609620828506472,0.15606172879869765,0.0,0.5011547996458088,0.3896605697414541
115,0.1351053222735811,0.2966115843683666,0.6778712276342319,0.5525497689731841,0.3557635800709671,0.5011547996458088,0.0,0.1315883371983875
127,0.22858672164105123,0.18520582175239678,0.5525133116482679,0.4114021275900072,0.26132505307399306,0.3896605697414541,0.1315883371983875,0.0
