,1,9,13,15,18,26,28,30
1,0.0,0.0895485913633942,0.17293768994151631,0.14750798674718876,0.14298815333843093,0.13991479427998463,0.12387971395353906,0.10313786405842076
9,0.0895485913633942,0.0,0.11330811480854482,0.1144051388350568,0.0679326795066765,0.09229689400494734,0.13624386121087895,0.050661114460834045
13,0.17293768994151631,0.11330811480854482,0.0,0.04248968256642265,0.04932431372561817,0.19532461671167994,0.10920212166623187,0.07218077636303284
15,0.14750798674718876,0.1144051388350568,0.04248968256642265,0.0,0.06807568217266866,0.2088715130949042,0.06884329846776405,0.06615396286118536
18,0.14298815333843093,0.0679326795066765,0.04932431372561817,0.06807568217266866,0.0,0.15179254061151706,0.12518801438209237,0.04303823549402229
26,0.13991479427998463,0.09229689400494734,0.19532461671167994,0.2088715130949042,0.15179254061151706,0.0,0.21588667509790826,0.1441112209994317
28,0.12387971395353906,0.13624386121087895,0.10920212166623187,0.06884329846776405,0.12518801438209237,0.21588667509790826,0.0,0.0944167213667863
30,0.10313786405842076,0.050661114460834045,0.07218077636303284,0.06615396286118536,0.04303823549402229,0.1441112209994317,0.0944167213667863,0.0
