,99,100,102,104,109,114,121,127
99,0.0,0.06990108587617491,0.35075706288408737,0.7185122346752082,0.4129693055413186,0.5375911418281758,0.41436145264069024,0.21966602933517343
100,0.06990108587617491,0.0,0.32549209858672706,0.7069239711195536,0.35954640594968185,0.4995077581314192,0.37679425631228053,0.2315987881186196
102,0.35075706288408737,0.32549209858672706,0.0,0.3946579261734305,0.12153499837415405,0.21420183105826882,0.08548333844466946,0.1858833591434667
104,0.7185122346752082,0.7069239711195536,0.3946579261734305,0.0,0.35351036026963134,0.22563461970097623,0.3371676040581735,0.5541384059886736
109,0.4129693055413186,0.35954640594968185,0.12153499837415405,0.35351036026963134,0.0,0.14822763407270784,0.06399355570758537,0.29388676537773484
114,0.5375911418281758,0.4995077581314192,0.21420183105826882,0.22563461970097623,0.14822763407270784,0.0,0.14176002732892357,0.3907286657014418
121,0.41436145264069024,0.37679425631228053,0.08548333844466946,0.3371676040581735,0.06399355570758537,0.14176002732892357,0.0,0.2594228987001513
127,0.21966602933517343,0.2315987881186196,0.1858833591434667,0.5541384059886736,0.29388676537773484,0.3907286657014418,0.2594228987001513,0.0
