,0,2,6,7,8,12,23,27
0,0.0,0.09938486924350949,0.14933478742174297,0.10041197208174031,0.20080306988141994,0.060142760419952236,0.007951873442647368,0.08676620152870246
2,0.09938486924350949,0.0,0.05516531452917282,0.1448917945344685,0.10794920524178751,0.04289645570801935,0.09347935515853426,0.10114239433007742
6,0.14933478742174297,0.05516531452917282,0.0,0.19359790107317015,0.08551707535085934,0.08934152217781566,0.14281922986019763,0.15361080794723342
7,0.10041197208174031,0.1448917945344685,0.19359790107317015,0.0,0.20148738820393275,0.12761260686717213,0.1062568340796624,0.04044524841921646
8,0.20080306988141994,0.10794920524178751,0.08551707535085934,0.20148738820393275,0.0,0.14940740200955707,0.19740484040711032,0.16178448506012744
12,0.060142760419952236,0.04289645570801935,0.08934152217781566,0.12761260686717213,0.14940740200955707,0.0,0.053013855409400804,0.09548830068153882
23,0.007951873442647368,0.09347935515853426,0.14281922986019763,0.1062568340796624,0.19740484040711032,0.053013855409400804,0.0,0.0893707941047404
27,0.08676620152870246,0.10114239433007742,0.15361080794723342,0.04044524841921646,0.16178448506012744,0.09548830068153882,0.0893707941047404,0.0
