,0,5,16,18,26,28,29,30
0,0.0,0.13365134269435347,0.10240753307561211,0.02525670807511184,0.15728307364164515,0.13906077056997915,0.05349178511068872,0.06738605891965525
5,0.13365134269435347,0.0,0.039372325942646724,0.11778831736649395,0.2237096031526352,0.007855773061651227,0.17912306119543933,0.0916188610259684
16,0.10240753307561211,0.039372325942646724,0.0,0.08047065848863535,0.18909650612074452,0.03931927769540915,0.14885454869228096,0.052375404870389185
18,0.02525670807511184,0.11778831736649395,0.08047065848863535,0.0,0.14463885330597248,0.11688642259524648,0.07812479656577162,0.041664400687281285
26,0.15728307364164515,0.2237096031526352,0.18909650612074452,0.14463885330597248,0.0,0.2243500765135975,0.18991474474741293,0.13887224839378876
28,0.13906077056997915,0.007855773061651227,0.03931927769540915,0.11688642259524648,0.2243500765135975,0.0,0.18246652192378737,0.08999862453405222
29,0.05349178511068872,0.17912306119543933,0.14885454869228096,0.07812479656577162,0.18991474474741293,0.18246652192378737,0.0,0.12096645739663439
30,0.06738605891965525,0.0916188610259684,0.052375404870389185,0.041664400687281285,0.13887224839378876,0.08999862453405222,0.12096645739663439,0.0
