,15,20,22,25,108,110,117,120
15,0.0,0.17840122488557952,0.3670311754180462,0.31895307677167467,0.7248599125164835,0.7751113959600165,0.6707296376255275,0.686841342726795
20,0.17840122488557952,0.0,0.21325546142635587,0.1756294032088215,0.7661489770597367,0.873842555703805,0.7538212219886247,0.6800387385018622
22,0.3670311754180462,0.21325546142635587,0.0,0.04530614212904641,0.9796422699947975,1.1246613261878973,0.9879808200914724,0.844100243702664
25,0.31895307677167467,0.1756294032088215,0.04530614212904641,0.0,0.9440011294972203,1.0185899467514985,0.9344309274037251,0.8491372857587072
108,0.7248599125164835,0.7661489770597367,0.9796422699947975,0.9440011294972203,0.0,0.22461251431178406,0.059124677886816246,0.25064563434970183
110,0.7751113959600165,0.873842555703805,1.1246613261878973,1.0185899467514985,0.22461251431178406,0.0,0.1675948585045488,0.5022132650733336
117,0.6707296376255275,0.7538212219886247,0.9879808200914724,0.9344309274037251,0.059124677886816246,0.1675948585045488,0.0,0.3331254508342282
120,0.686841342726795,0.6800387385018622,0.844100243702664,0.8491372857587072,0.25064563434970183,0.5022132650733336,0.3331254508342282,0.0
