,96,101,102,107,114,116,120,127
96,0.0,0.25340080699703127,0.09418873855579438,0.39367746566051753,0.18650062419457758,0.030626367294358758,0.15457250366148934,0.2362369740677689
101,0.25340080699703127,0.0,0.18298534021907692,0.6463570140447245,0.38764475843482266,0.22278389488360406,0.41044802601257147,0.06067781153766543
102,0.09418873855579438,0.18298534021907692,0.0,0.4667654298058115,0.2120851526053525,0.07178604714891944,0.2244128816547425,0.18347824752468092
107,0.39367746566051753,0.6463570140447245,0.4667654298058115,0.0,0.28990683746618234,0.42689374779551936,0.24877820831738437,0.6218227162024551
114,0.18650062419457758,0.38764475843482266,0.2120851526053525,0.28990683746618234,0.0,0.20974791399929235,0.1066555966978152,0.3901057562934071
116,0.030626367294358758,0.22278389488360406,0.07178604714891944,0.42689374779551936,0.20974791399929235,0.0,0.18598647150775016,0.20461917418352824
120,0.15457250366148934,0.41044802601257147,0.2244128816547425,0.24877820831738437,0.1066555966978152,0.18598647150775016,0.0,0.3904836931097441
127,0.2362369740677689,0.06067781153766543,0.18347824752468092,0.6218227162024551,0.3901057562934071,0.20461917418352824,0.3904836931097441,0.0
