,15,18,19,23,107,111,115,121
15,0.0,0.21512136837947776,0.341832525672042,0.1944923206207304,0.902673949440278,0.7892930364378663,0.8605237904803021,0.6981483794545158
18,0.21512136837947776,0.0,0.1338315010518113,0.38183203900046914,0.8654133596161058,0.840971800715736,0.9961229218366637,0.7602297821091323
19,0.341832525672042,0.1338315010518113,0.0,0.51517983729326,0.9249032648193359,0.9587386844554616,1.124383701328783,0.8721671026748395
23,0.1944923206207304,0.38183203900046914,0.51517983729326,0.0,0.9892872354828355,0.7968988390290296,0.7960376751281851,0.7307388552319954
107,0.902673949440278,0.8654133596161058,0.9249032648193359,0.9892872354828355,0.0,0.37839894564419035,0.7316367789818382,0.3500954871769748
111,0.7892930364378663,0.840971800715736,0.9587386844554616,0.7968988390290296,0.37839894564419035,0.0,0.3170147269914761,0.04217133005847287
115,0.8605237904803021,0.9961229218366637,1.124383701328783,0.7960376751281851,0.7316367789818382,0.3170147269914761,0.0,0.369255800141515
121,0.6981483794545158,0.7602297821091323,0.8721671026748395,0.7307388552319954,0.3500954871769748,0.04217133005847287,0.369255800141515,0.0
