,0,3,4,6,15,17,27,30
0,0.0,0.12158968876818597,0.14126461877642765,0.14889206602174576,0.08021459233145788,0.17938747983499864,0.08662531566050162,0.0673006094204375
3,0.12158968876818597,0.0,0.16500110435719773,0.02944926275767704,0.061748705091951954,0.0956225789001533,0.1328598755105527,0.06506368400444883
4,0.14126461877642765,0.16500110435719773,0.0,0.17639956690777542,0.17875109201792833,0.13458148431379685,0.05562983050361589,0.11627457361763485
6,0.14889206602174576,0.02944926275767704,0.17639956690777542,0.0,0.08917212956328788,0.08065180240291171,0.15221289125336387,0.08992413402206706
15,0.08021459233145788,0.061748705091951954,0.17875109201792833,0.08917212956328788,0.0,0.150455698635788,0.1324944863665134,0.06272802973250785
17,0.17938747983499864,0.0956225789001533,0.13458148431379685,0.08065180240291171,0.150455698635788,0.0,0.13814720715115697,0.11353762119441575
27,0.08662531566050162,0.1328598755105527,0.05562983050361589,0.15221289125336387,0.1324944863665134,0.13814720715115697,0.0,0.07227176728067519
30,0.0673006094204375,0.06506368400444883,0.11627457361763485,0.08992413402206706,0.06272802973250785,0.11353762119441575,0.07227176728067519,0.0
