,13,14,15,16,17,21,25,28
13,0.0,0.10607605544147321,0.041193509037498535,0.07765837372023787,0.17716316033952978,0.08964869359608589,0.18630157080303575,0.10918863594699217
14,0.10607605544147321,0.0,0.12949109043738652,0.13308392035336156,0.1684845127936648,0.09161431766178221,0.08655801276325821,0.17147393228056948
15,0.041193509037498535,0.12949109043738652,0.0,0.04121125012073194,0.14993011581056256,0.13056004403662455,0.19562018081880672,0.06598280248639642
16,0.07765837372023787,0.13308392035336156,0.04121125012073194,0.0,0.1103889362660067,0.15981378961374348,0.18478661136900534,0.03935405351198293
17,0.17716316033952978,0.1684845127936648,0.14993011581056256,0.1103889362660067,0.0,0.23915436379995095,0.16368524661845096,0.11332092052823457
21,0.08964869359608589,0.09161431766178221,0.13056004403662455,0.15981378961374348,0.23915436379995095,0.0,0.17784224646586588,0.19609026443211688
25,0.18630157080303575,0.08655801276325821,0.19562018081880672,0.18478661136900534,0.16368524661845096,0.17784224646586588,0.0,0.21667991330507072
28,0.10918863594699217,0.17147393228056948,0.06598280248639642,0.03935405351198293,0.11332092052823457,0.19609026443211688,0.21667991330507072,0.0
