,4,6,8,12,25,26,29,30
4,0.0,0.1784581446787595,0.15674391752703642,0.14223411173389156,0.028186677820272784,0.02944227042155037,0.18494045480166882,0.11639811307127564
6,0.1784581446787595,0.0,0.08543820685501356,0.08915429396185809,0.20305540051696513,0.20612099263234496,0.20052364946678045,0.08999916096925549
8,0.15674391752703642,0.08543820685501356,0.0,0.14879298681375006,0.18663344459604952,0.1879439632766082,0.25476851486476043,0.13397976347931104
12,0.14223411173389156,0.08915429396185809,0.14879298681375006,0.0,0.15967801163926948,0.1656736395414444,0.10763276907699865,0.028189460131842623
25,0.028186677820272784,0.20305540051696513,0.18663344459604952,0.15967801163926948,0.0,0.00779613695431459,0.18701227452256647,0.1355326718279269
26,0.02944227042155037,0.20612099263234496,0.1879439632766082,0.1656736395414444,0.00779613695431459,0.0,0.1934047136796637,0.14159247033962907
29,0.18494045480166882,0.20052364946678045,0.25476851486476043,0.10763276907699865,0.18701227452256647,0.1934047136796637,0.0,0.12064191707645533
30,0.11639811307127564,0.08999916096925549,0.13397976347931104,0.028189460131842623,0.1355326718279269,0.14159247033962907,0.12064191707645533,0.0
