,0,2,5,9,10,15,22,23
0,0.0,0.10039717820239215,0.13770283112742535,0.08661306924702289,0.04069173610258985,0.08096510956066594,0.16271584467732403,0.008108443306590935
2,0.10039717820239215,0.0,0.06461867314210049,0.07387549536543342,0.1341854761528013,0.06308633674711736,0.16962099755610494,0.09440130279599791
5,0.13770283112742535,0.06461867314210049,0.0,0.13674738363628905,0.17946508013932166,0.06311517684756664,0.2324473747021,0.1303212312617941
9,0.08661306924702289,0.07387549536543342,0.13674738363628905,0.0,0.10085180210299109,0.11264450308164957,0.09794863756884827,0.08696589188340481
10,0.04069173610258985,0.1341854761528013,0.17946508013932166,0.10085180210299109,0.0,0.1222023493115876,0.1520573032361975,0.049238541609157756
15,0.08096510956066594,0.06308633674711736,0.06311517684756664,0.11264450308164957,0.1222023493115876,0.0,0.20993102242560668,0.07289700992983503
22,0.16271584467732403,0.16962099755610494,0.2324473747021,0.09794863756884827,0.1520573032361975,0.20993102242560668,0.0,0.1674878059983029
23,0.008108443306590935,0.09440130279599791,0.1303212312617941,0.08696589188340481,0.049238541609157756,0.07289700992983503,0.1674878059983029,0.0
