,96,97,99,102,114,116,119,120
96,0.0,0.21376328549096948,0.4249375651290011,0.09448484079742099,0.1858152326344608,0.031103834385378223,0.1472581319458918,0.15459964824725322
97,0.21376328549096948,0.0,0.23692542912929665,0.12090011325883224,0.31623183229425167,0.18126709018154372,0.3337552367577753,0.3505279579442443
99,0.4249375651290011,0.23692542912929665,0.0,0.3501621854752809,0.5390420133118325,0.4077986318663805,0.5687553918171774,0.5781480545063102
102,0.09448484079742099,0.12090011325883224,0.3501621854752809,0.0,0.21203873897738004,0.07123244751163407,0.22012662982984507,0.2244738312142899
114,0.1858152326344608,0.31623183229425167,0.5390420133118325,0.21203873897738004,0.0,0.20890771999617994,0.11991493850259036,0.10614760109934165
116,0.031103834385378223,0.18126709018154372,0.4077986318663805,0.07123244751163407,0.20890771999617994,0.0,0.17448028105149324,0.18601693738973454
119,0.1472581319458918,0.3337552367577753,0.5687553918171774,0.22012662982984507,0.11991493850259036,0.17448028105149324,0.0,0.043887653660753215
120,0.15459964824725322,0.3505279579442443,0.5781480545063102,0.2244738312142899,0.10614760109934165,0.18601693738973454,0.043887653660753215,0.0
