,2,4,13,15,17,21,22,27
2,0.0,0.13529808513750372,0.08934735875443933,0.06270619846189482,0.09108785787678743,0.16055767754158828,0.1688713498732781,0.101277982967659
4,0.13529808513750372,0.0,0.17756249361365545,0.17963472836167468,0.13538378839507384,0.18102907525934223,0.03523508710248668,0.05604807111690592
13,0.08934735875443933,0.17756249361365545,0.0,0.041718752853813316,0.17888760561520267,0.09015750604436777,0.2012165381165639,0.1230750816963746
15,0.06270619846189482,0.17963472836167468,0.041718752853813316,0.0,0.15099183547076447,0.13144754733089684,0.20945185193507984,0.13272389559621794
17,0.09108785787678743,0.13538378839507384,0.17888760561520267,0.15099183547076447,0.0,0.24107329306483732,0.16977506604057815,0.1388151955069655
21,0.16055767754158828,0.18102907525934223,0.09015750604436777,0.13144754733089684,0.24107329306483732,0.0,0.19041040533248468,0.12882508603173232
22,0.1688713498732781,0.03523508710248668,0.2012165381165639,0.20945185193507984,0.16977506604057815,0.19041040533248468,0.0,0.07875771995436855
27,0.101277982967659,0.05604807111690592,0.1230750816963746,0.13272389559621794,0.1388151955069655,0.12882508603173232,0.07875771995436855,0.0
