,6,13,14,19,20,22,23,24
6,0.0,0.12927596046621237,0.1718549922417905,0.18027314459625018,0.10640800579093491,0.21239797616642597,0.1448516761931299,0.19467512976206094
13,0.12927596046621237,0.0,0.11085777157119005,0.1424926484465678,0.028317851816413442,0.20266086195135025,0.041761953073931345,0.13665558778171302
14,0.1718549922417905,0.11085777157119005,0.0,0.03841916312946987,0.09973132685188091,0.10067657069621358,0.07219752289410775,0.026687653673925216
19,0.18027314459625018,0.1424926484465678,0.03841916312946987,0.0,0.12799925700828393,0.06302038657460049,0.10682083295404717,0.029272983313145144
20,0.10640800579093491,0.028317851816413442,0.09973132685188091,0.12799925700828393,0.0,0.18343857544116798,0.042183789335646066,0.1262268628870854
22,0.21239797616642597,0.20266086195135025,0.10067657069621358,0.06302038657460049,0.18343857544116798,0.0,0.1683740819447867,0.08553226640034807
23,0.1448516761931299,0.041761953073931345,0.07219752289410775,0.10682083295404717,0.042183789335646066,0.1683740819447867,0.0,0.09781673657559273
24,0.19467512976206094,0.13665558778171302,0.026687653673925216,0.029272983313145144,0.1262268628870854,0.08553226640034807,0.09781673657559273,0.0
