,98,99,102,107,116,121,122,123
98,0.0,0.9266720853107567,0.5760621876175968,0.1429460571113389,0.537208173042867,0.542458285711315,0.19279711651351136,0.3850238451131808
99,0.9266720853107567,0.0,0.34842093778853783,0.8062978850615906,0.40542772431768026,0.41049644432896326,0.83357681114201,0.5806426268111379
102,0.5760621876175968,0.34842093778853783,0.0,0.46368164521561545,0.07101935675386464,0.08320581548304347,0.4884738464210506,0.2338070420436135
107,0.1429460571113389,0.8062978850615906,0.46368164521561545,0.0,0.42386621578715317,0.4155334648598557,0.12916597348762024,0.24687021597139855
116,0.537208173042867,0.40542772431768026,0.07101935675386464,0.42386621578715317,0.0,0.10817961764523104,0.462204012250055,0.21346964784700037
121,0.542458285711315,0.41049644432896326,0.08320581548304347,0.4155334648598557,0.10817961764523104,0.0,0.416558103695738,0.16863662425448575
122,0.19279711651351136,0.83357681114201,0.4884738464210506,0.12916597348762024,0.462204012250055,0.416558103695738,0.0,0.2636322297220983
123,0.3850238451131808,0.5806426268111379,0.2338070420436135,0.24687021597139855,0.21346964784700037,0.16863662425448575,0.2636322297220983,0.0
