,1,6,7,8,16,25,26,27
1,0.0,0.08909906662624474,0.15162995297145596,0.046135146631165774,0.107155165077314,0.13678586072643548,0.1380536816705632,0.11298698702619812
6,0.08909906662624474,0.0,0.1887807979044283,0.08546379547631093,0.04975564609862069,0.20075522433741877,0.2033007563238262,0.15036194199631145
7,0.15162995297145596,0.1887807979044283,0.0,0.1979971929924728,0.16076065109774765,0.054542446540331926,0.06127151805869007,0.03952388051607965
8,0.046135146631165774,0.08546379547631093,0.1979971929924728,0.0,0.12335263049115264,0.18398906333008966,0.18481547067000542,0.16123793260352298
16,0.107155165077314,0.04975564609862069,0.16076065109774765,0.12335263049115264,0.0,0.18286117599639842,0.18885910703572015,0.1224374932643426
25,0.13678586072643548,0.20075522433741877,0.054542446540331926,0.18398906333008966,0.18286117599639842,0.0,0.007470093785862502,0.06431799696691286
26,0.1380536816705632,0.2033007563238262,0.06127151805869007,0.18481547067000542,0.18885910703572015,0.007470093785862502,0.0,0.07033307405159102
27,0.11298698702619812,0.15036194199631145,0.03952388051607965,0.16123793260352298,0.1224374932643426,0.06431799696691286,0.07033307405159102,0.0
