,3,13,17,31,100,108,112,116
3,0.0,0.0996811683087811,0.10658612276380033,0.3902621115881581,0.8613228423885272,0.7419367594119587,0.792457813100765,0.79162093523738
13,0.0996811683087811,0.0,0.15981807621110306,0.4756959887598828,0.7781775172264481,0.6944274854568884,0.7296399730370449,0.7616411021615934
17,0.10658612276380033,0.15981807621110306,0.0,0.4397312141438892,0.9469415067606389,0.8394825417830577,0.9114436432395632,0.9167400296496403
31,0.3902621115881581,0.4756959887598828,0.4397312141438892,0.0,1.0470545686007553,0.8558565291331214,0.909024667637814,0.8811436517645189
100,0.8613228423885272,0.7781775172264481,0.9469415067606389,1.0470545686007553,0.0,0.23702633715143656,0.20289703344667728,0.32947524748558077
108,0.7419367594119587,0.6944274854568884,0.8394825417830577,0.8558565291331214,0.23702633715143656,0.0,0.06452144022790123,0.09083507549064676
112,0.792457813100765,0.7296399730370449,0.9114436432395632,0.909024667637814,0.20289703344667728,0.06452144022790123,0.0,0.1191595511651812
116,0.79162093523738,0.7616411021615934,0.9167400296496403,0.8811436517645189,0.32947524748558077,0.09083507549064676,0.1191595511651812,0.0
