,1,7,8,9,15,23,26,28
1,0.0,0.1527064404895086,0.04820005463425656,0.09013162950827086,0.1469391608687233,0.16263238036895009,0.13951649724548254,0.12246905320554721
7,0.1527064404895086,0.0,0.20178580695255052,0.07052121866524334,0.1641064641555453,0.10693968210512263,0.06500606548687189,0.20522047750988912
8,0.04820005463425656,0.20178580695255052,0.0,0.13603296587160738,0.16588395068018838,0.19801461285000596,0.1881092927709591,0.12150753203911362
9,0.09013162950827086,0.07052121866524334,0.13603296587160738,0.0,0.11310851666830044,0.0872308434023695,0.09153098255270659,0.13480920372969094
15,0.1469391608687233,0.1641064641555453,0.16588395068018838,0.11310851666830044,0.0,0.07338989712817454,0.2059895522639927,0.06786172770720555
23,0.16263238036895009,0.10693968210512263,0.19801461285000596,0.0872308434023695,0.07338989712817454,0.0,0.16085910837653927,0.1329358569068672
26,0.13951649724548254,0.06500606548687189,0.1881092927709591,0.09153098255270659,0.2059895522639927,0.16085910837653927,0.0,0.21809718511525797
28,0.12246905320554721,0.20522047750988912,0.12150753203911362,0.13480920372969094,0.06786172770720555,0.1329358569068672,0.21809718511525797,0.0
