,0,6,17,27,107,110,116,125
0,0.0,0.784548884227069,0.14218372853488898,0.6620837823728803,1.0474523162875609,0.6706650353163661,0.7752731598757426,0.8257707930880798
6,0.784548884227069,0.0,0.7563580306436167,0.13270408802892658,0.8880796108170861,1.1353636102555518,0.9561688827676391,1.222569285565116
17,0.14218372853488898,0.7563580306436167,0.0,0.6356867732143607,1.1607722561786227,0.813844111786355,0.8909118340743781,0.9608049954255511
27,0.6620837823728803,0.13270408802892658,0.6356867732143607,0.0,0.9186283216006434,1.0721472415602606,0.9447541113244177,1.1629649365720944
107,1.0474523162875609,0.8880796108170861,1.1607722561786227,0.9186283216006434,0.0,0.7610070971488658,0.3678059481253756,0.768050766708776
110,0.6706650353163661,1.1353636102555518,0.813844111786355,1.0721472415602606,0.7610070971488658,0.0,0.31248465919682866,0.09359895794083845
116,0.7752731598757426,0.9561688827676391,0.8909118340743781,0.9447541113244177,0.3678059481253756,0.31248465919682866,0.0,0.3185182097625926
125,0.8257707930880798,1.222569285565116,0.9608049954255511,1.1629649365720944,0.768050766708776,0.09359895794083845,0.3185182097625926,0.0
