,2,5,18,29,99,101,119,126
2,0.0,0.4626995075718575,0.1247096451799933,0.4484464727297553,0.8595426876336049,0.8212964900831959,0.8194563398819581,0.7545150548865106
5,0.4626995075718575,0.0,0.5841403916883048,0.9042486450611725,0.7022009571604566,0.7060804074332897,0.9216905641608616,0.8794667284171048
18,0.1247096451799933,0.5841403916883048,0.0,0.3180001845885904,0.9298097723531774,0.8481547316475468,0.8141186698922461,0.7290237636123997
29,0.4484464727297553,0.9042486450611725,0.3180001845885904,0.0,1.0918899087901577,1.0093546832615627,0.8464070390885919,0.7694561048357358
99,0.8595426876336049,0.7022009571604566,0.9298097723531774,1.0918899087901577,0.0,0.1724124363846388,0.5432030058731404,0.5689906418690699
101,0.8212964900831959,0.7060804074332897,0.8481547316475468,1.0093546832615627,0.1724124363846388,0.0,0.3716700074401182,0.41630760681660606
119,0.8194563398819581,0.9216905641608616,0.8141186698922461,0.8464070390885919,0.5432030058731404,0.3716700074401182,0.0,0.0213273149075202
126,0.7545150548865106,0.8794667284171048,0.7290237636123997,0.7694561048357358,0.5689906418690699,0.41630760681660606,0.0213273149075202,0.0
