,104,107,108,109,113,122,123,124
104,0.0,0.08899868691013976,0.44134798260573266,0.35253003073587985,0.10126955617132774,0.17281197940109932,0.1797738241219466,0.09936672037814029
107,0.08899868691013976,0.0,0.5243271385979279,0.4223060114540971,0.12002242767860002,0.13065698128324432,0.2502643959522276,0.026207483443822694
108,0.44134798260573266,0.5243271385979279,0.0,0.17090033015464734,0.4411728168199732,0.5440922341373543,0.2952211489054612,0.5281997516394261
109,0.35253003073587985,0.4223060114540971,0.17090033015464734,0.0,0.33372213584439675,0.4286069685494324,0.18329373805081325,0.42352301167713996
113,0.10126955617132774,0.12002242767860002,0.4411728168199732,0.33372213584439675,0.0,0.1010519582100273,0.16385013473798407,0.11281990529763657
122,0.17281197940109932,0.13065698128324432,0.5440922341373543,0.4286069685494324,0.1010519582100273,0.0,0.26582449389046026,0.09852198504061482
123,0.1797738241219466,0.2502643959522276,0.2952211489054612,0.18329373805081325,0.16385013473798407,0.26582449389046026,0.0,0.2540677333454853
124,0.09936672037814029,0.026207483443822694,0.5281997516394261,0.42352301167713996,0.11281990529763657,0.09852198504061482,0.2540677333454853,0.0
