,0,5,11,22,23,24,29,30
0,0.0,0.1392541635011537,0.1319066566345191,0.16307089061043795,0.008115011124307233,0.08962789918967207,0.05396266182651203,0.0681757355524814
5,0.1392541635011537,0.0,0.1424260941069349,0.23211169036891466,0.13049077162551362,0.20038278322750255,0.18243976928870254,0.09324976722240176
11,0.1319066566345191,0.1424260941069349,0.0,0.09942914173381621,0.13105591758421942,0.11256122488623097,0.18391709262956002,0.07848026816682357
22,0.16307089061043795,0.23211169036891466,0.09942914173381621,0.0,0.16788876525525934,0.08506703784161262,0.20042105463953608,0.14798857375523802
23,0.008115011124307233,0.13049077162551362,0.13105591758421942,0.16788876525525934,0.0,0.09730440742145365,0.058298839031648446,0.06427216283549
24,0.08962789918967207,0.20038278322750255,0.11256122488623097,0.08506703784161262,0.09730440742145365,0.0,0.11632082314040183,0.10860545466455417
29,0.05396266182651203,0.18243976928870254,0.18391709262956002,0.20042105463953608,0.058298839031648446,0.11632082314040183,0.0,0.12228214783470555
30,0.0681757355524814,0.09324976722240176,0.07848026816682357,0.14798857375523802,0.06427216283549,0.10860545466455417,0.12228214783470555,0.0
