,98,100,102,107,108,112,117,126
98,0.0,0.9088708035185895,0.5793426129507209,0.1420229337194511,0.6391265395322341,0.6863325784179092,0.7086391065908888,0.3617826318957991
100,0.9088708035185895,0.0,0.31768925891669,0.7638672302174528,0.26671997009544834,0.23704422371049877,0.2044356297648677,0.5458911334340443
102,0.5793426129507209,0.31768925891669,0.0,0.45977465706333837,0.06603566584721048,0.12473584278919055,0.1259520055470967,0.23519524115639712
107,0.1420229337194511,0.7638672302174528,0.45977465706333837,0.0,0.5195402336000641,0.5472585458688,0.5884930103480979,0.23871407095433583
108,0.6391265395322341,0.26671997009544834,0.06603566584721048,0.5195402336000641,0.0,0.11297879811110617,0.0677331902353744,0.2898475392782694
112,0.6863325784179092,0.23704422371049877,0.12473584278919055,0.5472585458688,0.11297879811110617,0.0,0.10985773704270495,0.3358534324379448
117,0.7086391065908888,0.2044356297648677,0.1259520055470967,0.5884930103480979,0.0677331902353744,0.10985773704270495,0.0,0.3494212881468987
126,0.3617826318957991,0.5458911334340443,0.23519524115639712,0.23871407095433583,0.2898475392782694,0.3358534324379448,0.3494212881468987,0.0
