,0,3,6,11,14,23,25,27
0,0.0,0.12199278410912201,0.14913013249564497,0.13148227612531604,0.0637144549043228,0.007939128224812212,0.14858774591099838,0.08675201163045453
3,0.12199278410912201,0.0,0.029460379496304128,0.10777127707079052,0.14706375607059097,0.11625306332108151,0.1891732548643218,0.1328858842676768
6,0.14913013249564497,0.029460379496304128,0.0,0.11482944299699738,0.1700911453571684,0.14313277240059508,0.20280395822552316,0.15251919953766638
11,0.13148227612531604,0.10777127707079052,0.11482944299699738,0.0,0.10071536728412785,0.1292014548542044,0.09085513187322365,0.06563337419222984
14,0.0637144549043228,0.14706375607059097,0.1700911453571684,0.10071536728412785,0.0,0.06917286405205184,0.08653979217633877,0.03717605469503952
23,0.007939128224812212,0.11625306332108151,0.14313277240059508,0.1292014548542044,0.06917286405205184,0.0,0.15300487727257261,0.08978509871516502
25,0.14858774591099838,0.1891732548643218,0.20280395822552316,0.09085513187322365,0.08653979217633877,0.15300487727257261,0.0,0.0655407864737049
27,0.08675201163045453,0.1328858842676768,0.15251919953766638,0.06563337419222984,0.03717605469503952,0.08978509871516502,0.0655407864737049,0.0
