,7,9,12,13,14,17,20,22
7,0.0,0.07375700021352288,0.13115591219629394,0.14787777300201574,0.03676696885976344,0.17967135025366823,0.1332761823045095,0.07252128738296315
9,0.07375700021352288,0.0,0.07876686503216956,0.11445951343968744,0.060343987819464456,0.1192219271079917,0.09165429825949468,0.10044657145657605
12,0.13115591219629394,0.07876686503216956,0.0,0.04782120760433535,0.09894183531762804,0.1355671062432651,0.01972137721996068,0.1778057006492853
13,0.14787777300201574,0.11445951343968744,0.04782120760433535,0.0,0.11451568854719453,0.1839119842626587,0.028909229923089533,0.2046829461307836
14,0.03676696885976344,0.060343987819464456,0.09894183531762804,0.11451568854719453,0.0,0.1772380025124695,0.10281033027163348,0.10268385322854812
17,0.17967135025366823,0.1192219271079917,0.1355671062432651,0.1839119842626587,0.1772380025124695,0.0,0.15942610964882764,0.17539515276195056
20,0.1332761823045095,0.09165429825949468,0.01972137721996068,0.028909229923089533,0.10281033027163348,0.15942610964882764,0.0,0.18478700787848262
22,0.07252128738296315,0.10044657145657605,0.1778057006492853,0.2046829461307836,0.10268385322854812,0.17539515276195056,0.18478700787848262,0.0
