,2,13,18,21,24,25,28,31
2,0.0,0.0867851525918279,0.073369672788004,0.15759594029574023,0.13773650334528253,0.15637499942004474,0.0600239919401996,0.057274419282469125
13,0.0867851525918279,0.0,0.0472021818105727,0.08945994716780455,0.13287935784042412,0.18434065913201336,0.1080376998944657,0.1406226067673429
18,0.073369672788004,0.0472021818105727,0.0,0.08454366624757331,0.0888290548141275,0.13922380469777307,0.11813979301229875,0.11630692971445539
21,0.15759594029574023,0.08945994716780455,0.08454366624757331,0.0,0.10539746553720773,0.1760343865551848,0.19444950210163486,0.20109263606766095
24,0.13773650334528253,0.13287935784042412,0.0888290548141275,0.10539746553720773,0.0,0.07081882292392136,0.19621300230351985,0.14988935289710253
25,0.15637499942004474,0.18434065913201336,0.13922380469777307,0.1760343865551848,0.07081882292392136,0.0,0.21715384783694727,0.1392985434137258
28,0.0600239919401996,0.1080376998944657,0.11813979301229875,0.19444950210163486,0.19621300230351985,0.21715384783694727,0.0,0.09497433076870697
31,0.057274419282469125,0.1406226067673429,0.11630692971445539,0.20109263606766095,0.14988935289710253,0.1392985434137258,0.09497433076870697,0.0
