,0,8,17,20,100,104,121,127
0,0.0,0.28419462401809104,0.1413100268607058,0.4329108977593701,0.798135338001851,0.9182659182164998,0.7537693731137558,0.7653310785482282
8,0.28419462401809104,0.0,0.22262226898532547,0.24449847450370443,1.009227929408024,0.8858810899786519,0.8534831801656407,0.9428837689485553
17,0.1413100268607058,0.22262226898532547,0.0,0.45049831087515163,0.939960641640072,0.9949658990920986,0.8746735252039007,0.9057040752640647
20,0.4329108977593701,0.24449847450370443,0.45049831087515163,0.0,0.9735677356506482,0.6985864508506325,0.7346020314943714,0.8711484240203606
100,0.798135338001851,1.009227929408024,0.939960641640072,0.9735677356506482,0.0,0.6346040645570548,0.3421182998438627,0.15209608106951056
104,0.9182659182164998,0.8858810899786519,0.9949658990920986,0.6985864508506325,0.6346040645570548,0.0,0.29218102294125053,0.4869208640019868
121,0.7537693731137558,0.8534831801656407,0.8746735252039007,0.7346020314943714,0.3421182998438627,0.29218102294125053,0.0,0.24216756114321653
127,0.7653310785482282,0.9428837689485553,0.9057040752640647,0.8711484240203606,0.15209608106951056,0.4869208640019868,0.24216756114321653,0.0
