,8,15,26,29,100,115,117,121
8,0.0,0.15593155506425263,0.054302455347169376,0.5642412820015894,1.009404619145462,0.9813685493315729,0.7818692418136975,0.857225894795101
15,0.15593155506425263,0.0,0.16078974492951553,0.49847603012310393,0.8726517394343074,0.855370003219681,0.6992154827404413,0.698787846065819
26,0.054302455347169376,0.16078974492951553,0.0,0.5207321564675671,1.0307932754007083,1.0112242692774125,0.8800591724458611,0.84570108703185
29,0.5642412820015894,0.49847603012310393,0.5207321564675671,0.0,1.171562197699046,1.156885946419333,0.9471435628550758,0.8792605311252735
100,1.009404619145462,0.8726517394343074,1.0307932754007083,1.171562197699046,0.0,0.03984698785541735,0.19372697691702165,0.3360681385858335
115,0.9813685493315729,0.855370003219681,1.0112242692774125,1.156885946419333,0.03984698785541735,0.0,0.1677981867710256,0.3694765319405523
117,0.7818692418136975,0.6992154827404413,0.8800591724458611,0.9471435628550758,0.19372697691702165,0.1677981867710256,0.0,0.14473929004476568
121,0.857225894795101,0.698787846065819,0.84570108703185,0.8792605311252735,0.3360681385858335,0.3694765319405523,0.14473929004476568,0.0
