,5,7,16,23,97,102,116,119
5,0.0,0.4361046830068155,0.5265226359141731,0.14311878162440708,0.8519947059392442,0.8297616580763136,0.8117198711212172,0.9233055812864235
7,0.4361046830068155,0.0,0.10773099535072188,0.30137492644706104,0.9431414261021716,0.8662418768134199,0.846509294378584,0.8622669930688873
16,0.5265226359141731,0.10773099535072188,0.0,0.37906133657351476,0.9302348514288121,0.83607824916102,0.8089322012763525,0.799798302303401
23,0.14311878162440708,0.30137492644706104,0.37906133657351476,0.0,0.8276251228639605,0.7759844712232065,0.77592954858593,0.8456000760081288
97,0.8519947059392442,0.9431414261021716,0.9302348514288121,0.8276251228639605,0.0,0.10506723980982278,0.15963865189943816,0.31693994722500857
102,0.8297616580763136,0.8662418768134199,0.83607824916102,0.7759844712232065,0.10506723980982278,0.0,0.05184998395074181,0.19053447137137441
116,0.8117198711212172,0.846509294378584,0.8089322012763525,0.77592954858593,0.15963865189943816,0.05184998395074181,0.0,0.15415627655630007
119,0.9233055812864235,0.8622669930688873,0.799798302303401,0.8456000760081288,0.31693994722500857,0.19053447137137441,0.15415627655630007,0.0
