,98,102,110,112,114,121,124,126
98,0.0,0.5792170699824878,0.8722756285529334,0.686220988803663,0.41492811245448885,0.5400192143134805,0.13656880266029006,0.36177271262616406
102,0.5792170699824878,0.0,0.31201791689919994,0.1267238617310208,0.21009688336053162,0.08257080261613685,0.45916284337724916,0.23615337694786984
110,0.8722756285529334,0.31201791689919994,0.0,0.2793120474463383,0.5127337307532278,0.3768660860415857,0.7719498875765368,0.5270882763979983
112,0.686220988803663,0.1267238617310208,0.2793120474463383,0.0,0.2678778609879936,0.14776022066485717,0.5526856076805826,0.3368295452565306
114,0.41492811245448885,0.21009688336053162,0.5127337307532278,0.2678778609879936,0.0,0.13902674146411578,0.2832091806978885,0.1297681017431034
121,0.5400192143134805,0.08257080261613685,0.3768660860415857,0.14776022066485717,0.13902674146411578,0.0,0.4055398429946047,0.19418339037183618
124,0.13656880266029006,0.45916284337724916,0.7719498875765368,0.5526856076805826,0.2832091806978885,0.4055398429946047,0.0,0.24778583427756878
126,0.36177271262616406,0.23615337694786984,0.5270882763979983,0.3368295452565306,0.1297681017431034,0.19418339037183618,0.24778583427756878,0.0
