,1,11,12,14,20,22,24,31
1,0.0,0.05251379648517789,0.12681861590601465,0.15428305548755958,0.14441411958265105,0.15095243942233844,0.17038703298181943,0.027970528142999402
11,0.05251379648517789,0.0,0.10876123835771365,0.10434200232354937,0.12438045930187389,0.10391048382446888,0.11888613641136137,0.05078603966563737
12,0.12681861590601465,0.10876123835771365,0.0,0.09948707176175782,0.01975828434636524,0.17858125645449732,0.12314038805081867,0.09953613591938049
14,0.15428305548755958,0.10434200232354937,0.09948707176175782,0.0,0.10347359536504905,0.10288698300967455,0.02725000905573556,0.1366106493639512
20,0.14441411958265105,0.12438045930187389,0.01975828434636524,0.10347359536504905,0.0,0.1851649814852623,0.12839151715779695,0.12103324193224795
22,0.15095243942233844,0.10391048382446888,0.17858125645449732,0.10288698300967455,0.1851649814852623,0.0,0.08822684055806908,0.16199922514663728
24,0.17038703298181943,0.11888613641136137,0.12314038805081867,0.02725000905573556,0.12839151715779695,0.08822684055806908,0.0,0.15319947155613578
31,0.027970528142999402,0.05078603966563737,0.09953613591938049,0.1366106493639512,0.12103324193224795,0.16199922514663728,0.15319947155613578,0.0
