,21,27,29,30,99,112,118,121
21,0.0,0.7441927852487653,0.8175060394472762,0.45573418014682765,0.6176667240716517,0.7253156094032565,0.759545769671275,0.7672642676907684
27,0.7441927852487653,0.0,0.19011525627786668,0.28044385462988947,1.0839743456206152,0.9583706823602393,1.1916358924260377,0.8728029054914611
29,0.8175060394472762,0.19011525627786668,0.0,0.43058512477916805,1.168185598487742,0.9860277810366763,1.1577736787241288,0.8820022770505103
30,0.45573418014682765,0.28044385462988947,0.43058512477916805,0.0,0.87575577871103,0.8138740180660066,0.9757871931631924,0.775100631378981
99,0.6176667240716517,1.0839743456206152,1.168185598487742,0.87575577871103,0.0,0.258219106362875,0.09600743255675724,0.3769639025014708
112,0.7253156094032565,0.9583706823602393,0.9860277810366763,0.8138740180660066,0.258219106362875,0.0,0.21176455997383997,0.10876014927377023
118,0.759545769671275,1.1916358924260377,1.1577736787241288,0.9757871931631924,0.09600743255675724,0.21176455997383997,0.0,0.34964675207574647
121,0.7672642676907684,0.8728029054914611,0.8820022770505103,0.775100631378981,0.3769639025014708,0.10876014927377023,0.34964675207574647,0.0
