,9,17,22,26,96,98,104,111
9,0.0,0.10834615588558509,0.5085534215597222,0.1984596686332129,0.7830456409721713,1.031880062214134,0.9170595222302872,0.906234030891588
17,0.10834615588558509,0.0,0.595072592306017,0.28678896263080916,0.8550604077841875,1.1370648787288045,1.008997593379509,0.9519096600359356
22,0.5085534215597222,0.595072592306017,0.0,0.32919336279546907,0.8892992519084094,0.8631040602310736,0.8560293787118616,1.0130851808765122
26,0.1984596686332129,0.28678896263080916,0.32919336279546907,0.0,0.841532243729918,0.9766438945720444,0.89530931472441,0.928855040673214
96,0.7830456409721713,0.8550604077841875,0.8892992519084094,0.841532243729918,0.0,0.502496492914862,0.312961090753669,0.12177190659202582
98,1.031880062214134,1.1370648787288045,0.8631040602310736,0.9766438945720444,0.502496492914862,0.0,0.19099064897957124,0.5999326205511374
104,0.9170595222302872,1.008997593379509,0.8560293787118616,0.89530931472441,0.312961090753669,0.19099064897957124,0.0,0.33153626052505425
111,0.906234030891588,0.9519096600359356,1.0130851808765122,0.928855040673214,0.12177190659202582,0.5999326205511374,0.33153626052505425,0.0
