,111,112,115,118,119,124,126,127
111,0.0,0.12518067219887422,0.3549256498004231,0.37212507004527623,0.20658047575175847,0.43534510270969373,0.22451863086275498,0.2590460347717053
112,0.12518067219887422,0.0,0.27302337479955296,0.2587041642330532,0.33528359149362474,0.5655817715225628,0.33692267342422955,0.20164946264539424
115,0.3549256498004231,0.27302337479955296,0.0,0.15331033031820177,0.4853692315428803,0.7514494684476918,0.5180672430472594,0.13099181613391153
118,0.37212507004527623,0.2587041642330532,0.15331033031820177,0.0,0.5605190151122162,0.8004930374275528,0.5580295024330165,0.24184052745315981
119,0.20658047575175847,0.33528359149362474,0.4853692315428803,0.5605190151122162,0.0,0.2683345160486956,0.019182725341761415,0.3762397330385853
124,0.43534510270969373,0.5655817715225628,0.7514494684476918,0.8004930374275528,0.2683345160486956,0.0,0.255620012612065,0.6167727659458236
126,0.22451863086275498,0.33692267342422955,0.5180672430472594,0.5580295024330165,0.019182725341761415,0.255620012612065,0.0,0.38646826296486325
127,0.2590460347717053,0.20164946264539424,0.13099181613391153,0.24184052745315981,0.3762397330385853,0.6167727659458236,0.38646826296486325,0.0
