,0,6,13,20,100,117,120,122
0,0.0,0.7782383277081059,0.02766088023776491,0.442218634720475,0.7919868867406878,0.6615332422850808,0.783136448864624,0.9954006077086284
6,0.7782383277081059,0.0,0.7843912394304261,0.33288357561370646,1.2554026166979233,1.0109018716510492,0.8016747843071625,0.811638278516191
13,0.02766088023776491,0.7843912394304261,0.0,0.451153890587623,0.7805005681424865,0.632856560866359,0.7678919286413081,0.9990831051221354
20,0.442218634720475,0.33288357561370646,0.451153890587623,0.0,0.9723651718249282,0.7622570071807745,0.6554282390595706,0.7673919177551087
100,0.7919868867406878,1.2554026166979233,0.7805005681424865,0.9723651718249282,0.0,0.19763495746037343,0.49948078453760486,0.8006368576385685
117,0.6615332422850808,1.0109018716510492,0.632856560866359,0.7622570071807745,0.19763495746037343,0.0,0.3310165166467073,0.6000103293922997
120,0.783136448864624,0.8016747843071625,0.7678919286413081,0.6554282390595706,0.49948078453760486,0.3310165166467073,0.0,0.2821213299080177
122,0.9954006077086284,0.811638278516191,0.9990831051221354,0.7673919177551087,0.8006368576385685,0.6000103293922997,0.2821213299080177,0.0
