,14,17,21,31,100,101,109,125
14,0.0,0.15690789227547783,0.09238315102921507,0.5843037433254787,0.8571022035843848,0.73588668728398,0.9116529320744109,0.864244010689167
17,0.15690789227547783,0.0,0.21515627332849196,0.43905263657039484,0.9412532655479386,0.8298514780277353,0.9228368372241097,0.9649871651115364
21,0.09238315102921507,0.21515627332849196,0.0,0.5961636628863022,0.7701365102558856,0.6559060018894193,0.79887686294564,0.7855075448332461
31,0.5843037433254787,0.43905263657039484,0.5961636628863022,0.0,1.0792995906150333,0.9056243171654003,0.9017920290591445,1.0652768163589943
100,0.8571022035843848,0.9412532655479386,0.7701365102558856,1.0792995906150333,0.0,0.15667944771165204,0.3579205077456495,0.04678102741050193
101,0.73588668728398,0.8298514780277353,0.6559060018894193,0.9056243171654003,0.15667944771165204,0.0,0.2587404345443591,0.12684247428628126
109,0.9116529320744109,0.9228368372241097,0.79887686294564,0.9017920290591445,0.3579205077456495,0.2587404345443591,0.0,0.3136920206753146
125,0.864244010689167,0.9649871651115364,0.7855075448332461,1.0652768163589943,0.04678102741050193,0.12684247428628126,0.3136920206753146,0.0
