,11,12,13,17,20,23,24,26
11,0.0,0.10659206936387332,0.15128069949193174,0.07632251608222915,0.12331775568521869,0.13176342137697647,0.11595358070266071,0.09447450149702376
12,0.10659206936387332,0.0,0.047301816106025206,0.13460118700581622,0.01925135454349851,0.05366511669710983,0.1227138382800127,0.1690227628233899
13,0.15128069949193174,0.047301816106025206,0.0,0.18269764953273498,0.028352602848081034,0.042478976156992705,0.13673005617754183,0.19530643235683215
17,0.07632251608222915,0.13460118700581622,0.18269764953273498,0.0,0.15690460025142078,0.18302940890065372,0.1872745641445083,0.16693907997275603
20,0.12331775568521869,0.01925135454349851,0.028352602848081034,0.15690460025142078,0.0,0.042344025658995955,0.12684864372322047,0.17984308008212013
23,0.13176342137697647,0.05366511669710983,0.042478976156992705,0.18302940890065372,0.042344025658995955,0.0,0.09870845628400464,0.16169164858828647
24,0.11595358070266071,0.1227138382800127,0.13673005617754183,0.1872745641445083,0.12684864372322047,0.09870845628400464,0.0,0.0823515120718739
26,0.09447450149702376,0.1690227628233899,0.19530643235683215,0.16693907997275603,0.17984308008212013,0.16169164858828647,0.0823515120718739,0.0
