,106,108,109,110,113,117,122,126
106,0.0,0.31534300165872364,0.2462975704663429,0.5452434981300007,0.17734904598308426,0.3695567026006659,0.2700372089659963,0.027800276495909937
108,0.31534300165872364,0.0,0.16920285045639813,0.2496744717853697,0.4435877430929354,0.06889548040525792,0.544720546949802,0.2922968927924978
109,0.2462975704663429,0.16920285045639813,0.0,0.39060695178777516,0.332541566516647,0.20804539465299016,0.427033666506759,0.23930297255002864
110,0.5452434981300007,0.2496744717853697,0.39060695178777516,0.0,0.7059612729479354,0.19611158430340508,0.7910898773821062,0.5276996267210441
113,0.17734904598308426,0.4435877430929354,0.332541566516647,0.7059612729479354,0.0,0.5005953267446819,0.10113655885574636,0.20252025671754983
117,0.3695567026006659,0.06889548040525792,0.20804539465299016,0.19611158430340508,0.5005953267446819,0.0,0.6057330198165308,0.3490629537639645
122,0.2700372089659963,0.544720546949802,0.427033666506759,0.7910898773821062,0.10113655885574636,0.6057330198165308,0.0,0.3017318537538024
126,0.027800276495909937,0.2922968927924978,0.23930297255002864,0.5276996267210441,0.20252025671754983,0.3490629537639645,0.3017318537538024,0.0
