,104,109,117,122,123,124,125,126
104,0.0,0.35080218255261775,0.5085574834035127,0.16694560752640294,0.17732564371652657,0.09644505281881813,0.6441635747748035,0.15825919455946552
109,0.35080218255261775,0.0,0.2086891795396938,0.42732250513296,0.1823714482494965,0.423234319456308,0.3355821722788593,0.23487921917519844
117,0.5085574834035127,0.2086891795396938,0.0,0.6070402921593274,0.3563907872435231,0.5833996324277025,0.16207538952230682,0.34919738493932434
122,0.16694560752640294,0.42732250513296,0.6070402921593274,0.0,0.26469065543089315,0.08876795469486803,0.7270954969243802,0.2989632049759388
123,0.17732564371652657,0.1823714482494965,0.3563907872435231,0.26469065543089315,0.0,0.2506802369534978,0.49825419411670935,0.10712867530197327
124,0.09644505281881813,0.423234319456308,0.5833996324277025,0.08876795469486803,0.2506802369534978,0.0,0.7383979761015934,0.2507740286449857
125,0.6441635747748035,0.3355821722788593,0.16207538952230682,0.7270954969243802,0.49825419411670935,0.7383979761015934,0.0,0.5128263093238605
126,0.15825919455946552,0.23487921917519844,0.34919738493932434,0.2989632049759388,0.10712867530197327,0.2507740286449857,0.5128263093238605,0.0
