,10,15,19,24,112,114,124,126
10,0.0,0.1705473474898587,0.4954069318397145,0.5781867547289898,0.7544309383239839,0.7995548800145353,0.9215668405203167,0.7671694929091599
15,0.1705473474898587,0.0,0.3436956037675857,0.42377522320377353,0.7478337311814469,0.7431123821167619,0.8370254596877695,0.6967251110005678
19,0.4954069318397145,0.3436956037675857,0.0,0.0965919601546848,0.9697970103297177,0.863617119419633,0.8151429053536261,0.8150651952658807
24,0.5781867547289898,0.42377522320377353,0.0965919601546848,0.0,0.9966899818629212,0.8695704157511763,0.7873974525587762,0.7921043914322928
112,0.7544309383239839,0.7478337311814469,0.9697970103297177,0.9966899818629212,0.0,0.25988162146960153,0.4776771489970865,0.3202982400680869
114,0.7995548800145353,0.7431123821167619,0.863617119419633,0.8695704157511763,0.25988162146960153,0.0,0.2746234956536826,0.08055723253268811
124,0.9215668405203167,0.8370254596877695,0.8151429053536261,0.7873974525587762,0.4776771489970865,0.2746234956536826,0.0,0.19691557187709935
126,0.7671694929091599,0.6967251110005678,0.8150651952658807,0.7921043914322928,0.3202982400680869,0.08055723253268811,0.19691557187709935,0.0
