,96,97,98,100,110,113,116,127
96,0.0,0.21391133950200036,0.5155412638845193,0.407201319558519,0.3735460341680244,0.3392451501552033,0.029961249710963728,0.23633598298079245
97,0.21391133950200036,0.0,0.6811683300301218,0.20705502723087701,0.21971806753962927,0.5005250636415697,0.1821250790074465,0.12946929587596398
98,0.5155412638845193,0.6811683300301218,0.0,0.921299399334247,0.8632181985340402,0.24607265084239402,0.5357335615852685,0.7244675443698044
100,0.407201319558519,0.20705502723087701,0.921299399334247,0.0,0.13595693224428,0.7004471062391152,0.37836710026364,0.22953927803313728
110,0.3735460341680244,0.21971806753962927,0.8632181985340402,0.13595693224428,0.0,0.7092900211939314,0.35534273707778746,0.1540800498156986
113,0.3392451501552033,0.5005250636415697,0.24607265084239402,0.7004471062391152,0.7092900211939314,0.0,0.35968826187410746,0.5615022504967097
116,0.029961249710963728,0.1821250790074465,0.5357335615852685,0.37836710026364,0.35534273707778746,0.35968826187410746,0.0,0.2044319254632486
127,0.23633598298079245,0.12946929587596398,0.7244675443698044,0.22953927803313728,0.1540800498156986,0.5615022504967097,0.2044319254632486,0.0
