,98,100,114,116,117,118,120,124
98,0.0,0.918922838582926,0.41705199275272864,0.5351114366139295,0.7129468832635107,0.9097233702839944,0.3658427452036628,0.14039987880054708
100,0.918922838582926,0.0,0.4990864398024037,0.3787691981912702,0.2052927819177876,0.025338312798901235,0.5419897884855067,0.7670264954672794
114,0.41705199275272864,0.4990864398024037,0.0,0.2097202115078667,0.3249824111537823,0.5214322243933581,0.10670089478608245,0.28351241690204415
116,0.5351114366139295,0.3787691981912702,0.2097202115078667,0.0,0.18026313042559655,0.39927213995299954,0.18612420635028698,0.42881359110561706
117,0.7129468832635107,0.2052927819177876,0.3249824111537823,0.18026313042559655,0.0,0.22505587822501674,0.34034389244467045,0.5844613229002892
118,0.9097233702839944,0.025338312798901235,0.5214322243933581,0.39927213995299954,0.22505587822501674,0.0,0.5492427364726359,0.79828791782695
120,0.3658427452036628,0.5419897884855067,0.10670089478608245,0.18612420635028698,0.34034389244467045,0.5492427364726359,0.0,0.2522390608712072
124,0.14039987880054708,0.7670264954672794,0.28351241690204415,0.42881359110561706,0.5844613229002892,0.79828791782695,0.2522390608712072,0.0
