,104,112,113,118,119,125,126,127
104,0.0,0.46775664396592814,0.09947772669157061,0.7042623363781251,0.17465304539091311,0.6419530899977386,0.16166285408354175,0.5493305125039584
112,0.46775664396592814,0.0,0.4610999366397905,0.25810569917554355,0.3335871404045876,0.2224025844121249,0.33633870900604435,0.19927974404181653
113,0.09947772669157061,0.4610999366397905,0.0,0.7087807876155993,0.21288929213727667,0.6417152123482935,0.2029513168088598,0.5590154346122539
118,0.7042623363781251,0.25810569917554355,0.7087807876155993,0.0,0.559407580908707,0.09125971469521431,0.5586910594139715,0.24029628939861503
119,0.17465304539091311,0.3335871404045876,0.21288929213727667,0.559407580908707,0.0,0.49101945712383177,0.019373316002800327,0.37598490717360855
125,0.6419530899977386,0.2224025844121249,0.6417152123482935,0.09125971469521431,0.49101945712383177,0.0,0.5200312926490006,0.1558025300005543
126,0.16166285408354175,0.33633870900604435,0.2029513168088598,0.5586910594139715,0.019373316002800327,0.5200312926490006,0.0,0.3861964959116103
127,0.5493305125039584,0.19927974404181653,0.5590154346122539,0.24029628939861503,0.37598490717360855,0.1558025300005543,0.3861964959116103,0.0
