,0,6,11,15,20,22,25,31
0,0.0,0.15120079362755465,0.13068564339425717,0.08047917739034867,0.049309028311921126,0.16293351078642884,0.15143224345461356,0.14431258381653636
6,0.15120079362755465,0.0,0.11656699216978884,0.08980012729062853,0.10587710482966377,0.21250054616266412,0.20434033846130617,0.07161033615059656
11,0.13068564339425717,0.11656699216978884,0.0,0.1386377813799517,0.12271275576620592,0.10029903846155108,0.09346210644565234,0.04961485782374992
15,0.08047917739034867,0.08980012729062853,0.1386377813799517,0.0,0.03304561718894393,0.20935801596926115,0.19943369482415227,0.1217312095698643
20,0.049309028311921126,0.10587710482966377,0.12271275576620592,0.03304561718894393,0.0,0.18340448704814885,0.17338269647784343,0.11845700924656921
22,0.16293351078642884,0.21250054616266412,0.10029903846155108,0.20935801596926115,0.18340448704814885,0.0,0.013917428429085136,0.153677569090243
25,0.15143224345461356,0.20434033846130617,0.09346210644565234,0.19943369482415227,0.17338269647784343,0.013917428429085136,0.0,0.14328068048828008
31,0.14431258381653636,0.07161033615059656,0.04961485782374992,0.1217312095698643,0.11845700924656921,0.153677569090243,0.14328068048828008,0.0
