,4,11,17,27,104,122,124,126
4,0.0,0.04060429206190563,0.723195624556013,0.09993597807489543,0.8604502933082872,0.9248225739527826,0.8803806791633857,0.8956950370262454
11,0.04060429206190563,0.0,0.6892079145181019,0.057620049113309826,0.8378488598439437,0.8707573646191652,0.8589219199030727,0.865194612327464
17,0.723195624556013,0.6892079145181019,0.0,0.6465206156335195,1.0073647362527587,1.1375294990105067,1.0576191107316883,0.9260535885987468
27,0.09993597807489543,0.057620049113309826,0.6465206156335195,0.0,0.7937309689151009,0.8372066570302882,0.8334779437566714,0.8133240202043754
104,0.8604502933082872,0.8378488598439437,1.0073647362527587,0.7937309689151009,0.0,0.12945886295102146,0.0754028718932213,0.12510793026175923
122,0.9248225739527826,0.8707573646191652,1.1375294990105067,0.8372066570302882,0.12945886295102146,0.0,0.045867713533355434,0.2641444277434529
124,0.8803806791633857,0.8589219199030727,1.0576191107316883,0.8334779437566714,0.0754028718932213,0.045867713533355434,0.0,0.21230279500687743
126,0.8956950370262454,0.865194612327464,0.9260535885987468,0.8133240202043754,0.12510793026175923,0.2641444277434529,0.21230279500687743,0.0
