,99,102,105,108,119,122,125,126
99,0.0,0.35005909646731304,0.7565939839098789,0.29185118844340835,0.5663756899691814,0.8346920916048521,0.08832154848511567,0.5787077194207126
102,0.35005909646731304,0.0,0.40145502701309876,0.06642537640352361,0.2177143711101057,0.4874625263227054,0.27217337085840104,0.23623176422147615
105,0.7565939839098789,0.40145502701309876,0.0,0.4540753478520466,0.18138861512936244,0.17297690559910217,0.6676761274731862,0.16456795778293862
108,0.29185118844340835,0.06642537640352361,0.4540753478520466,0.0,0.27571033790462074,0.5461702150724873,0.2195667797605752,0.2907455307901884
119,0.5663756899691814,0.2177143711101057,0.18138861512936244,0.27571033790462074,0.0,0.30860495785583003,0.4875982031393023,0.019085119513358926
122,0.8346920916048521,0.4874625263227054,0.17297690559910217,0.5461702150724873,0.30860495785583003,0.0,0.7318741810062667,0.29866067449800904
125,0.08832154848511567,0.27217337085840104,0.6676761274731862,0.2195667797605752,0.4875982031393023,0.7318741810062667,0.0,0.5099944983057986
126,0.5787077194207126,0.23623176422147615,0.16456795778293862,0.2907455307901884,0.019085119513358926,0.29866067449800904,0.5099944983057986,0.0
