,1,6,18,21,22,23,28,30
1,0.0,0.09077121048210962,0.13982330574576565,0.22221498191804803,0.1431310661351543,0.16145450705335876,0.12053637329047576,0.10022061008185779
6,0.09077121048210962,0.0,0.12675480395079897,0.20932934185709676,0.21186472780581533,0.1431508600648422,0.03364058234721016,0.08999635008430937
18,0.13982330574576565,0.12675480395079897,0.0,0.08560024114480538,0.15256293280802932,0.021581498044985846,0.11978846612833609,0.04194170104970979
21,0.22221498191804803,0.20932934185709676,0.08560024114480538,0.0,0.18969709922582706,0.0660802210141418,0.1962929904237513,0.1277900178100401
22,0.1431310661351543,0.21186472780581533,0.15256293280802932,0.18969709922582706,0.0,0.16546809235452942,0.2282157191642502,0.14681230851947624
23,0.16145450705335876,0.1431508600648422,0.021581498044985846,0.0660802210141418,0.16546809235452942,0.0,0.1322958449182319,0.06270098101632904
28,0.12053637329047576,0.03364058234721016,0.11978846612833609,0.1962929904237513,0.2282157191642502,0.1322958449182319,0.0,0.09116629013082665
30,0.10022061008185779,0.08999635008430937,0.04194170104970979,0.1277900178100401,0.14681230851947624,0.06270098101632904,0.09116629013082665,0.0
