,6,19,23,31,100,114,116,124
6,0.0,0.17633264599430581,0.630585398050312,0.280529753338448,1.193319142369173,0.9089102422610221,0.986947254055253,0.7744710019313459
19,0.17633264599430581,0.0,0.4825855612324921,0.1322502748857145,1.1618477189960306,0.8866664017159342,0.9009138834691343,0.7602830949889084
23,0.630585398050312,0.4825855612324921,0.0,0.3832460249991302,0.8064432529092295,0.8214101670142103,0.7264955312387342,0.9857822628791671
31,0.280529753338448,0.1322502748857145,0.3832460249991302,0.0,1.0087290697352718,0.906883749153966,0.8747899755948138,0.9096378363580628
100,1.193319142369173,1.1618477189960306,0.8064432529092295,1.0087290697352718,0.0,0.48967265307958785,0.32212899705945025,0.8110717591376544
114,0.9089102422610221,0.8866664017159342,0.8214101670142103,0.906883749153966,0.48967265307958785,0.0,0.14361769651127113,0.2725496751927691
116,0.986947254055253,0.9009138834691343,0.7264955312387342,0.8747899755948138,0.32212899705945025,0.14361769651127113,0.0,0.3919262368389875
124,0.7744710019313459,0.7602830949889084,0.9857822628791671,0.9096378363580628,0.8110717591376544,0.2725496751927691,0.3919262368389875,0.0
