,0,1,2,3,17,21,23,29
0,0.0,0.16496167139273993,0.09842800154103497,0.11954136494892534,0.17570835214262442,0.05990470102994137,0.00796587731197368,0.05398523298548631
1,0.16496167139273993,0.0,0.08470798254351869,0.09773085852597586,0.025097882238121483,0.22277202381419597,0.16231168222442424,0.2145260367800321
2,0.09842800154103497,0.08470798254351869,0.0,0.0322767301499034,0.0907670986820666,0.15997027725623642,0.09344474952059645,0.15185458322490572
3,0.11954136494892534,0.09773085852597586,0.0322767301499034,0.0,0.0947212409141637,0.18010297932916658,0.11326411630964582,0.1709150807758088
17,0.17570835214262442,0.025097882238121483,0.0907670986820666,0.0947212409141637,0.0,0.23849877755849846,0.17454793469220356,0.23473780684887655
21,0.05990470102994137,0.22277202381419597,0.15997027725623642,0.18010297932916658,0.23849877755849846,0.0,0.06611162769681475,0.016391006603825774
23,0.00796587731197368,0.16231168222442424,0.09344474952059645,0.11326411630964582,0.17454793469220356,0.06611162769681475,0.0,0.05894361931492691
29,0.05398523298548631,0.2145260367800321,0.15185458322490572,0.1709150807758088,0.23473780684887655,0.016391006603825774,0.05894361931492691,0.0
