,2,4,7,14,18,25,26,31
2,0.0,0.13346649452913187,0.13871774510244442,0.11474402968704332,0.07359462311178426,0.15665124700494693,0.1612215763116417,0.05745144632030009
4,0.13346649452913187,0.0,0.06421085141564442,0.08653921446282707,0.1273874765324388,0.02812996247294032,0.029284822468968526,0.11045103971506601
7,0.13871774510244442,0.06421085141564442,0.0,0.03549081223644107,0.0967323566938002,0.0550584887911694,0.062216019563928644,0.14401307418631937
14,0.11474402968704332,0.08653921446282707,0.03549081223644107,0.0,0.06233107025225125,0.08584132087252548,0.09311258268560811,0.13447176037639763
18,0.07359462311178426,0.1273874765324388,0.0967323566938002,0.06233107025225125,0.0,0.1392836987264882,0.144404169363798,0.11637391630240973
25,0.15665124700494693,0.02812996247294032,0.0550584887911694,0.08584132087252548,0.1392836987264882,0.0,0.007625888810196035,0.13927577888622475
26,0.1612215763116417,0.029284822468968526,0.062216019563928644,0.09311258268560811,0.144404169363798,0.007625888810196035,0.0,0.1411509773006183
31,0.05745144632030009,0.11045103971506601,0.14401307418631937,0.13447176037639763,0.11637391630240973,0.13927577888622475,0.1411509773006183,0.0
