,5,13,17,31,107,113,123,124
5,0.0,0.06702504440014222,0.14461276806620743,0.5339565500908077,1.1044564088022633,1.0191359608576778,0.9521616111461408,1.0378386914243438
13,0.06702504440014222,0.0,0.1663571655654903,0.5043514268408753,1.043009222678061,0.9546808381148916,0.8949337334672797,0.9858195156488591
17,0.14461276806620743,0.1663571655654903,0.0,0.4453746502517696,1.159584086484824,1.0305541323246037,1.0201497560618875,1.0708637764052575
31,0.5339565500908077,0.5043514268408753,0.4453746502517696,0.0,0.9617525105228637,0.9148021816978789,0.9126196959533176,0.8644921327020625
107,1.1044564088022633,1.043009222678061,1.159584086484824,0.9617525105228637,0.0,0.10109383993726416,0.20937531217598815,0.02954271613536667
113,1.0191359608576778,0.9546808381148916,1.0305541323246037,0.9148021816978789,0.10109383993726416,0.0,0.15357523217153365,0.0860294880724577
123,0.9521616111461408,0.8949337334672797,1.0201497560618875,0.9126196959533176,0.20937531217598815,0.15357523217153365,0.0,0.22207963230443847
124,1.0378386914243438,0.9858195156488591,1.0708637764052575,0.8644921327020625,0.02954271613536667,0.0860294880724577,0.22207963230443847,0.0
