,103,104,105,108,110,119,120,123
103,0.0,0.026228455047723972,0.019207630580821578,0.4503845541982683,0.6920009388787193,0.17864070396380285,0.18135399967680216,0.18474654627053416
104,0.026228455047723972,0.0,0.03755223145911879,0.4309916942105704,0.6795256568582471,0.16501208039499946,0.1579947827818186,0.17056050204294654
105,0.019207630580821578,0.03755223145911879,0.0,0.44902955441145087,0.6929525505808998,0.17688740673270617,0.18001613286431278,0.19163661576872765
108,0.4503845541982683,0.4309916942105704,0.44902955441145087,0.0,0.241965305473104,0.27376443061639866,0.2766775053007459,0.29145758097144997
110,0.6920009388787193,0.6795256568582471,0.6929525505808998,0.241965305473104,0.0,0.5146642160289777,0.5193306911371408,0.5328804115231058
119,0.17864070396380285,0.16501208039499946,0.17688740673270617,0.27376443061639866,0.5146642160289777,0.0,0.0427871833384464,0.08244325452550924
120,0.18135399967680216,0.1579947827818186,0.18001613286431278,0.2766775053007459,0.5193306911371408,0.0427871833384464,0.0,0.07239916432861918
123,0.18474654627053416,0.17056050204294654,0.19163661576872765,0.29145758097144997,0.5328804115231058,0.08244325452550924,0.07239916432861918,0.0
