,6,7,8,27,105,113,119,122
6,0.0,0.3971543811889643,0.5134703897556775,0.12837560046446803,0.8715280228151925,0.8386697207531562,0.912008200098466,0.8174229638658373
7,0.3971543811889643,0.0,0.13324406112721704,0.26752398402802474,0.8738439359593858,0.8722883536091831,0.8862246376689819,0.8870892253188956
8,0.5134703897556775,0.13324406112721704,0.0,0.40191402409589805,0.9630870998361025,0.9659500244145991,0.9757411449224893,1.0036425011732346
27,0.12837560046446803,0.26752398402802474,0.40191402409589805,0.0,0.8480263090318515,0.8511176175079616,0.9016890480359533,0.8318059818733745
105,0.8715280228151925,0.8738439359593858,0.9630870998361025,0.8480263090318515,0.0,0.03199231535767204,0.14862822571950632,0.1460216323260381
113,0.8386697207531562,0.8722883536091831,0.9659500244145991,0.8511176175079616,0.03199231535767204,0.0,0.15007232768018197,0.10247960962671249
119,0.912008200098466,0.8862246376689819,0.9757411449224893,0.9016890480359533,0.14862822571950632,0.15007232768018197,0.0,0.2551280849908723
122,0.8174229638658373,0.8870892253188956,1.0036425011732346,0.8318059818733745,0.1460216323260381,0.10247960962671249,0.2551280849908723,0.0
