,96,104,106,107,110,113,116,126
96,0.0,0.30629997530586445,0.18238603662174002,0.39355342572182045,0.3732400592482945,0.33864957067324025,0.031009626983741753,0.1557460779790811
104,0.30629997530586445,0.0,0.13366628819767867,0.08822663020914019,0.6689954527918474,0.09934712995816886,0.33705190679632163,0.15972869112242188
106,0.18238603662174002,0.13366628819767867,0.0,0.21594420204425643,0.5453519582292768,0.1769389288524503,0.2073103314583938,0.027849234951057886
107,0.39355342572182045,0.08822663020914019,0.21594420204425643,0.0,0.757150273451518,0.11887063289127506,0.4250932104108688,0.24058890984250228
110,0.3732400592482945,0.6689954527918474,0.5453519582292768,0.757150273451518,0.0,0.7055230344749306,0.3530686961937755,0.5275521940211417
113,0.33864957067324025,0.09934712995816886,0.1769389288524503,0.11887063289127506,0.7055230344749306,0.0,0.3587904431769521,0.20212593869989862
116,0.031009626983741753,0.33705190679632163,0.2073103314583938,0.4250932104108688,0.3530686961937755,0.3587904431769521,0.0,0.18653715594518566
126,0.1557460779790811,0.15972869112242188,0.027849234951057886,0.24058890984250228,0.5275521940211417,0.20212593869989862,0.18653715594518566,0.0
