,6,8,10,13,18,19,21,28
6,0.0,0.08564978736362895,0.1858136599270836,0.12727317898704746,0.12644994208346833,0.17859818164954042,0.20835496691771987,0.03341900198561565
8,0.08564978736362895,0.0,0.22930628913612555,0.1943528879118549,0.1752506075679757,0.18260299962858112,0.2601905236328986,0.11921601491231751
10,0.1858136599270836,0.22930628913612555,0.0,0.08569306933670787,0.05985917178694727,0.08959963251867203,0.03987006116980136,0.1787813104370912
13,0.12727317898704746,0.1943528879118549,0.08569306933670787,0.0,0.04789917730388759,0.1421042400890073,0.08998276895355029,0.10847148640888381
18,0.12644994208346833,0.1752506075679757,0.05985917178694727,0.04789917730388759,0.0,0.09369804756725716,0.08505809414283257,0.12024056189417186
19,0.17859818164954042,0.18260299962858112,0.08959963251867203,0.1421042400890073,0.09369804756725716,0.0,0.12941235715119184,0.18776483376907546
21,0.20835496691771987,0.2601905236328986,0.03987006116980136,0.08998276895355029,0.08505809414283257,0.12941235715119184,0.0,0.19546488636586257
28,0.03341900198561565,0.11921601491231751,0.1787813104370912,0.10847148640888381,0.12024056189417186,0.18776483376907546,0.19546488636586257,0.0
