,4,17,20,22,23,28,29,30
4,0.0,0.13469248596466427,0.15490455484282867,0.034978644229578235,0.14461199230494784,0.19406222283338745,0.18489277410960983,0.11631078421120059
17,0.13469248596466427,0.0,0.15156243719583848,0.1688680484160329,0.1769793261063989,0.11389305725329103,0.23415514312270092,0.11355386404315898
20,0.15490455484282867,0.15156243719583848,0.0,0.1820800559567766,0.04122833042642042,0.09150294469533214,0.09345918740479449,0.04455707508643765
22,0.034978644229578235,0.1688680484160329,0.1820800559567766,0.0,0.16537734126404297,0.228358728507639,0.19639433835274317,0.14683033605894022
23,0.14461199230494784,0.1769793261063989,0.04122833042642042,0.16537734126404297,0.0,0.1323136987744978,0.057857043240435925,0.06269932169053868
28,0.19406222283338745,0.11389305725329103,0.09150294469533214,0.228358728507639,0.1323136987744978,0.0,0.1841082869802853,0.09116944186722166
29,0.18489277410960983,0.23415514312270092,0.09345918740479449,0.19639433835274317,0.057857043240435925,0.1841082869802853,0.0,0.120960747082542
30,0.11631078421120059,0.11355386404315898,0.04455707508643765,0.14683033605894022,0.06269932169053868,0.09116944186722166,0.120960747082542,0.0
