,9,11,14,15,107,108,111,126
9,0.0,0.6057529137235211,0.24857718767387782,0.19993348626491936,1.0971793743940683,0.8010385362650204,0.9451162088303328,0.845127163217058
11,0.6057529137235211,0.0,0.837062329657022,0.46467705698679274,0.9291114117129609,0.9761111044007792,1.004797845161441,0.8657875953036868
14,0.24857718767387782,0.837062329657022,0.0,0.40413464749196504,1.162434427463108,0.7827877675759711,0.926685755816807,0.9439513346465614
15,0.19993348626491936,0.46467705698679274,0.40413464749196504,0.0,0.889530913270584,0.7368429791223247,0.7897298338751885,0.7167349669696902
107,1.0971793743940683,0.9291114117129609,1.162434427463108,0.889530913270584,0.0,0.4934801705948685,0.4099928943112107,0.22832464850372436
108,0.8010385362650204,0.9761111044007792,0.7827877675759711,0.7368429791223247,0.4934801705948685,0.0,0.1349119012413217,0.28082533339045807
111,0.9451162088303328,1.004797845161441,0.926685755816807,0.7897298338751885,0.4099928943112107,0.1349119012413217,0.0,0.2181948860260574
126,0.845127163217058,0.8657875953036868,0.9439513346465614,0.7167349669696902,0.22832464850372436,0.28082533339045807,0.2181948860260574,0.0
