,2,3,11,13,17,24,26,31
2,0.0,0.031582186100573346,0.08017530080373368,0.0872984613208573,0.0894895992706651,0.1383436503791157,0.16160171649848432,0.05753928693406659
3,0.031582186100573346,0.0,0.10642916617902769,0.09829437699444726,0.09478872126765178,0.16943400135918715,0.19268296974371643,0.0718770203011147
11,0.08017530080373368,0.10642916617902769,0.0,0.1434245695579988,0.07407910325941697,0.10862720743158664,0.09219445023916806,0.04852933378834406
13,0.0872984613208573,0.09829437699444726,0.1434245695579988,0.0,0.17724165776619133,0.13336944428987418,0.19490815219964924,0.14137036335884728
17,0.0894895992706651,0.09478872126765178,0.07407910325941697,0.17724165776619133,0.0,0.18255744494259968,0.1638252913348136,0.037338565903387765
24,0.1383436503791157,0.16943400135918715,0.10862720743158664,0.13336944428987418,0.18255744494259968,0.0,0.07793390464014757,0.15012253546066945
26,0.16160171649848432,0.19268296974371643,0.09219445023916806,0.19490815219964924,0.1638252913348136,0.07793390464014757,0.0,0.14135442164084555
31,0.05753928693406659,0.0718770203011147,0.04852933378834406,0.14137036335884728,0.037338565903387765,0.15012253546066945,0.14135442164084555,0.0
