,0,16,18,26,104,105,116,124
0,0.0,0.46118508899764615,0.5113886611106212,0.33700795305062103,0.9183497728690473,0.967065905500896,0.7734203279841385,1.0017020866325748
16,0.46118508899764615,0.0,0.040540516568624146,0.19876909909625365,0.7298159762687562,0.8129343998052484,0.8064082002544256,0.796521027590551
18,0.5113886611106212,0.040540516568624146,0.0,0.2317541116604247,0.7001741985655499,0.8013616004962467,0.8083197149122447,0.7720936188093668
26,0.33700795305062103,0.19876909909625365,0.2317541116604247,0.0,0.9019405687241746,0.9692300137594477,0.9053641467703137,0.9566282354660376
104,0.9183497728690473,0.7298159762687562,0.7001741985655499,0.9019405687241746,0.0,0.03369269200948713,0.3195322994961695,0.06957801985879039
105,0.967065905500896,0.8129343998052484,0.8013616004962467,0.9692300137594477,0.03369269200948713,0.0,0.33555481030796763,0.06607911819067643
116,0.7734203279841385,0.8064082002544256,0.8083197149122447,0.9053641467703137,0.3195322994961695,0.33555481030796763,0.0,0.4028029806749393
124,1.0017020866325748,0.796521027590551,0.7720936188093668,0.9566282354660376,0.06957801985879039,0.06607911819067643,0.4028029806749393,0.0
