,8,13,21,23,109,120,122,124
8,0.0,0.3026787519378004,0.3953136453093056,0.22126728582467195,0.9098416535022156,0.8019723159389908,0.9921063458506277,0.9830105353901347
13,0.3026787519378004,0.0,0.09953618338192,0.09129396823210094,0.7828917280277851,0.7632661289143793,0.9984161892356386,0.9717157578723921
21,0.3953136453093056,0.09953618338192,0.0,0.18862322021136688,0.8120134594617766,0.8197877727525726,1.0630606573693426,1.0591003029545576
23,0.22126728582467195,0.09129396823210094,0.18862322021136688,0.0,0.7923707653132454,0.7515453920946628,0.9565420722118845,0.9556886739192549
109,0.9098416535022156,0.7828917280277851,0.8120134594617766,0.7923707653132454,0.0,0.16285484644727358,0.40644759968858185,0.4222958171602234
120,0.8019723159389908,0.7632661289143793,0.8197877727525726,0.7515453920946628,0.16285484644727358,0.0,0.2833432104677017,0.22621164039738442
122,0.9921063458506277,0.9984161892356386,1.0630606573693426,0.9565420722118845,0.40644759968858185,0.2833432104677017,0.0,0.03848767564717735
124,0.9830105353901347,0.9717157578723921,1.0591003029545576,0.9556886739192549,0.4222958171602234,0.22621164039738442,0.03848767564717735,0.0
