,6,7,14,17,20,21,23,26
6,0.0,0.1913242614733481,0.16970430582945392,0.08039061721011166,0.10528735880843444,0.20801461895838444,0.14262595245496307,0.20533125677481606
7,0.1913242614733481,0.0,0.03574773707142827,0.17611761148631994,0.13135587982221547,0.12262238492631776,0.10560513251688654,0.06263701665877827
14,0.16970430582945392,0.03574773707142827,0.0,0.16876299916283793,0.09569528718831344,0.0918221446805393,0.0677537023814073,0.09360982633257146
17,0.08039061721011166,0.17611761148631994,0.16876299916283793,0.0,0.15031005940533695,0.23943272060497875,0.17562777015721615,0.1642551908600135
20,0.10528735880843444,0.13135587982221547,0.09569528718831344,0.15031005940533695,0.0,0.10433643000823421,0.04095122579626893,0.1750863729208389
21,0.20801461895838444,0.12262238492631776,0.0918221446805393,0.23943272060497875,0.10433643000823421,0.0,0.06574439819129162,0.18452450669416126
23,0.14262595245496307,0.10560513251688654,0.0677537023814073,0.17562777015721615,0.04095122579626893,0.06574439819129162,0.0,0.15973166156847315
26,0.20533125677481606,0.06263701665877827,0.09360982633257146,0.1642551908600135,0.1750863729208389,0.18452450669416126,0.15973166156847315,0.0
