,8,9,23,31,102,112,117,126
8,0.0,0.14962761595799307,0.22762042586529824,0.23565780881201717,0.9156397778012786,0.9093823126938221,0.8287518532657384,0.8648194860288324
9,0.14962761595799307,0.0,0.09420427962867416,0.3807107386585676,0.8404225509822455,0.8861336281329154,0.7554852649444683,0.8429084329151576
23,0.22762042586529824,0.09420427962867416,0.0,0.41563039226897414,0.8055960712664142,0.7579808438805026,0.6648442942386744,0.7917670312622023
31,0.23565780881201717,0.3807107386585676,0.41563039226897414,0.0,0.9125078910582024,0.9496370886915897,0.8812311811155322,0.7890466974410028
102,0.9156397778012786,0.8404225509822455,0.8055960712664142,0.9125078910582024,0.0,0.09489291649275769,0.12838545633808254,0.20977011863757283
112,0.9093823126938221,0.8861336281329154,0.7579808438805026,0.9496370886915897,0.09489291649275769,0.0,0.10630538435205954,0.32221594813327925
117,0.8287518532657384,0.7554852649444683,0.6648442942386744,0.8812311811155322,0.12838545633808254,0.10630538435205954,0.0,0.3521141461320711
126,0.8648194860288324,0.8429084329151576,0.7917670312622023,0.7890466974410028,0.20977011863757283,0.32221594813327925,0.3521141461320711,0.0
