,103,107,110,111,113,115,116,121
103,0.0,0.06859074840845095,0.7034343803170962,0.36364288771644365,0.11280465495747645,0.6612834778059639,0.35013530428216866,0.34719644101690794
107,0.06859074840845095,0.0,0.7570743691463365,0.43449886047928005,0.1202320479231905,0.7408536701327388,0.4295622618428325,0.42061155871065553
110,0.7034343803170962,0.7570743691463365,0.0,0.37271971273814564,0.7100456593821233,0.031133637650241387,0.35630145229236704,0.381045708287922
111,0.36364288771644365,0.43449886047928005,0.37271971273814564,0.0,0.345818980368879,0.35431609966602323,0.13028727508028937,0.03241007320506461
113,0.11280465495747645,0.1202320479231905,0.7100456593821233,0.345818980368879,0.0,0.6889008689065296,0.3583240277714659,0.33160143904234013
115,0.6612834778059639,0.7408536701327388,0.031133637650241387,0.35431609966602323,0.6889008689065296,0.0,0.3306922334695755,0.3589964026031617
116,0.35013530428216866,0.4295622618428325,0.35630145229236704,0.13028727508028937,0.3583240277714659,0.3306922334695755,0.0,0.11097849272618396
121,0.34719644101690794,0.42061155871065553,0.381045708287922,0.03241007320506461,0.33160143904234013,0.3589964026031617,0.11097849272618396,0.0
