,6,8,9,11,17,19,20,29
6,0.0,0.08638289913253322,0.12388039326558535,0.11630831620936563,0.0817108228527847,0.1802165267237666,0.10622618484070516,0.20042294212049502
8,0.08638289913253322,0.0,0.1362220505768173,0.09987309565897586,0.024195615419886022,0.18625038637196653,0.1702476094946771,0.2584244123062244
9,0.12388039326558535,0.1362220505768173,0.0,0.04647455693364103,0.1149473087115333,0.05582924093731543,0.08970834665459666,0.1381737568118717
11,0.11630831620936563,0.09987309565897586,0.04647455693364103,0.0,0.07606561161604652,0.08630638035732584,0.12289152910960192,0.18438533996299813
17,0.0817108228527847,0.024195615419886022,0.1149473087115333,0.07606561161604652,0.0,0.16284222795930403,0.15506422078037257,0.2372353239245335
19,0.1802165267237666,0.18625038637196653,0.05582924093731543,0.08630638035732584,0.16284222795930403,0.0,0.12784423101464346,0.13799775470273995
20,0.10622618484070516,0.1702476094946771,0.08970834665459666,0.12289152910960192,0.15506422078037257,0.12784423101464346,0.0,0.0936126384833556
29,0.20042294212049502,0.2584244123062244,0.1381737568118717,0.18438533996299813,0.2372353239245335,0.13799775470273995,0.0936126384833556,0.0
