,4,5,6,8,19,22,30,31
4,0.0,0.19623206641587046,0.17855134855387403,0.15627483424374566,0.0515801338847091,0.03493881217543878,0.11599970254687625,0.11258648104200672
5,0.19623206641587046,0.0,0.04057777528383986,0.12667006322552776,0.187891879645498,0.22955963716737537,0.09127381497585581,0.10307127130211693
6,0.17855134855387403,0.04057777528383986,0.0,0.08507738206726324,0.17913630062707264,0.21212206829750038,0.08960396915368138,0.07040004661429611
8,0.15627483424374566,0.12667006322552776,0.08507738206726324,0.0,0.18315945152147226,0.19040677357685706,0.13378256325783225,0.05973792957351203
19,0.0515801338847091,0.187891879645498,0.17913630062707264,0.18315945152147226,0.0,0.0619598406617449,0.09791237742261105,0.12876741749917614
22,0.03493881217543878,0.22955963716737537,0.21212206829750038,0.19040677357685706,0.0619598406617449,0.0,0.14664369201398342,0.1488870607983669
30,0.11599970254687625,0.09127381497585581,0.08960396915368138,0.13378256325783225,0.09791237742261105,0.14664369201398342,0.0,0.07656217826263369
31,0.11258648104200672,0.10307127130211693,0.07040004661429611,0.05973792957351203,0.12876741749917614,0.1488870607983669,0.07656217826263369,0.0
