,2,18,21,24,98,99,107,116
2,0.0,0.12253301548847305,0.4975508421590571,0.32523785291122165,0.8542898754158454,0.8782557627717883,0.91750610203599,0.810979983922061
18,0.12253301548847305,0.0,0.6292285647922545,0.2135446040828274,0.7686817284367501,0.9319176773675217,0.8582153639448087,0.813705218435522
21,0.4975508421590571,0.6292285647922545,0.0,0.8453899774585057,1.1052934755951362,0.6277886934304762,1.1139307950836543,0.8319342043422584
24,0.32523785291122165,0.2135446040828274,0.8453899774585057,0.0,0.7710264544004947,1.1049347479373512,0.8896938061582602,0.9585490380346791
98,0.8542898754158454,0.7686817284367501,1.1052934755951362,0.7710264544004947,0.0,0.9548246154114114,0.12086299257350935,0.5600538801819248
99,0.8782557627717883,0.9319176773675217,0.6277886934304762,1.1049347479373512,0.9548246154114114,0.0,0.7854244205025511,0.3648937195799032
107,0.91750610203599,0.8582153639448087,1.1139307950836543,0.8896938061582602,0.12086299257350935,0.7854244205025511,0.0,0.36396507461556193
116,0.810979983922061,0.813705218435522,0.8319342043422584,0.9585490380346791,0.5600538801819248,0.3648937195799032,0.36396507461556193,0.0
