,4,5,9,20,112,117,125,126
4,0.0,0.8244024002022908,0.6430384099025204,0.3237875573359012,1.1246567678144939,1.0176779649265448,1.2034487496316504,0.9003392361713254
5,0.8244024002022908,0.0,0.1931734195937582,0.5125471573362326,0.7992893782732067,0.7023504561999239,0.8305348928109947,0.8877378838755693
9,0.6430384099025204,0.1931734195937582,0.0,0.35515089737769256,0.8841546500457961,0.7545796158183862,0.9490849759136947,0.8426815237012557
20,0.3237875573359012,0.5125471573362326,0.35515089737769256,0.0,0.8253232359554378,0.7436758912520434,0.9588708705968872,0.7155706416332497
112,1.1246567678144939,0.7992893782732067,0.8841546500457961,0.8253232359554378,0.0,0.10624979157130947,0.19004727792016785,0.322298811602945
117,1.0176779649265448,0.7023504561999239,0.7545796158183862,0.7436758912520434,0.10624979157130947,0.0,0.15656249461076016,0.35222892524322363
125,1.2034487496316504,0.8305348928109947,0.9490849759136947,0.9588708705968872,0.19004727792016785,0.15656249461076016,0.0,0.4548685029618328
126,0.9003392361713254,0.8877378838755693,0.8426815237012557,0.7155706416332497,0.322298811602945,0.35222892524322363,0.4548685029618328,0.0
