,12,14,20,22,99,102,113,116
12,0.0,0.11085385991845136,0.3706181555134214,0.5910305277397285,0.6737603658056648,0.8224872551214969,0.9766378987016716,0.8101622487110677
14,0.11085385991845136,0.0,0.5185247043018516,0.626056766651123,0.6533104704236739,0.8694486357130132,1.0782821568090029,0.8597534849559553
20,0.3706181555134214,0.5185247043018516,0.0,0.21483923363267746,0.880479074869663,0.8279185668415372,0.7682278618152827,0.7766019071416784
22,0.5910305277397285,0.626056766651123,0.21483923363267746,0.0,1.1411829337359336,1.000680916761972,0.9055041939430623,0.9471111587240781
99,0.6737603658056648,0.6533104704236739,0.880479074869663,1.1411829337359336,0.0,0.3551491192161253,0.754738264432794,0.3551323541304643
102,0.8224872551214969,0.8694486357130132,0.8279185668415372,1.000680916761972,0.3551491192161253,0.0,0.4096859034800082,0.04401903246680043
113,0.9766378987016716,1.0782821568090029,0.7682278618152827,0.9055041939430623,0.754738264432794,0.4096859034800082,0.0,0.3625635701054156
116,0.8101622487110677,0.8597534849559553,0.7766019071416784,0.9471111587240781,0.3551323541304643,0.04401903246680043,0.3625635701054156,0.0
