,102,103,104,110,117,119,123,126
102,0.0,0.39037396859255685,0.3711239987679017,0.3058508564987443,0.12645208261068724,0.21258844117910028,0.22558115332416045,0.22856042723093128
103,0.39037396859255685,0.0,0.027463550186047174,0.6915327436678566,0.513994557276602,0.17864954186944768,0.1835519939035321,0.16808529661464036
104,0.3711239987679017,0.027463550186047174,0.0,0.6766365886426496,0.4915643017376117,0.16542876471340667,0.17162720818025887,0.14950460907150148
110,0.3058508564987443,0.6915327436678566,0.6766365886426496,0.0,0.1865967160355295,0.5123196394737927,0.5337430065675798,0.5250206798619103
117,0.12645208261068724,0.513994557276602,0.4915643017376117,0.1865967160355295,0.0,0.33508212875631815,0.3478297321522688,0.3501277912742181
119,0.21258844117910028,0.17864954186944768,0.16542876471340667,0.5123196394737927,0.33508212875631815,0.0,0.07952415935485205,0.020060768420901817
123,0.22558115332416045,0.1835519939035321,0.17162720818025887,0.5337430065675798,0.3478297321522688,0.07952415935485205,0.0,0.10359946432940426
126,0.22856042723093128,0.16808529661464036,0.14950460907150148,0.5250206798619103,0.3501277912742181,0.020060768420901817,0.10359946432940426,0.0
