,4,14,18,31,98,111,121,127
4,0.0,0.8799600369187813,0.26527684344122526,0.2557436380649852,0.8419531347330997,1.0606835183243528,0.9672253553647899,1.138659302709146
14,0.8799600369187813,0.0,0.6199220629242675,0.6016971881836781,1.1711885940159261,0.9234278664996943,0.8494688372110192,0.8373818292866844
18,0.26527684344122526,0.6199220629242675,0.0,0.09388243908903925,0.7746297695580635,0.8499185456105989,0.763322976042227,0.9045291774751985
31,0.2557436380649852,0.6016971881836781,0.09388243908903925,0.0,0.8598594667702106,0.9362045903034947,0.8458308968539908,0.9780922469404211
98,0.8419531347330997,1.1711885940159261,0.7746297695580635,0.8598594667702106,0.0,0.6077804202220072,0.49364135463126185,0.8001873025495445
111,1.0606835183243528,0.9234278664996943,0.8499185456105989,0.9362045903034947,0.6077804202220072,0.0,0.039538960556079306,0.20655262527069246
121,0.9672253553647899,0.8494688372110192,0.763322976042227,0.8458308968539908,0.49364135463126185,0.039538960556079306,0.0,0.24439048147069037
127,1.138659302709146,0.8373818292866844,0.9045291774751985,0.9780922469404211,0.8001873025495445,0.20655262527069246,0.24439048147069037,0.0
