,10,18,25,26,96,98,99,106
10,0.0,0.39577795822782175,0.4648189422218332,0.23605039242619796,0.7115708878844232,0.9727536949491301,0.7086321162062097,0.8273837848932192
18,0.39577795822782175,0.0,0.13468018717400193,0.22585154661582435,0.7404106738916127,0.7695676521201709,0.929378246990652,0.7845949468954286
25,0.4648189422218332,0.13468018717400193,0.0,0.2593181129440073,0.8770698322459974,0.865512262114132,1.0647683312931697,0.9026610366782125
26,0.23605039242619796,0.22585154661582435,0.2593181129440073,0.0,0.8399620462067027,0.970988888636564,0.935498791982321,0.9116371739733428
96,0.7115708878844232,0.7404106738916127,0.8770698322459974,0.8399620462067027,0.0,0.4996478596581233,0.4233535830155455,0.1682109375253562
98,0.9727536949491301,0.7695676521201709,0.865512262114132,0.970988888636564,0.4996478596581233,0.0,0.9553884096113546,0.30086501965500817
99,0.7086321162062097,0.929378246990652,1.0647683312931697,0.935498791982321,0.4233535830155455,0.9553884096113546,0.0,0.5742864978118836
106,0.8273837848932192,0.7845949468954286,0.9026610366782125,0.9116371739733428,0.1682109375253562,0.30086501965500817,0.5742864978118836,0.0
