,0,4,7,8,12,16,25,27
0,0.0,0.1407163628542244,0.10006615598972746,0.19769546860395082,0.05970145109177227,0.10117948881020847,0.14794332993605763,0.08612534845338184
4,0.1407163628542244,0.0,0.06469291245902088,0.1564337866521382,0.1421852879085963,0.16276684801375846,0.028185427885640057,0.055733485904298
7,0.10006615598972746,0.06469291245902088,0.0,0.20043209307131138,0.12696467894916452,0.1620513561146882,0.05554625569984168,0.040198681994589716
8,0.19769546860395082,0.1564337866521382,0.20043209307131138,0.0,0.14820000059530147,0.12383686575350752,0.1861785298501901,0.1616559356862636
12,0.05970145109177227,0.1421852879085963,0.12696467894916452,0.14820000059530147,0.0,0.04152753282570899,0.15973586979494095,0.09463954718743056
16,0.10117948881020847,0.16276684801375846,0.1620513561146882,0.12383686575350752,0.04152753282570899,0.0,0.1869653078052147,0.12566261584182506
25,0.14794332993605763,0.028185427885640057,0.05554625569984168,0.1861785298501901,0.15973586979494095,0.1869653078052147,0.0,0.06546480936852646
27,0.08612534845338184,0.055733485904298,0.040198681994589716,0.1616559356862636,0.09463954718743056,0.12566261584182506,0.06546480936852646,0.0
