,96,97,98,101,106,121,124,125
96,0.0,0.21125962052409375,0.5141213465957792,0.25097266716638705,0.18164749975850958,0.09943428601565797,0.40362186815990586,0.35473403527419517
97,0.21125962052409375,0.0,0.6889227961987902,0.0994415643252449,0.3711373820412452,0.17936284640504346,0.5747822614533509,0.15950562769459065
98,0.5141213465957792,0.6889227961987902,0.0,0.7650719478107101,0.34144183807184253,0.5410565229991651,0.13725723379706012,0.8667312802162089
101,0.25097266716638705,0.0994415643252449,0.7650719478107101,0.0,0.4256763732359547,0.25347691169543846,0.6416016031359416,0.11650575527285155
106,0.18164749975850958,0.3711373820412452,0.34144183807184253,0.4256763732359547,0.0,0.212262102894805,0.22329753178211909,0.5253779873533666
121,0.09943428601565797,0.17936284640504346,0.5410565229991651,0.25347691169543846,0.212262102894805,0.0,0.4059485082045937,0.3372752192562308
124,0.40362186815990586,0.5747822614533509,0.13725723379706012,0.6416016031359416,0.22329753178211909,0.4059485082045937,0.0,0.7394394163857886
125,0.35473403527419517,0.15950562769459065,0.8667312802162089,0.11650575527285155,0.5253779873533666,0.3372752192562308,0.7394394163857886,0.0
