,102,106,107,108,111,115,121,123
102,0.0,0.25212208859181495,0.4653394294040576,0.06719062577740757,0.08223447772437986,0.29385646250199754,0.08394818519494925,0.23508600455947934
106,0.25212208859181495,0.0,0.21596278896876875,0.3157043907404011,0.23938092138174555,0.5454752655659122,0.21408195296900367,0.09249718314607173
107,0.4653394294040576,0.21596278896876875,0.0,0.5222252680653129,0.4317381202861253,0.7398331242307625,0.4165682587978194,0.2474449303280082
108,0.06719062577740757,0.3157043907404011,0.5222252680653129,0.0,0.13459239424291253,0.23667616836280686,0.13832844573059974,0.2943505962328646
111,0.08223447772437986,0.23938092138174555,0.4317381202861253,0.13459239424291253,0.0,0.35249010938466174,0.03322517007392206,0.18893823696093484
115,0.29385646250199754,0.5454752655659122,0.7398331242307625,0.23667616836280686,0.35249010938466174,0.0,0.35973212892921835,0.517975138540286
121,0.08394818519494925,0.21408195296900367,0.4165682587978194,0.13832844573059974,0.03322517007392206,0.35973212892921835,0.0,0.16937008640899126
123,0.23508600455947934,0.09249718314607173,0.2474449303280082,0.2943505962328646,0.18893823696093484,0.517975138540286,0.16937008640899126,0.0
