,2,5,10,14,18,21,22,29
2,0.0,0.06415163267778007,0.13429919299025778,0.11676347841096013,0.0740100247286538,0.16035583958550456,0.16762099289613938,0.15225644594111915
5,0.06415163267778007,0.0,0.17590288114758051,0.1668807015606861,0.11880427687318411,0.1893397560192302,0.23366635880214984,0.18074491270025714
10,0.13429919299025778,0.17590288114758051,0.0,0.05263037667987274,0.060560700884668896,0.040388106433986805,0.15168847529960205,0.04658282753856419
14,0.11676347841096013,0.1668807015606861,0.05263037667987274,0.0,0.06408646346772673,0.09123869887629288,0.09971924846031288,0.0982750682816803
18,0.0740100247286538,0.11880427687318411,0.060560700884668896,0.06408646346772673,0.0,0.08706972891795829,0.15116548767796292,0.07879626040842909
21,0.16035583958550456,0.1893397560192302,0.040388106433986805,0.09123869887629288,0.08706972891795829,0.0,0.19157062831781663,0.016535427160228447
22,0.16762099289613938,0.23366635880214984,0.15168847529960205,0.09971924846031288,0.15116548767796292,0.19157062831781663,0.0,0.19427327350514376
29,0.15225644594111915,0.18074491270025714,0.04658282753856419,0.0982750682816803,0.07879626040842909,0.016535427160228447,0.19427327350514376,0.0
