,17,20,22,30,100,112,119,126
17,0.0,0.45475459144568137,0.5855917827999216,0.3600948051061555,0.936854268851415,0.8876433328418556,0.9959734007665693,0.9326924788851289
20,0.45475459144568137,0.0,0.2128937334003245,0.09710924312228895,0.9703731300407571,0.8183942451373938,0.7783640919931526,0.6870032343491183
22,0.5855917827999216,0.2128937334003245,0.0,0.26032691065853975,1.1633710729717646,1.0177570437189325,0.9500268505032595,0.8663909513369442
30,0.3600948051061555,0.09710924312228895,0.26032691065853975,0.0,0.9436697759067725,0.8322593859795478,0.8256743894819127,0.7452014889486598
100,0.936854268851415,0.9703731300407571,1.1633710729717646,0.9436697759067725,0.0,0.21430841448771187,0.4856611098774205,0.5423828579888558
112,0.8876433328418556,0.8183942451373938,1.0177570437189325,0.8322593859795478,0.21430841448771187,0.0,0.2671694279838766,0.3219281085017716
119,0.9959734007665693,0.7783640919931526,0.9500268505032595,0.8256743894819127,0.4856611098774205,0.2671694279838766,0.0,0.022263462921741143
126,0.9326924788851289,0.6870032343491183,0.8663909513369442,0.7452014889486598,0.5423828579888558,0.3219281085017716,0.022263462921741143,0.0
