,97,98,99,105,107,116,124,126
97,0.0,0.6904940130099512,0.23896864005058902,0.5134526084306386,0.5721197882909285,0.17907905779442665,0.575001359675145,0.34944282406477084
98,0.6904940130099512,0.0,0.9286725094149048,0.20275894729361552,0.14207972981248537,0.5376456175674584,0.13635836338834248,0.36203329150147073
99,0.23896864005058902,0.9286725094149048,0.0,0.7546160251329922,0.8059732151140668,0.4036194142780816,0.817851417382612,0.5780616689650099
105,0.5134526084306386,0.20275894729361552,0.7546160251329922,0.0,0.08092012540203251,0.3473646454221581,0.09810443093522826,0.16451103610828485
107,0.5721197882909285,0.14207972981248537,0.8059732151140668,0.08092012540203251,0.0,0.42051241695470654,0.026026862816060634,0.23887180291838225
116,0.17907905779442665,0.5376456175674584,0.4036194142780816,0.3473646454221581,0.42051241695470654,0.0,0.4264675304638374,0.18527345979358115
124,0.575001359675145,0.13635836338834248,0.817851417382612,0.09810443093522826,0.026026862816060634,0.4264675304638374,0.0,0.2477962320031095
126,0.34944282406477084,0.36203329150147073,0.5780616689650099,0.16451103610828485,0.23887180291838225,0.18527345979358115,0.2477962320031095,0.0
