,4,9,14,19,104,112,116,119
4,0.0,0.5968382687398005,0.7867551142903461,0.1361876933261839,0.8541292390417823,1.0963453567843584,1.0346121506050874,0.9693725298901316
9,0.5968382687398005,0.0,0.23791985303125995,0.47012711701195325,0.9179796002578231,0.8666580793728426,0.7949657982721514,0.916143588156713
14,0.7867551142903461,0.23791985303125995,0.0,0.6777008036323067,1.026251905482107,0.8411241719641891,0.8981552528550272,0.9918278160043031
19,0.1361876933261839,0.47012711701195325,0.6777008036323067,0.0,0.8018577086216967,0.9524837119578285,0.9156900030958224,0.8919768563241868
104,0.8541292390417823,0.9179796002578231,1.026251905482107,0.8018577086216967,0.0,0.47420053229784576,0.3276954260862943,0.14706987464456087
112,1.0963453567843584,0.8666580793728426,0.8411241719641891,0.9524837119578285,0.47420053229784576,0.0,0.12895015387899772,0.2711390613038299
116,1.0346121506050874,0.7949657982721514,0.8981552528550272,0.9156900030958224,0.3276954260862943,0.12895015387899772,0.0,0.1610976030873538
119,0.9693725298901316,0.916143588156713,0.9918278160043031,0.8919768563241868,0.14706987464456087,0.2711390613038299,0.1610976030873538,0.0
