,7,14,17,26,105,117,118,120
7,0.0,0.5427693539824965,0.36284046271981574,0.09047004971732325,0.9045574895812106,0.7952940807613506,0.9882880289345095,0.7493033190793057
14,0.5427693539824965,0.0,0.1505259871880496,0.448863245421713,1.0937993002250495,0.7469913048087398,0.8013440709793885,0.8938291651483032
17,0.36284046271981574,0.1505259871880496,0.0,0.2879169487433379,1.0886677909733546,0.801512933903109,0.9494315154930743,0.8947603347520943
26,0.09047004971732325,0.448863245421713,0.2879169487433379,0.0,0.976470072926962,0.8335776557882831,1.0195021989360047,0.8294042551843334
105,0.9045574895812106,1.0937993002250495,1.0886677909733546,0.976470072926962,0.0,0.4641690411785136,0.6969400725919451,0.16007618862518525
117,0.7952940807613506,0.7469913048087398,0.801512933903109,0.8335776557882831,0.4641690411785136,0.0,0.2274977297417018,0.3313304927778717
118,0.9882880289345095,0.8013440709793885,0.9494315154930743,1.0195021989360047,0.6969400725919451,0.2274977297417018,0.0,0.5628286175302559
120,0.7493033190793057,0.8938291651483032,0.8947603347520943,0.8294042551843334,0.16007618862518525,0.3313304927778717,0.5628286175302559,0.0
