,1,7,23,28,102,103,114,116
1,0.0,0.43821467614571835,0.7260711823835602,0.2886035615204062,1.0765913667969178,0.9596859350753896,0.9750398286293047,1.04116254459763
7,0.43821467614571835,0.0,0.29654310217068125,0.17998613484979717,0.8700619071279965,0.9322244493526074,0.8311647819587532,0.8419283816823578
23,0.7260711823835602,0.29654310217068125,0.0,0.4520090497869673,0.7604830572539537,0.9605020645067281,0.7988158205766535,0.7655177900671043
28,0.2886035615204062,0.17998613484979717,0.4520090497869673,0.0,0.8646079748368938,0.8282545700996178,0.7800916121295514,0.814845805678499
102,1.0765913667969178,0.8700619071279965,0.7604830572539537,0.8646079748368938,0.0,0.3712099255673552,0.19059844326501502,0.04997755623550658
103,0.9596859350753896,0.9322244493526074,0.9605020645067281,0.8282545700996178,0.3712099255673552,0.0,0.2134075139374342,0.34238912904913094
114,0.9750398286293047,0.8311647819587532,0.7988158205766535,0.7800916121295514,0.19059844326501502,0.2134075139374342,0.0,0.16101485368136578
116,1.04116254459763,0.8419283816823578,0.7655177900671043,0.814845805678499,0.04997755623550658,0.34238912904913094,0.16101485368136578,0.0
