,104,105,106,107,108,115,116,124
104,0.0,0.039397012348733176,0.13411204190887346,0.08874412730859185,0.4401979476517881,0.6738563934083919,0.3379400018649031,0.09837057092897981
105,0.039397012348733176,0.0,0.14375212156533068,0.08278724261425617,0.4564697460560289,0.6624063942412436,0.34885774434754113,0.10215567630045717
106,0.13411204190887346,0.14375212156533068,0.0,0.21690824385850893,0.3173852583567243,0.5479551141065219,0.20839953078135628,0.226093935165579
107,0.08874412730859185,0.08278724261425617,0.21690824385850893,0.0,0.5233170061507001,0.739938679103671,0.4276943819587514,0.026181197325928572
108,0.4401979476517881,0.4564697460560289,0.3173852583567243,0.5233170061507001,0.0,0.23772244857774705,0.11487618585386185,0.5273740906532796
115,0.6738563934083919,0.6624063942412436,0.5479551141065219,0.739938679103671,0.23772244857774705,0.0,0.33071356123544626,0.7504389721794409
116,0.3379400018649031,0.34885774434754113,0.20839953078135628,0.4276943819587514,0.11487618585386185,0.33071356123544626,0.0,0.42899602093483413
124,0.09837057092897981,0.10215567630045717,0.226093935165579,0.026181197325928572,0.5273740906532796,0.7504389721794409,0.42899602093483413,0.0
