,2,3,4,8,19,24,26,31
2,0.0,0.03154937331753747,0.13341870810615508,0.10692300875484341,0.12618783592793384,0.13814648254211895,0.16130697020358084,0.057455089968762696
3,0.03154937331753747,0.0,0.1632015379155503,0.10512472018609151,0.15778019712042565,0.1694502414154028,0.19254921826760749,0.07185246743681052
4,0.13341870810615508,0.1632015379155503,0.0,0.15519361495105918,0.051179759073266384,0.07965117917625256,0.02923290815409685,0.11045156638792068
8,0.10692300875484341,0.10512472018609151,0.15519361495105918,0.0,0.1809249584548303,0.2061454427617786,0.18561576015206102,0.05942379684568328
19,0.12618783592793384,0.15778019712042565,0.051179759073266384,0.1809249584548303,0.0,0.02887505645696611,0.05583186321237149,0.1289301717542726
24,0.13814648254211895,0.1694502414154028,0.07965117917625256,0.2061454427617786,0.02887505645696611,0.0,0.07783845735730108,0.15010020291295717
26,0.16130697020358084,0.19254921826760749,0.02923290815409685,0.18561576015206102,0.05583186321237149,0.07783845735730108,0.0,0.14117005985016892
31,0.057455089968762696,0.07185246743681052,0.11045156638792068,0.05942379684568328,0.1289301717542726,0.15010020291295717,0.14117005985016892,0.0
