,96,97,100,109,113,117,119,124
96,0.0,0.26752768344951555,0.5723453767468298,0.13889719881201149,0.170386240826692,0.490760541371502,0.779398300163074,0.7130126472249411
97,0.26752768344951555,0.0,0.3123892737568448,0.3996773478616845,0.1270093967027968,0.2282519596791808,0.517185805471551,0.4519554656458592
100,0.5723453767468298,0.3123892737568448,0.0,0.6966432847780072,0.4301629650424638,0.08809723454342731,0.212298770999021,0.14801440333014204
109,0.13889719881201149,0.3996773478616845,0.6966432847780072,0.0,0.29664061540996667,0.6199196611636875,0.9090114473034022,0.8378278854393411
113,0.170386240826692,0.1270093967027968,0.4301629650424638,0.29664061540996667,0.0,0.34679668763389615,0.634323462516245,0.5708835665430512
117,0.490760541371502,0.2282519596791808,0.08809723454342731,0.6199196611636875,0.34679668763389615,0.0,0.2916177273839024,0.2260714040005019
119,0.779398300163074,0.517185805471551,0.212298770999021,0.9090114473034022,0.634323462516245,0.2916177273839024,0.0,0.06669734692093959
124,0.7130126472249411,0.4519554656458592,0.14801440333014204,0.8378278854393411,0.5708835665430512,0.2260714040005019,0.06669734692093959,0.0
