,2,6,8,15,16,18,19,21
2,0.0,0.06726919924123083,0.08970772640078119,0.1298751643220698,0.07396215069876735,0.17538400876207422,0.1613445678451699,0.17251188070695933
6,0.06726919924123083,0.0,0.1269954680226562,0.06692880200886712,0.05608757240399648,0.1353757675470819,0.17166862332086308,0.11462834012157953
8,0.08970772640078119,0.1269954680226562,0.0,0.16742029425024538,0.08423038688547935,0.15549142570186975,0.0827774334011086,0.1899906025593743
15,0.1298751643220698,0.06692880200886712,0.16742029425024538,0.0,0.08415210313878613,0.09942165099751368,0.1831969230266691,0.050795254944857295
16,0.07396215069876735,0.05608757240399648,0.08423038688547935,0.08415210313878613,0.0,0.10072401212443301,0.11596931205234057,0.11227449183189488
18,0.17538400876207422,0.1353757675470819,0.15549142570186975,0.09942165099751368,0.10072401212443301,0.0,0.12267130559811533,0.07170700169684387
19,0.1613445678451699,0.17166862332086308,0.0827774334011086,0.1831969230266691,0.11596931205234057,0.12267130559811533,0.0,0.1832311912693653
21,0.17251188070695933,0.11462834012157953,0.1899906025593743,0.050795254944857295,0.11227449183189488,0.07170700169684387,0.1832311912693653,0.0
