,98,106,114,116,117,119,125,126
98,0.0,0.0907973572311628,0.18707959101475846,0.04599000633919902,0.3075194012766028,0.07511244969542401,0.9305965703455755,0.6360231159409538
106,0.0907973572311628,0.0,0.12705646271673157,0.11705832658389427,0.22867271048993817,0.097218932812799,0.8452830080202097,0.5540223534536629
114,0.18707959101475846,0.12705646271673157,0.0,0.22130841156986425,0.12296318757370808,0.20141027741341178,0.7395481770371443,0.43506157698431197
116,0.04599000633919902,0.11705832658389427,0.22130841156986425,0.0,0.33992653937034856,0.08740932231322521,0.9713200215853582,0.6574672410683939
117,0.3075194012766028,0.22867271048993817,0.12296318757370808,0.33992653937034856,0.0,0.3035996305949523,0.6501373985205089,0.3334850749389332
119,0.07511244969542401,0.097218932812799,0.20141027741341178,0.08740932231322521,0.3035996305949523,0.0,0.9401675054628623,0.6275088794839576
125,0.9305965703455755,0.8452830080202097,0.7395481770371443,0.9713200215853582,0.6501373985205089,0.9401675054628623,0.0,0.3175026829198531
126,0.6360231159409538,0.5540223534536629,0.43506157698431197,0.6574672410683939,0.3334850749389332,0.6275088794839576,0.3175026829198531,0.0
