,1,10,28,29,109,114,115,127
1,0.0,0.39335626697843595,0.19826760943216754,0.2613974923815876,0.9857500571141343,0.8781938371258463,0.9920371317468221,0.963194509578204
10,0.39335626697843595,0.0,0.29723327794083404,0.215123189144233,1.1763136853153238,0.7867309172247484,0.8512947490163472,0.9570243748148171
28,0.19826760943216754,0.29723327794083404,0.0,0.09073663388349068,0.9091959804635522,0.6888043396331395,0.807371205816763,0.8005395590548935
29,0.2613974923815876,0.215123189144233,0.09073663388349068,0.0,0.9855207105219083,0.6731389271854309,0.7689801237433608,0.8034336520238379
109,0.9857500571141343,1.1763136853153238,0.9091959804635522,0.9855207105219083,0.0,0.7200667660015782,0.8459441123236324,0.5514408905786338
114,0.8781938371258463,0.7867309172247484,0.6888043396331395,0.6731389271854309,0.7200667660015782,0.0,0.14108589055306922,0.20471232596989178
115,0.9920371317468221,0.8512947490163472,0.807371205816763,0.7689801237433608,0.8459441123236324,0.14108589055306922,0.0,0.3311456557482487
127,0.963194509578204,0.9570243748148171,0.8005395590548935,0.8034336520238379,0.5514408905786338,0.20471232596989178,0.3311456557482487,0.0
