,5,9,26,31,106,114,119,125
5,0.0,0.13269795018157413,0.11749151843372807,0.7785262099123352,0.8889682291439116,0.7862580632625353,0.7683796246939907,1.312716821124873
9,0.13269795018157413,0.0,0.07672442583094015,0.6344243061333226,0.8745715037327059,0.7890291551296625,0.7792357103545049,1.2301525800782982
26,0.11749151843372807,0.07672442583094015,0.0,0.7192201653829612,0.7988282715080258,0.7357852847153452,0.7124545581558047,1.1784045457386687
31,0.7785262099123352,0.6344243061333226,0.7192201653829612,0.0,1.157282475593546,1.0067870421888514,1.1452636122361348,0.9806024584962956
106,0.8889682291439116,0.8745715037327059,0.7988282715080258,1.157282475593546,0.0,0.11564830709941352,0.08513234924967401,0.9012825867166249
114,0.7862580632625353,0.7890291551296625,0.7357852847153452,1.0067870421888514,0.11564830709941352,0.0,0.20125705603671395,0.7775083129946979
119,0.7683796246939907,0.7792357103545049,0.7124545581558047,1.1452636122361348,0.08513234924967401,0.20125705603671395,0.0,0.9205983424474548
125,1.312716821124873,1.2301525800782982,1.1784045457386687,0.9806024584962956,0.9012825867166249,0.7775083129946979,0.9205983424474548,0.0
