,4,8,13,15,16,19,21,30
4,0.0,0.13059839929173567,0.11164322903455753,0.04616987404142239,0.04990046239083424,0.16291245741088464,0.09123656710710477,0.07044129865222948
8,0.13059839929173567,0.0,0.08667270679543175,0.16737940519089584,0.08417907270255583,0.08275264910053473,0.18997594945131221,0.17465533563512958
13,0.11164322903455753,0.08667270679543175,0.0,0.12655954744677017,0.06972531725780136,0.05753127592573224,0.1267251306969424,0.11768504559044057
15,0.04616987404142239,0.16737940519089584,0.12655954744677017,0.0,0.08408750365495629,0.18312971560792532,0.0507817171738521,0.03195568590586476
16,0.04990046239083424,0.08417907270255583,0.06972531725780136,0.08408750365495629,0.0,0.11592615962143613,0.1122036316783019,0.09416462352863214
19,0.16291245741088464,0.08275264910053473,0.05753127592573224,0.18312971560792532,0.11592615962143613,0.0,0.18317779325858516,0.17504043984645518
21,0.09123656710710477,0.18997594945131221,0.1267251306969424,0.0507817171738521,0.1122036316783019,0.18317779325858516,0.0,0.02019363430941544
30,0.07044129865222948,0.17465533563512958,0.11768504559044057,0.03195568590586476,0.09416462352863214,0.17504043984645518,0.02019363430941544,0.0
