,4,7,9,16,101,107,111,119
4,0.0,0.07967852993323918,0.25245604356750334,0.2671065016180236,0.8639088293771388,1.0516668892549996,0.9435077981567108,0.894104859595186
7,0.07967852993323918,0.0,0.19946008609766136,0.21671005931363557,1.0046483692966124,1.068152590075249,1.0689362025286329,0.8810545819152134
9,0.25245604356750334,0.19946008609766136,0.0,0.023132225127996838,0.9984106547984443,1.208190744533625,1.0532400559528217,0.7799146178150025
16,0.2671065016180236,0.21671005931363557,0.023132225127996838,0.0,1.0746259081163376,1.110827420676777,1.1476898575249848,0.776358973761153
101,0.8639088293771388,1.0046483692966124,0.9984106547984443,1.0746259081163376,0.0,0.1419181221178759,0.15416241454980362,0.6447253485312386
107,1.0516668892549996,1.068152590075249,1.208190744533625,1.110827420676777,0.1419181221178759,0.0,0.1372092023806206,0.8885111779863559
111,0.9435077981567108,1.0689362025286329,1.0532400559528217,1.1476898575249848,0.15416241454980362,0.1372092023806206,0.0,0.8694420930615238
119,0.894104859595186,0.8810545819152134,0.7799146178150025,0.776358973761153,0.6447253485312386,0.8885111779863559,0.8694420930615238,0.0
