,4,7,21,24,105,114,115,127
4,0.0,0.0792626006474688,0.4515406124575511,0.406100006034751,0.9576539097571265,0.8121545570597407,0.894074110176884,0.9446554020131152
7,0.0792626006474688,0.0,0.5300021453241319,0.4928580806830505,0.9887889204646433,0.8416648751859713,0.8975502790495578,0.9899475814232203
21,0.4515406124575511,0.5300021453241319,0.0,0.12443292937534083,1.0080637062083404,0.9963548025455545,1.0875369626324474,1.0355643985136151
24,0.406100006034751,0.4928580806830505,0.12443292937534083,0.0,0.8728547740704319,0.8869829206195892,1.045986666070674,0.9310428331896468
105,0.9576539097571265,0.9887889204646433,1.0080637062083404,0.8728547740704319,0.0,0.285707523549403,0.41637088698642416,0.16159726647739245
114,0.8121545570597407,0.8416648751859713,0.9963548025455545,0.8869829206195892,0.285707523549403,0.0,0.14286621060617727,0.20701679697539999
115,0.894074110176884,0.8975502790495578,1.0875369626324474,1.045986666070674,0.41637088698642416,0.14286621060617727,0.0,0.3346690337499267
127,0.9446554020131152,0.9899475814232203,1.0355643985136151,0.9310428331896468,0.16159726647739245,0.20701679697539999,0.3346690337499267,0.0
