,1,2,3,11,16,17,18,27
1,0.0,0.017270772412032523,0.13266615814556615,0.10157818230912569,0.08793271685263483,0.1242402424249902,0.18778981520745233,0.13716748300840573
2,0.017270772412032523,0.0,0.12202710964593715,0.09282007274481792,0.07134732908691839,0.11361923792318876,0.1712889771415387,0.12193462728339582
3,0.13266615814556615,0.12202710964593715,0.0,0.03139751062879051,0.07374637961457939,0.1911575875376298,0.09281500510632326,0.17787697619008586
11,0.10157818230912569,0.09282007274481792,0.03139751062879051,0.0,0.05237022290986685,0.17146685974159623,0.10822571782402517,0.1603905960682092
16,0.08793271685263483,0.07134732908691839,0.07374637961457939,0.05237022290986685,0.0,0.11795780730247729,0.10193964978883528,0.10649731903505293
17,0.1242402424249902,0.11361923792318876,0.1911575875376298,0.17146685974159623,0.11795780730247729,0.0,0.18484882970581026,0.03402409655750097
18,0.18778981520745233,0.1712889771415387,0.09281500510632326,0.10822571782402517,0.10193964978883528,0.18484882970581026,0.0,0.1579590578776881
27,0.13716748300840573,0.12193462728339582,0.17787697619008586,0.1603905960682092,0.10649731903505293,0.03402409655750097,0.1579590578776881,0.0
