,3,9,16,21,23,27,28,31
3,0.0,0.16434356294400043,0.22819460872410394,0.2042461385377294,0.2674112081213069,0.07994083220394088,0.17141494887705008,0.21943291235639703
9,0.16434356294400043,0.0,0.07064647315973481,0.04459884396349468,0.13018800480452083,0.13770133732897097,0.07303996138372934,0.09089744673399752
16,0.22819460872410394,0.07064647315973481,0.0,0.0831350048034454,0.09428177620139828,0.14328394287955293,0.06614579329674716,0.17311297160149483
21,0.2042461385377294,0.04459884396349468,0.0831350048034454,0.0,0.18336837207166481,0.10529579357367351,0.07153204697695716,0.06684004386367058
23,0.2674112081213069,0.13018800480452083,0.09428177620139828,0.18336837207166481,0.0,0.18822073006179377,0.17925349088832807,0.33772949468992114
27,0.07994083220394088,0.13770133732897097,0.14328394287955293,0.10529579357367351,0.18822073006179377,0.0,0.10502496394770643,0.17334900956107102
28,0.17141494887705008,0.07303996138372934,0.06614579329674716,0.07153204697695716,0.17925349088832807,0.10502496394770643,0.0,0.15925849705385076
31,0.21943291235639703,0.09089744673399752,0.17311297160149483,0.06684004386367058,0.33772949468992114,0.17334900956107102,0.15925849705385076,0.0
