,2,5,8,19,99,105,110,127
2,0.0,0.2833957050098316,0.0761634608713471,0.2748518703438863,0.9999341345329306,0.27205367294432214,2.34674833234171,0.9998665374598742
5,0.2833957050098316,0.0,0.229241485966903,0.06617794115316185,1.710427404219507,0.33582084402395457,1.1871012095612563,1.310559334921027
8,0.0761634608713471,0.229241485966903,0.0,0.20700542058004065,2.0801256744603895,1.370291691742059,0.9782280817400815,1.683781217997777
19,0.2748518703438863,0.06617794115316185,0.20700542058004065,0.0,0.9999552728257461,0.5018181987306084,0.5876209784637362,0.9999781735276926
99,0.9999341345329306,1.710427404219507,2.0801256744603895,0.9999552728257461,0.0,0.29973350321921766,0.08478397360238708,0.2363837699734782
105,0.27205367294432214,0.33582084402395457,1.370291691742059,0.5018181987306084,0.29973350321921766,0.0,0.1816403540561628,0.44834830604914216
110,2.34674833234171,1.1871012095612563,0.9782280817400815,0.5876209784637362,0.08478397360238708,0.1816403540561628,0.0,0.317543146366863
127,0.9998665374598742,1.310559334921027,1.683781217997777,0.9999781735276926,0.2363837699734782,0.44834830604914216,0.317543146366863,0.0
