,4,10,18,30,102,108,125,126
4,0.0,0.250124156539907,0.18748393207656758,0.39410748538877016,0.9999744621969017,0.999988012822538,1.1585957604183712,2.436223965561721
10,0.250124156539907,0.0,0.15405345557534916,0.14522576161738834,1.4907200663631894,0.6710892615664574,0.5615433174088602,0.4523300140476349
18,0.18748393207656758,0.15405345557534916,0.0,0.1391901339219599,0.999784655004754,1.0000080874478567,0.99985696929785,1.000173460338746
30,0.39410748538877016,0.14522576161738834,0.1391901339219599,0.0,0.999350746888652,0.9999006805513495,1.4910700582912908,0.9211111262808087
102,0.9999744621969017,1.4907200663631894,0.999784655004754,0.999350746888652,0.0,0.11402597319960511,0.09541811557321046,0.9442340326570094
108,0.999988012822538,0.6710892615664574,1.0000080874478567,0.9999006805513495,0.11402597319960511,0.0,0.21628187344449834,1.1473553244920385
125,1.1585957604183712,0.5615433174088602,0.99985696929785,1.4910700582912908,0.09541811557321046,0.21628187344449834,0.0,0.6023878935757886
126,2.436223965561721,0.4523300140476349,1.000173460338746,0.9211111262808087,0.9442340326570094,1.1473553244920385,0.6023878935757886,0.0
