,96,97,103,105,106,109,125,126
96,0.0,0.042437867158483716,0.2752592430106623,0.9991848401836468,0.18964066393585607,0.1427474518803743,0.21412860963154745,0.6504233678130116
97,0.042437867158483716,0.0,0.19908212093615826,0.9943259124333109,0.1440743759053474,0.14663862252741255,0.14317014471462627,1.0001657390055734
103,0.2752592430106623,0.19908212093615826,0.0,0.9735155398213203,0.13320943865908733,0.33519934759832243,0.1003419717596442,0.8703063044987903
105,0.9991848401836468,0.9943259124333109,0.9735155398213203,0.0,0.9983376983115092,1.0000653546049108,0.832361680920366,0.10165551598995339
106,0.18964066393585607,0.1440743759053474,0.13320943865908733,0.9983376983115092,0.0,0.18069669812638314,0.14925274231500754,0.9927388161259705
109,0.1427474518803743,0.14663862252741255,0.33519934759832243,1.0000653546049108,0.18069669812638314,0.0,0.30247091815524785,1.171502005312462
125,0.21412860963154745,0.14317014471462627,0.1003419717596442,0.832361680920366,0.14925274231500754,0.30247091815524785,0.0,0.60238782176556
126,0.6504233678130116,1.0001657390055734,0.8703063044987903,0.10165551598995339,0.9927388161259705,1.171502005312462,0.60238782176556,0.0
