,3,5,7,9,10,14,25,30
3,0.0,0.21912843027199386,0.06514697676415143,0.16434354335272222,0.08476024559983364,0.19015868451216886,0.24251507090776248,0.11493552491875453
5,0.21912843027199386,0.0,0.17623587320493841,0.17392274418501352,0.30155979001943894,0.10767093471832916,0.31710071340412394,0.11257875060726838
7,0.06514697676415143,0.17623587320493841,0.0,0.12481598631294184,0.08289972696765571,0.09269414984781123,0.19260791971093308,0.08228378255468771
9,0.16434354335272222,0.17392274418501352,0.12481598631294184,0.0,0.16826833701728622,0.09003714870970093,0.13948095990944803,0.1614739860679129
10,0.08476024559983364,0.30155979001943894,0.08289972696765571,0.16826833701728622,0.0,0.1381092361698996,0.23022097562161745,0.14522558849489287
14,0.19015868451216886,0.10767093471832916,0.09269414984781123,0.09003714870970093,0.1381092361698996,0.0,0.20843250026235013,0.08881355350700229
25,0.24251507090776248,0.31710071340412394,0.19260791971093308,0.13948095990944803,0.23022097562161745,0.20843250026235013,0.0,0.23381139011157745
30,0.11493552491875453,0.11257875060726838,0.08228378255468771,0.1614739860679129,0.14522558849489287,0.08881355350700229,0.23381139011157745,0.0
