,5,9,15,20,107,108,110,117
5,0.0,0.1739228271178604,0.04211580587069696,0.13163389883184312,0.4123161741952395,0.9998361562390391,1.187101298007192,0.999977786242454
9,0.1739228271178604,0.0,0.19002686650007328,0.17843829726307453,1.6780942425484593,0.7902019968652831,1.0000354374373033,1.4930862986041205
15,0.04211580587069696,0.19002686650007328,0.0,0.09116168227095992,0.376723428268755,0.9788603769304797,0.3482383561942192,0.999966975242929
20,0.13163389883184312,0.17843829726307453,0.09116168227095992,0.0,1.6472826151494546,0.4301460175275303,0.5267791932500122,0.6571633488138985
107,0.4123161741952395,1.6780942425484593,0.376723428268755,1.6472826151494546,0.0,0.7173502385782918,0.27525573199296277,0.20445130067809586
108,0.9998361562390391,0.7902019968652831,0.9788603769304797,0.4301460175275303,0.7173502385782918,0.0,0.6598048227049247,0.4381695176322409
110,1.187101298007192,1.0000354374373033,0.3482383561942192,0.5267791932500122,0.27525573199296277,0.6598048227049247,0.0,0.34314387136958757
117,0.999977786242454,1.4930862986041205,0.999966975242929,0.6571633488138985,0.20445130067809586,0.4381695176322409,0.34314387136958757,0.0
