,96,103,108,110,114,116,118,124
96,0.0,0.27525921019720545,0.05013432462808262,0.8955771916864947,0.37876768557525536,0.760798267723335,0.9991549087694722,0.9995490394312159
103,0.27525921019720545,0.0,0.2610302687866386,0.7857886432613901,0.18362417196808387,0.5142240143133433,0.7709411174239083,0.7884949011655554
108,0.05013432462808262,0.2610302687866386,0.0,0.6598048227049247,0.37628671767871286,0.7594698289232832,0.9983280857685634,0.6926831822372094
110,0.8955771916864947,0.7857886432613901,0.6598048227049247,0.0,0.6363186925198849,0.185935772621412,0.11568454330963474,0.22351684803353306
114,0.37876768557525536,0.18362417196808387,0.37628671767871286,0.6363186925198849,0.0,0.5054928360354702,0.7306399039955123,0.6563768360375845
116,0.760798267723335,0.5142240143133433,0.7594698289232832,0.185935772621412,0.5054928360354702,0.0,0.25518079726982323,0.28427265723531275
118,0.9991549087694722,0.7709411174239083,0.9983280857685634,0.11568454330963474,0.7306399039955123,0.25518079726982323,0.0,0.12981148564876865
124,0.9995490394312159,0.7884949011655554,0.6926831822372094,0.22351684803353306,0.6563768360375845,0.28427265723531275,0.12981148564876865,0.0
