,96,99,104,115,119,121,122,126
96,0.0,0.9631790087689533,0.9056573666657107,0.40278915176946883,0.5732030759145101,0.2442526891945975,0.27105342075026645,0.6504235228860452
99,0.9631790087689533,0.0,0.1808631984303272,0.4345324516785382,0.4700609903098347,0.6847945451661788,0.8117820568215106,0.29710510910453863
104,0.9056573666657107,0.1808631984303272,0.0,0.4842298219209775,0.3716393042917092,0.651710563416958,0.6555828046223188,0.2201264986241884
115,0.40278915176946883,0.4345324516785382,0.4842298219209775,0.0,0.19768326120422636,0.17779527247820326,0.18143943678633018,0.46344054240014354
119,0.5732030759145101,0.4700609903098347,0.3716393042917092,0.19768326120422636,0.0,0.3958934727237438,0.3499583740255141,0.36221330398035684
121,0.2442526891945975,0.6847945451661788,0.651710563416958,0.17779527247820326,0.3958934727237438,0.0,0.17415309739169724,0.9356672862155118
122,0.27105342075026645,0.8117820568215106,0.6555828046223188,0.18143943678633018,0.3499583740255141,0.17415309739169724,0.0,0.8660688493165063
126,0.6504235228860452,0.29710510910453863,0.2201264986241884,0.46344054240014354,0.36221330398035684,0.9356672862155118,0.8660688493165063,0.0
