,3,4,7,10,20,21,23,25
3,0.0,0.23007460587561687,0.06514705442544588,0.08476026580825337,0.09697401014540372,0.2042462115818537,0.2674112718771148,0.24251518654798726
4,0.23007460587561687,0.0,0.2803599540858794,0.2501241267227858,0.2790325293362637,0.1664315893189611,0.10797806038239294,0.10526230953112747
7,0.06514705442544588,0.2803599540858794,0.0,0.08289982579189017,0.030034193066928155,0.1359409851675763,0.18217621559310826,0.19260803451423367
10,0.08476026580825337,0.2501241267227858,0.08289982579189017,0.0,0.05992315672497387,0.1629430672752027,0.19499734800446447,0.2302210853995594
20,0.09697401014540372,0.2790325293362637,0.030034193066928155,0.05992315672497387,0.0,0.1670317433885965,0.21239693805667742,0.2342135733007703
21,0.2042462115818537,0.1664315893189611,0.1359409851675763,0.1629430672752027,0.1670317433885965,0.0,0.18336843764931662,0.167207297792858
23,0.2674112718771148,0.10797806038239294,0.18217621559310826,0.19499734800446447,0.21239693805667742,0.18336843764931662,0.0,0.00916124799761485
25,0.24251518654798726,0.10526230953112747,0.19260803451423367,0.2302210853995594,0.2342135733007703,0.167207297792858,0.00916124799761485,0.0
