,4,9,14,18,22,25,28,31
4,0.0,0.1883000414557022,0.20706778867447737,0.18748390972674256,0.10066231382580001,0.10526230953112747,0.17755252419004297,0.24129381567516095
9,0.1883000414557022,0.0,0.09003721310931116,0.07164146742217369,0.13705259548362544,0.13948102641916843,0.07304001362599946,0.0908974684056402
14,0.20706778867447737,0.09003721310931116,0.0,0.03807263389890909,0.19824165952625378,0.20843262449783853,0.07685076647804599,0.06475505470284927
18,0.18748390972674256,0.07164146742217369,0.03807263389890909,0.0,0.17907416919497277,0.20140874078080453,0.06888828620930522,0.0745897634162868
22,0.10066231382580001,0.13705259548362544,0.19824165952625378,0.17907416919497277,0.0,0.09193498018688642,0.11459246206996243,0.2286304615307178
25,0.10526230953112747,0.13948102641916843,0.20843262449783853,0.20140874078080453,0.09193498018688642,0.0,0.14794429993129657,0.22722780348853003
28,0.17755252419004297,0.07304001362599946,0.07685076647804599,0.06888828620930522,0.11459246206996243,0.14794429993129657,0.0,0.1592586109644452
31,0.24129381567516095,0.0908974684056402,0.06475505470284927,0.0745897634162868,0.2286304615307178,0.22722780348853003,0.1592586109644452,0.0
