,6,9,11,16,21,23,24,25
6,0.0,0.1739302705019133,0.10650056912489886,0.12090126625765882,0.1639777899892483,0.05338281611993761,0.31257127994780476,0.05503609873983567
9,0.1739302705019133,0.0,0.1003031994366961,0.07064654053349392,0.04459895029555151,0.13018809792227148,0.15099289745263575,0.13948102641916843
11,0.10650056912489886,0.1003031994366961,0.0,0.06599521582793567,0.14965870908230336,0.02802863272021107,0.19881926800202918,0.03779551217321627
16,0.12090126625765882,0.07064654053349392,0.06599521582793567,0.0,0.08313510390815307,0.09428182115846323,0.1567893107678582,0.146561972278675
21,0.1639777899892483,0.04459895029555151,0.14965870908230336,0.08313510390815307,0.0,0.1833684595085391,0.12137197179850091,0.1672073177255224
23,0.05338281611993761,0.13018809792227148,0.02802863272021107,0.09428182115846323,0.1833684595085391,0.0,0.17054303740875854,0.009161252366039352
24,0.31257127994780476,0.15099289745263575,0.19881926800202918,0.1567893107678582,0.12137197179850091,0.17054303740875854,0.0,0.16315277116862495
25,0.05503609873983567,0.13948102641916843,0.03779551217321627,0.146561972278675,0.1672073177255224,0.009161252366039352,0.16315277116862495,0.0
