,0,15,18,21,99,102,119,123
0,0.0,0.10920121041652002,0.05528440667665998,0.06075527234447866,1.9041288559421077,1.4759250833853867,1.0593613783385596,0.849110461543474
15,0.10920121041652002,0.0,0.16463545764305818,0.21569317795052043,0.9999374791850677,1.0000106684952434,2.8958817523934206,0.9209674301928585
18,0.05528440667665998,0.16463545764305818,0.0,0.029558709281359574,0.9999899171406385,0.9997846549174614,1.5865161635824394,0.8758414546943706
21,0.06075527234447866,0.21569317795052043,0.029558709281359574,0.0,0.56386745834024,1.3692482323174955,1.0000000013048123,0.9468946962409274
99,1.9041288559421077,0.9999374791850677,0.9999899171406385,0.56386745834024,0.0,0.7466493930755875,0.47006093427420137,0.26995989738816356
102,1.4759250833853867,1.0000106684952434,0.9997846549174614,1.3692482323174955,0.7466493930755875,0.0,0.5368528034593197,0.5176940478322477
119,1.0593613783385596,2.8958817523934206,1.5865161635824394,1.0000000013048123,0.47006093427420137,0.5368528034593197,0.0,0.06282510632473748
123,0.849110461543474,0.9209674301928585,0.8758414546943706,0.9468946962409274,0.26995989738816356,0.5176940478322477,0.06282510632473748,0.0
