,97,100,105,111,112,115,124,125
97,0.0,0.8745436023854124,0.9943259119702919,0.1507825190025358,0.5791488545209901,0.37326918149943683,1.0262253583144352,0.14317014471462627
100,0.8745436023854124,0.0,0.4656104096078302,0.4026434729349701,0.34886930574842606,0.2953943849750735,0.3481306044785902,0.5285047225548622
105,0.9943259119702919,0.4656104096078302,0.0,0.8668596419968037,0.6820958568305053,0.7171916902612933,0.11184466788245516,0.832361680920366
111,0.1507825190025358,0.4026434729349701,0.8668596419968037,0.0,0.2074408093904407,0.2726087167402028,0.8080255837439789,0.10742029530094305
112,0.5791488545209901,0.34886930574842606,0.6820958568305053,0.2074408093904407,0.0,0.1621056102145909,0.6361580137822461,0.30547886007775155
115,0.37326918149943683,0.2953943849750735,0.7171916902612933,0.2726087167402028,0.1621056102145909,0.0,0.5766085259867391,0.2297275593982271
124,1.0262253583144352,0.3481306044785902,0.11184466788245516,0.8080255837439789,0.6361580137822461,0.5766085259867391,0.0,0.7698702229595586
125,0.14317014471462627,0.5285047225548622,0.832361680920366,0.10742029530094305,0.30547886007775155,0.2297275593982271,0.7698702229595586,0.0
