,6,20,21,26,103,108,111,117
6,0.0,0.17390619987294478,0.1639777899892483,0.14165980034445305,1.0000344552287377,0.6460182869780708,1.0001968280407239,1.0000287893541495
20,0.17390619987294478,0.0,0.16703182303555733,0.16711089137153373,9.425166581360335,0.43014599188883046,0.8953696187460681,0.6571633488138985
21,0.1639777899892483,0.16703182303555733,0.0,0.15963376115891545,1.0000292241397892,1.6686783614948675,0.9491220900115589,0.695616157270512
26,0.14165980034445305,0.16711089137153373,0.15963376115891545,0.0,0.699754880283357,0.9998929607565711,1.5560456935903326,2.0596011846774473
103,1.0000344552287377,9.425166581360335,1.0000292241397892,0.699754880283357,0.0,0.26103033102111184,0.054048209282966636,0.2489852089998826
108,0.6460182869780708,0.43014599188883046,1.6686783614948675,0.9998929607565711,0.26103033102111184,0.0,0.25274551364633074,0.4381695698661209
111,1.0001968280407239,0.8953696187460681,0.9491220900115589,1.5560456935903326,0.054048209282966636,0.25274551364633074,0.0,0.28844032524726365
117,1.0000287893541495,0.6571633488138985,0.695616157270512,2.0596011846774473,0.2489852089998826,0.4381695698661209,0.28844032524726365,0.0
