,96,98,100,106,107,117,119,125
96,0.0,0.5112822625227529,0.6854682741737737,0.18964066393585607,0.6625886705253535,0.4800149172524654,0.5732031100800768,0.21412860963154745
98,0.5112822625227529,0.0,0.21734228158182195,0.36311020808600303,0.23035689334259377,0.20512379335962663,0.23534551384046823,0.3040364550100388
100,0.6854682741737737,0.21734228158182195,0.0,0.4198473057558022,0.06809037236666508,0.23433056120500054,0.09792528757750064,0.5285047225548622
106,0.18964066393585607,0.36311020808600303,0.4198473057558022,0.0,0.5693264943526284,0.3481042942179627,0.5778402680586139,0.14925274231500754
107,0.6625886705253535,0.23035689334259377,0.06809037236666508,0.5693264943526284,0.0,0.204451276305603,0.15771548908775684,0.5223639574930617
117,0.4800149172524654,0.20512379335962663,0.23433056120500054,0.3481042942179627,0.204451276305603,0.0,0.15569129822970468,0.2816138170191773
119,0.5732031100800768,0.23534551384046823,0.09792528757750064,0.5778402680586139,0.15771548908775684,0.15569129822970468,0.0,0.43145650648190487
125,0.21412860963154745,0.3040364550100388,0.5285047225548622,0.14925274231500754,0.5223639574930617,0.2816138170191773,0.43145650648190487,0.0
