,96,97,105,109,112,120,121,123
96,0.0,0.042437867158483716,0.9991848401836468,0.1427474518803743,0.31608499587524946,0.8190914510193431,0.2442527183117888,0.6166951651448594
97,0.042437867158483716,0.0,0.9943259124333109,0.14663862252741255,0.5791488890409529,0.9096082741249232,0.21371039022239502,0.6119037009025764
105,0.9991848401836468,0.9943259124333109,0.0,1.0000653546049108,0.6820958771585462,0.15139345439562302,0.8273220436693952,0.4097618541776394
109,0.1427474518803743,0.14663862252741255,1.0000653546049108,0.0,0.610605025747841,0.6256811456702389,0.2921355375981207,0.6840342419103949
112,0.31608499587524946,0.5791488890409529,0.6820958771585462,0.610605025747841,0.0,0.5669117265573249,0.28965763176820575,0.1692315555859407
120,0.8190914510193431,0.9096082741249232,0.15139345439562302,0.6256811456702389,0.5669117265573249,0.0,0.5053732653171354,0.31638726069481776
121,0.2442527183117888,0.21371039022239502,0.8273220436693952,0.2921355375981207,0.28965763176820575,0.5053732653171354,0.0,0.44810708320519055
123,0.6166951651448594,0.6119037009025764,0.4097618541776394,0.6840342419103949,0.1692315555859407,0.31638726069481776,0.44810708320519055,0.0
