,3,8,10,12,17,18,27,28
3,0.0,0.2646919806847801,0.08475897247910387,0.29495081375475246,0.20700561799588776,0.1664317282003597,0.07992907343161545,0.17137719053436257
8,0.2646919806847801,0.0,0.1931920271673116,0.073861723056074,0.21377668974271777,0.18540244459311328,0.2406902591533133,0.1011740853868265
10,0.08475897247910387,0.1931920271673116,0.0,0.29726265332269813,0.1866946600925177,0.15403435757212486,0.05025372120269837,0.12124150566021895
12,0.29495081375475246,0.073861723056074,0.29726265332269813,0.0,0.15828168438895043,0.1695527068004853,0.24417609388118328,0.1416851502457538
17,0.20700561799588776,0.21377668974271777,0.1866946600925177,0.15828168438895043,0.0,0.22352100473658976,0.1732284310074554,0.15332107699198985
18,0.1664317282003597,0.18540244459311328,0.15403435757212486,0.1695527068004853,0.22352100473658976,0.0,0.08840725194196813,0.06887275062339022
27,0.07992907343161545,0.2406902591533133,0.05025372120269837,0.24417609388118328,0.1732284310074554,0.08840725194196813,0.0,0.10501244474258672
28,0.17137719053436257,0.1011740853868265,0.12124150566021895,0.1416851502457538,0.15332107699198985,0.06887275062339022,0.10501244474258672,0.0
