,96,101,104,109,116,117,122,123
96,0.0,0.5268722037777985,0.905657393656404,0.1427475029308504,0.760798267723335,0.48001500308582895,0.27105345306235407,0.616695312176462
101,0.5268722037777985,0.0,0.3926545026219723,0.5733888983746129,0.303526531766038,0.11014189559368634,0.27949377273660336,0.13097489008914043
104,0.905657393656404,0.3926545026219723,0.0,0.84451168469205,0.18482111087663258,0.46633965085361784,0.6555828046223188,0.28129460373963033
109,0.1427475029308504,0.5733888983746129,0.84451168469205,0.0,0.7971181477442839,0.5164521889792639,0.3735005493817432,0.684034282682014
116,0.760798267723335,0.303526531766038,0.18482111087663258,0.7971181477442839,0.0,0.3487232776400036,0.3316939916203784,0.115090345106568
117,0.48001500308582895,0.11014189559368634,0.46633965085361784,0.5164521889792639,0.3487232776400036,0.0,0.19654919971586776,0.21097015139669098
122,0.27105345306235407,0.27949377273660336,0.6555828046223188,0.3735005493817432,0.3316939916203784,0.19654919971586776,0.0,0.43935609912518025
123,0.616695312176462,0.13097489008914043,0.28129460373963033,0.684034282682014,0.115090345106568,0.21097015139669098,0.43935609912518025,0.0
