,101,102,104,105,111,116,118,123
101,0.0,0.404661223298606,0.39265436219780453,0.59816256735703,0.4106316005476976,0.30352635085018087,0.5312475172479232,0.13097489008914043
102,0.404661223298606,0.0,0.48131587932785197,0.9991595781494742,0.12016421569871519,0.672027998388212,0.9044672187715741,0.5176941095461911
104,0.39265436219780453,0.48131587932785197,0.0,0.2353329173157803,0.7190635610460515,0.18482089055283069,0.15506632809558932,0.28129443607503096
105,0.59816256735703,0.9991595781494742,0.2353329173157803,0.0,0.8668596161623735,0.31379678156763147,0.08474236303718591,0.4097618053302228
111,0.4106316005476976,0.12016421569871519,0.7190635610460515,0.8668596161623735,0.0,0.6334172328074961,0.8982464262671391,0.4854528761328512
116,0.30352635085018087,0.672027998388212,0.18482089055283069,0.31379678156763147,0.6334172328074961,0.0,0.25518079726982323,0.11509020790826704
118,0.5312475172479232,0.9044672187715741,0.15506632809558932,0.08474236303718591,0.8982464262671391,0.25518079726982323,0.0,0.36825573093764363
123,0.13097489008914043,0.5176941095461911,0.28129443607503096,0.4097618053302228,0.4854528761328512,0.11509020790826704,0.36825573093764363,0.0
