,96,104,106,107,111,117,118,119
96,0.0,0.9056573666657107,0.1896406413289286,0.6625886705253535,0.1871407520662459,0.4800148886413476,0.9991549087694722,0.5732030759145101
104,0.9056573666657107,0.0,0.8342648105245316,0.18054175753507565,0.7190636039055809,0.4663395396695941,0.15506636506628735,0.3716393042917092
106,0.1896406413289286,0.8342648105245316,0.0,0.5693264604181258,0.08166748828121474,0.3481042942179627,0.9619164164250359,0.577840233616651
107,0.6625886705253535,0.18054175753507565,0.5693264604181258,0.0,0.3914794394441894,0.20445130067809586,0.32264374779698973,0.1577154326843127
111,0.1871407520662459,0.7190636039055809,0.08166748828121474,0.3914794394441894,0.0,0.28844032524726365,0.8982464798067998,0.4582684457959171
117,0.4800148886413476,0.4663395396695941,0.3481042942179627,0.20445130067809586,0.28844032524726365,0.0,0.610191992452558,0.15569127966985674
118,0.9991549087694722,0.15506636506628735,0.9619164164250359,0.32264374779698973,0.8982464798067998,0.610191992452558,0.0,0.4988281166800217
119,0.5732030759145101,0.3716393042917092,0.577840233616651,0.1577154326843127,0.4582684457959171,0.15569127966985674,0.4988281166800217,0.0
