,100,104,106,107,110,115,117,123
100,0.0,0.24242884756215186,0.4198473057558022,0.06809037236666508,0.27683233561440845,0.2953943849750735,0.23433056120500054,0.03233245421436901
104,0.24242884756215186,0.0,0.8342648229560461,0.1805417790573316,0.19463303666323314,0.4842299373703774,0.4663395952616027,0.2812945366737786
106,0.4198473057558022,0.8342648229560461,0.0,0.5693264943526284,0.8375659368905242,0.3377412509585243,0.3481042942179627,0.5492539655218647
107,0.06809037236666508,0.1805417790573316,0.5693264943526284,0.0,0.27525573199296277,0.3058978573891572,0.204451276305603,0.09238000138498416
110,0.27683233561440845,0.19463303666323314,0.8375659368905242,0.27525573199296277,0.0,0.46051608562528124,0.34314387136958757,0.3099185594874781
115,0.2953943849750735,0.4842299373703774,0.3377412509585243,0.3058978573891572,0.46051608562528124,0.0,0.04484036932427522,0.23128318712175072
117,0.23433056120500054,0.4663395952616027,0.3481042942179627,0.204451276305603,0.34314387136958757,0.04484036932427522,0.0,0.21097010109749326
123,0.03233245421436901,0.2812945366737786,0.5492539655218647,0.09238000138498416,0.3099185594874781,0.23128318712175072,0.21097010109749326,0.0
