,0,13,19,21,99,111,112,121
0,0.0,0.019164567926671913,0.050806143480456374,0.060755257859294684,1.9041288559421077,0.9479299073622846,0.9998872505868873,1.111652336892303
13,0.019164567926671913,0.0,0.050814671838655574,0.05582081588206997,1.3064687344185881,0.9998621511036573,0.9996611170764701,1.022423436509655
19,0.050806143480456374,0.050814671838655574,0.0,0.06914593770140938,0.9999552753140124,1.0571478061089417,1.9779633263988283,0.6616218878842127
21,0.060755257859294684,0.05582081588206997,0.06914593770140938,0.0,0.5638674919493605,0.9491220900115589,1.0417842422455228,0.2670730063800963
99,1.9041288559421077,1.3064687344185881,0.9999552753140124,0.5638674919493605,0.0,0.6263633917609085,0.4239512642727991,0.6847943818984558
111,0.9479299073622846,0.9998621511036573,1.0571478061089417,0.9491220900115589,0.6263633917609085,0.0,0.2074408093904407,0.07349534284254743
112,0.9998872505868873,0.9996611170764701,1.9779633263988283,1.0417842422455228,0.4239512642727991,0.2074408093904407,0.0,0.2896574591188547
121,1.111652336892303,1.022423436509655,0.6616218878842127,0.2670730063800963,0.6847943818984558,0.07349534284254743,0.2896574591188547,0.0
