,96,98,103,110,112,123,126,127
96,0.0,0.5112823539471539,0.2752592758241231,0.8955772717573389,0.31608499587524946,0.616695312176462,0.6504232127400148,0.6619198722475891
98,0.5112823539471539,0.0,0.336452075820342,0.47623155098305536,0.06925991458666596,0.20606234871733767,0.6117230255577459,0.2263621636864492
103,0.2752592758241231,0.336452075820342,0.0,0.7857886783888806,0.3513335589029757,0.4286434000713523,0.8703064082473927,0.46856017932675464
110,0.8955772717573389,0.47623155098305536,0.7857886783888806,0.0,0.4923287045330419,0.30991859643265157,0.2735264924661445,0.31754840812936713
112,0.31608499587524946,0.06925991458666596,0.3513335589029757,0.4923287045330419,0.0,0.1692315757599154,0.625923134050895,0.19996351927075462
123,0.616695312176462,0.20606234871733767,0.4286434000713523,0.30991859643265157,0.1692315757599154,0.0,0.4861477610325627,0.004657051088901442
126,0.6504232127400148,0.6117230255577459,0.8703064082473927,0.2735264924661445,0.625923134050895,0.4861477610325627,0.0,0.4549019336260088
127,0.6619198722475891,0.2263621636864492,0.46856017932675464,0.31754840812936713,0.19996351927075462,0.004657051088901442,0.4549019336260088,0.0
