,97,99,102,105,115,118,119,124
97,0.0,0.8022339391308683,0.08587626372751005,0.9943259091921773,0.3732690035108635,0.9994310571685253,0.5542895683263053,1.0262251442271648
99,0.8022339391308683,0.0,0.7466491260530043,0.2997391130415356,0.4345318300753246,0.1839886685328138,0.4700608782385747,0.2774925804106065
102,0.08587626372751005,0.7466491260530043,0.0,0.9991595778005218,0.29975672928073643,0.9044671850775452,0.5368527394614823,0.7746085771146605
105,0.9943259091921773,0.2997391130415356,0.9991595778005218,0.0,0.7171910062943245,0.08474226201647721,0.48791078993363496,0.11184456121911884
115,0.3732690035108635,0.4345318300753246,0.29975672928073643,0.7171910062943245,0.0,0.5591929913190189,0.19768314337585585,0.5766085259867391
118,0.9994310571685253,0.1839886685328138,0.9044671850775452,0.08474226201647721,0.5591929913190189,0.0,0.4988278193553833,0.12981136185094785
119,0.5542895683263053,0.4700608782385747,0.5368527394614823,0.48791078993363496,0.19768314337585585,0.4988278193553833,0.0,0.4839969876421625
124,1.0262251442271648,0.2774925804106065,0.7746085771146605,0.11184456121911884,0.5766085259867391,0.12981136185094785,0.4839969876421625,0.0
