,21,26,29,31,98,118,120,124
21,0.0,0.15963374212908932,0.1618506888868823,0.0668401235432595,1.351929786735882,0.24728681401581132,1.0000747063350486,1.000027570564163
26,0.15963374212908932,0.0,0.10077210058082257,0.18844106211252087,0.3898951025231169,0.574461406241162,1.7283634708274775,1.000071141008635
29,0.1618506888868823,0.10077210058082257,0.0,0.1277885249105515,0.7154476244360487,0.9998834309143203,0.9293905171218002,1.4363157799110096
31,0.0668401235432595,0.18844106211252087,0.1277885249105515,0.0,1.5103176875658995,1.0306966788616942,1.0000286300533983,1.0000821134186373
98,1.351929786735882,0.3898951025231169,0.7154476244360487,1.5103176875658995,0.0,0.5592824575361292,0.5212125366230124,0.5279712648246616
118,0.24728681401581132,0.574461406241162,0.9998834309143203,1.0306966788616942,0.5592824575361292,0.0,0.3222504815934058,0.12981148564876865
120,1.0000747063350486,1.7283634708274775,0.9293905171218002,1.0000286300533983,0.5212125366230124,0.3222504815934058,0.0,0.2196095267161018
124,1.000027570564163,1.000071141008635,1.4363157799110096,1.0000821134186373,0.5279712648246616,0.12981148564876865,0.2196095267161018,0.0
