,2,4,6,11,15,19,21,27
2,0.0,0.14691182013590895,0.05809501213619129,0.0158410038142593,0.15632182468410702,0.27485472090463714,0.20296609968710191,0.1898396866639882
4,0.14691182013590895,0.0,0.0796552621999066,0.17415218392474432,0.3184987315791558,0.234529454545346,0.16643147027785454,0.19422626605995927
6,0.05809501213619129,0.0796552621999066,0.0,0.10650036599137767,0.24497402415495834,0.3198648945351222,0.16397777044157363,0.15768255291005182
11,0.0158410038142593,0.17415218392474432,0.10650036599137767,0.0,0.27177461488611926,0.2662658722411336,0.14965853067532583,0.21014224565781003
15,0.15632182468410702,0.3184987315791558,0.24497402415495834,0.27177461488611926,0.0,0.12403312622278422,0.21569317795052043,0.20256564932024168
19,0.27485472090463714,0.234529454545346,0.3198648945351222,0.2662658722411336,0.12403312622278422,0.0,0.06914592121573512,0.18293829443534254
21,0.20296609968710191,0.16643147027785454,0.16397777044157363,0.14965853067532583,0.21569317795052043,0.06914592121573512,0.0,0.10529576846920302
27,0.1898396866639882,0.19422626605995927,0.15768255291005182,0.21014224565781003,0.20256564932024168,0.18293829443534254,0.10529576846920302,0.0
