,9,12,21,28,96,110,114,120
9,0.0,0.09553434500523332,0.04459895029555151,0.07304003104009779,0.999999430767096,1.0000354374373033,0.9999022080463,0.6544314525295958
12,0.09553434500523332,0.0,0.1361158568853062,0.14170003128112316,1.4063817286369866,0.5430427936417781,1.0000525556774182,0.9999743129635573
21,0.04459895029555151,0.1361158568853062,0.0,0.0715321151952657,1.994307056555501,1.151759340772577,1.541299083522791,1.0000747063350486
28,0.07304003104009779,0.14170003128112316,0.0715321151952657,0.0,0.998963245851711,0.9999895514283877,0.9999979758731592,0.472550639409713
96,0.999999430767096,1.4063817286369866,1.994307056555501,0.998963245851711,0.0,0.8955771916864947,0.37876768557525536,0.8190914510193431
110,1.0000354374373033,0.5430427936417781,1.151759340772577,0.9999895514283877,0.8955771916864947,0.0,0.6363186925198849,0.0700263408370159
114,0.9999022080463,1.0000525556774182,1.541299083522791,0.9999979758731592,0.37876768557525536,0.6363186925198849,0.0,0.7264550878219643
120,0.6544314525295958,0.9999743129635573,1.0000747063350486,0.472550639409713,0.8190914510193431,0.0700263408370159,0.7264550878219643,0.0
