,2,4,5,11,12,18,28,31
2,0.0,0.14691189018894046,0.28340908355226846,0.01584101892142499,0.15171276227672595,0.16480910254194542,0.09609367484175364,0.25644100206773623
4,0.14691189018894046,0.0,0.29791824114379106,0.17415224620642983,0.24338372199803768,0.1874838873769202,0.17755246069232353,0.24129370061733102
5,0.28340908355226846,0.29791824114379106,0.0,0.2797320998074725,0.22332103771996398,0.13232862089471975,0.17212995926862856,0.0645721628858162
11,0.01584101892142499,0.17415224620642983,0.2797320998074725,0.0,0.10917793707282386,0.19548273592317084,0.1329796974592397,0.25604160870120685
12,0.15171276227672595,0.24338372199803768,0.22332103771996398,0.10917793707282386,0.0,0.1695704338771411,0.14169994682134804,0.18831537345883337
18,0.16480910254194542,0.1874838873769202,0.13232862089471975,0.19548273592317084,0.1695704338771411,0.0,0.06888825336081843,0.07458972784912446
28,0.09609367484175364,0.17755246069232353,0.17212995926862856,0.1329796974592397,0.14169994682134804,0.06888825336081843,0.0,0.15925853502403986
31,0.25644100206773623,0.24129370061733102,0.0645721628858162,0.25604160870120685,0.18831537345883337,0.07458972784912446,0.15925853502403986,0.0
