,110,112,114,117,119,120,122,125
110,0.0,0.4923286164978171,0.6363186925198849,0.34314387136958757,0.43981137169863666,0.0700263408370159,0.47544342444967447,0.7054851462349951
112,0.4923286164978171,0.0,0.16759168189527573,0.1626787032018562,0.2111088215559837,0.5669116927667539,0.2826157418528134,0.30547886007775155
114,0.6363186925198849,0.16759168189527573,0.0,0.20325854274700653,0.35614602973937187,0.7264550878219643,0.18913656760469374,0.169570534949026
117,0.34314387136958757,0.1626787032018562,0.20325854274700653,0.0,0.15569127966985674,0.5336371415324861,0.19654910599392827,0.2816137834481962
119,0.43981137169863666,0.2111088215559837,0.35614602973937187,0.15569127966985674,0.0,0.3908766036849128,0.3499583740255141,0.43145650648190487
120,0.0700263408370159,0.5669116927667539,0.7264550878219643,0.5336371415324861,0.3908766036849128,0.0,0.7496796682277945,0.9276953065882461
122,0.47544342444967447,0.2826157418528134,0.18913656760469374,0.19654910599392827,0.3499583740255141,0.7496796682277945,0.0,0.08078345456117994
125,0.7054851462349951,0.30547886007775155,0.169570534949026,0.2816137834481962,0.43145650648190487,0.9276953065882461,0.08078345456117994,0.0
