,4,19,21,25,98,99,120,124
4,0.0,0.23452951046153198,0.16643152979839718,0.1052622593381589,0.9867316522340898,1.0641140323050682,0.2900589395408248,1.0000350165628995
19,0.23452951046153198,0.0,0.06914595418708756,0.268957179412997,0.5638999592954804,0.999955275321288,1.0133893572544435,1.000006167869664
21,0.16643152979839718,0.06914595418708756,0.0,0.16720723799487916,1.3519297464452353,0.56386745834024,1.0000747063423252,1.000027570565982
25,0.1052622593381589,0.268957179412997,0.16720723799487916,0.0,0.8661290552471382,1.000018260897668,0.9997568581108874,1.0002079825365808
98,0.9867316522340898,0.5638999592954804,1.3519297464452353,0.8661290552471382,0.0,0.4312305920226383,0.5212124744896399,0.5279710760074573
99,1.0641140323050682,0.999955275321288,0.56386745834024,1.000018260897668,0.4312305920226383,0.0,0.08917971981070295,0.2774926465700011
120,0.2900589395408248,1.0133893572544435,1.0000747063423252,0.9997568581108874,0.5212124744896399,0.08917971981070295,0.0,0.2196094743571167
124,1.0000350165628995,1.000006167869664,1.000027570565982,1.0002079825365808,0.5279710760074573,0.2774926465700011,0.2196094743571167,0.0
