,13,18,26,27,100,106,117,125
13,0.0,0.06238551457777409,0.22016882962608286,0.10233316497073568,1.0000055219095545,1.00017917581066,0.9999962841366967,0.6889042359734673
18,0.06238551457777409,0.0,0.21286353463861596,0.0884197731198216,0.252275597642804,1.6363319997306505,1.0000243621764489,0.9998569692687502
26,0.22016882962608286,0.21286353463861596,0.0,0.09183260970316288,0.9463791717067548,0.9194307639151408,2.059600939153868,0.5537867233806479
27,0.10233316497073568,0.0884197731198216,0.09183260970316288,0.0,0.9998502215732706,0.9999861678836026,1.5381190303145729,1.17700948962929
100,1.0000055219095545,0.252275597642804,0.9463791717067548,0.9998502215732706,0.0,0.4198473057558022,0.23433042153314357,0.5285046910535269
106,1.00017917581066,1.6363319997306505,0.9194307639151408,0.9999861678836026,0.4198473057558022,0.0,0.3481042942179627,0.14925272452269522
117,0.9999962841366967,1.0000243621764489,2.059600939153868,1.5381190303145729,0.23433042153314357,0.3481042942179627,0.0,0.28161364916431203
125,0.6889042359734673,0.9998569692687502,0.5537867233806479,1.17700948962929,0.5285046910535269,0.14925272452269522,0.28161364916431203,0.0
