,8,16,22,28,99,108,123,126
8,0.0,0.04134622779530344,0.150984581794342,0.1011742301176201,2.0801256744603895,0.5906181498621064,1.0645498749682545,1.1503008474361949
16,0.04134622779530344,0.0,0.13273718667555567,0.06613540142873464,1.7670822474227714,2.161418605922882,0.4592269442649997,0.9999794298897733
22,0.150984581794342,0.13273718667555567,0.0,0.11457801018716336,1.191583475627764,0.4997464455957324,0.9995796041939974,0.9989432222107981
28,0.1011742301176201,0.06613540142873464,0.11457801018716336,0.0,0.9483156971581409,0.9999644229172721,0.8993722135598203,3.831676700971805
99,2.0801256744603895,1.7670822474227714,1.191583475627764,0.9483156971581409,0.0,0.8670368584678689,0.26994451496064803,0.2970737306892182
108,0.5906181498621064,2.161418605922882,0.4997464455957324,0.9999644229172721,0.8670368584678689,0.0,0.6832926415306977,1.1473342954649903
123,1.0645498749682545,0.4592269442649997,0.9995796041939974,0.8993722135598203,0.26994451496064803,0.6832926415306977,0.0,0.4861269852079876
126,1.1503008474361949,0.9999794298897733,0.9989432222107981,3.831676700971805,0.2970737306892182,1.1473342954649903,0.4861269852079876,0.0
