,96,105,108,110,112,113,114,120
96,0.0,0.9991848400091662,0.05013432462808262,0.895577164996215,0.31608499587524946,0.09582734327187706,0.37876768557525536,0.8190914510193431
105,0.9991848400091662,0.0,0.7839448718847426,0.1816616187604438,0.6820958568305053,1.174226394757511,0.7573259836540467,0.1513934002531143
108,0.05013432462808262,0.7839448718847426,0.0,0.659804842368641,0.5593244956003479,0.09250446093787178,0.37628671767871286,0.9997207383001693
110,0.895577164996215,0.1816616187604438,0.659804842368641,0.0,0.49232855780767604,0.6022300035694459,0.6363186545923364,0.07002632414143721
112,0.31608499587524946,0.6820958568305053,0.5593244956003479,0.49232855780767604,0.0,0.49448596653816185,0.16759164193830983,0.5669116589761848
113,0.09582734327187706,1.174226394757511,0.09250446093787178,0.6022300035694459,0.49448596653816185,0.0,0.3507836990950753,0.5828678430313611
114,0.37876768557525536,0.7573259836540467,0.37628671767871286,0.6363186545923364,0.16759164193830983,0.3507836990950753,0.0,0.7264550661719159
120,0.8190914510193431,0.1513934002531143,0.9997207383001693,0.07002632414143721,0.5669116589761848,0.5828678430313611,0.7264550661719159,0.0
