,1,3,5,9,20,24,26,27
1,0.0,0.24547677561861683,0.2128018054598774,0.08283403493276033,0.2511884107573959,0.2390102920861243,0.27916168723171225,0.19951149966732926
3,0.24547677561861683,0.0,0.21912850863844135,0.16434356294400043,0.09697396390460332,0.10701816333358015,0.16973645486819405,0.07994085126332279
5,0.2128018054598774,0.21912850863844135,0.0,0.17392278565143202,0.13163389883184312,0.2279011149315141,0.28428255268645797,0.15673450040308753
9,0.08283403493276033,0.16434356294400043,0.17392278565143202,0.0,0.1784381696341043,0.1509928254536288,0.17013218983243075,0.13770133732897097
20,0.2511884107573959,0.09697396390460332,0.13163389883184312,0.1784381696341043,0.0,0.15698740814976064,0.16711077184455267,0.062186330073223495
24,0.2390102920861243,0.10701816333358015,0.2279011149315141,0.1509928254536288,0.15698740814976064,0.0,0.03302328077895811,0.06921983298817876
26,0.27916168723171225,0.16973645486819405,0.28428255268645797,0.17013218983243075,0.16711077184455267,0.03302328077895811,0.0,0.09183260970316288
27,0.19951149966732926,0.07994085126332279,0.15673450040308753,0.13770133732897097,0.062186330073223495,0.06921983298817876,0.09183260970316288,0.0
