,96,99,108,112,119,121,123,126
96,0.0,0.9631792384087514,0.0501343485339972,0.31608499587524946,0.5732031100800768,0.2442527183117888,0.6166951651448594,0.6504233678130116
99,0.9631792384087514,0.0,0.8670695721603688,0.42395141588961327,0.4700609903098347,0.6847945859831156,0.26995999393336356,0.297105179939925
108,0.0501343485339972,0.8670695721603688,0.0,0.559324695630411,0.6862212137644704,0.3571331791793112,0.6832927637129542,1.1473553586858922
112,0.31608499587524946,0.42395141588961327,0.559324695630411,0.0,0.21110887188825497,0.28965763176820575,0.1692315555859407,0.6259231153969322
119,0.5732031100800768,0.4700609903098347,0.6862212137644704,0.21110887188825497,0.0,0.39589351991792626,0.0628251512607713,0.3622132608011688
121,0.2442527183117888,0.6847945859831156,0.3571331791793112,0.28965763176820575,0.39589351991792626,0.0,0.44810708320519055,0.9356672862155118
123,0.6166951651448594,0.26995999393336356,0.6832927637129542,0.1692315555859407,0.0628251512607713,0.44810708320519055,0.0,0.48614770307923694
126,0.6504233678130116,0.297105179939925,1.1473553586858922,0.6259231153969322,0.3622132608011688,0.9356672862155118,0.48614770307923694,0.0
