,98,104,108,111,114,116,117,124
98,0.0,0.3981769871539792,0.5197638325552726,0.3112949326679129,0.15315758242045066,0.31316747128919425,0.2051237200016547,0.5279712648246616
104,0.3981769871539792,0.0,1.0963939762353894,0.7190635610460515,0.5546422645102546,0.18482089055283069,0.46633951187359235,0.14842593689618389
108,0.5197638325552726,1.0963939762353894,0.0,0.2527454533871117,0.37628671767871286,0.7594698062893188,0.43816941316449953,0.6926832235243456
111,0.3112949326679129,0.7190635610460515,0.2527454533871117,0.0,0.18032898486944351,0.6334172328074961,0.28844032524726365,0.8080255355819025
114,0.15315758242045066,0.5546422645102546,0.37628671767871286,0.18032898486944351,0.0,0.505492775776032,0.2032585185167015,0.6563768164760306
116,0.31316747128919425,0.18482089055283069,0.7594698062893188,0.6334172328074961,0.505492775776032,0.0,0.34872315292686334,0.2842726233473733
117,0.2051237200016547,0.46633951187359235,0.43816941316449953,0.28844032524726365,0.2032585185167015,0.34872315292686334,0.0,0.668306165920669
124,0.5279712648246616,0.14842593689618389,0.6926832235243456,0.8080255355819025,0.6563768164760306,0.2842726233473733,0.668306165920669,0.0
