,0,12,17,18,26,27,28,29
0,0.0,0.21167004116005653,0.20883018413930476,0.05528440667665998,0.14577883080728635,0.12464371460615825,0.1459123912151024,0.11803351147378235
12,0.21167004116005653,0.0,0.15828168438895043,0.1695704338771411,0.3118542999027332,0.24419358845113792,0.14169994682134804,0.2754030691494576
17,0.20883018413930476,0.15828168438895043,0.0,0.22354085672434323,0.1632387793007981,0.17323821959170804,0.15333798442356383,0.2641817757084699
18,0.05528440667665998,0.1695704338771411,0.22354085672434323,0.0,0.21286353463861596,0.0884197731198216,0.06888825336081843,0.11773275437054509
26,0.14577883080728635,0.3118542999027332,0.1632387793007981,0.21286353463861596,0.0,0.09183260970316288,0.15947416171419443,0.10077205252895197
27,0.12464371460615825,0.24419358845113792,0.17323821959170804,0.0884197731198216,0.09183260970316288,0.0,0.10502498898761209,0.08181499768927229
28,0.1459123912151024,0.14169994682134804,0.15333798442356383,0.06888825336081843,0.15947416171419443,0.10502498898761209,0.0,0.17039497504831697
29,0.11803351147378235,0.2754030691494576,0.2641817757084699,0.11773275437054509,0.10077205252895197,0.08181499768927229,0.17039497504831697,0.0
