,13,14,23,25,99,106,118,121
13,0.0,0.027667647399738985,0.20114926616450152,0.2543419807215718,1.3064687344185881,1.0001791758397691,0.9998200040039897,1.022423436509655
14,0.027667647399738985,0.0,0.1887392143079754,0.2084325499565366,0.6158784313871738,0.4542020297192727,0.9999889652871765,1.9851518496445621
23,0.20114926616450152,0.1887392143079754,0.0,0.00916123489235384,2.1469119689026024,2.2146882666508123,1.0000066775974243,1.0000218387833162
25,0.2543419807215718,0.2084325499565366,0.00916123489235384,0.0,1.000018260899487,6.166787175457725,1.4027438702767336,1.0000167368016228
99,1.3064687344185881,0.6158784313871738,2.1469119689026024,1.000018260899487,0.0,0.7975146622367917,0.18398869046597355,0.6847943818984558
106,1.0001791758397691,0.4542020297192727,2.2146882666508123,6.166787175457725,0.7975146622367917,0.0,0.961916187086318,0.10104810345726464
118,0.9998200040039897,0.9999889652871765,1.0000066775974243,1.4027438702767336,0.18398869046597355,0.961916187086318,0.0,0.6122076636005417
121,1.022423436509655,1.9851518496445621,1.0000218387833162,1.0000167368016228,0.6847943818984558,0.10104810345726464,0.6122076636005417,0.0
