,0,3,10,13,19,20,21,24
0,0.0,0.17692553545424125,0.20008684488197967,0.019164567926671913,0.050806143480456374,0.1268017756200134,0.060755257859294684,0.10673051044509221
3,0.17692553545424125,0.0,0.08476024559983364,0.15606437059016723,0.2244015925524221,0.09697391766382499,0.2042461385377294,0.10701813781846475
10,0.20008684488197967,0.08476024559983364,0.0,0.14881507164785512,0.25105857722968905,0.05992314243818169,0.1629429701535952,0.09373719429326521
13,0.019164567926671913,0.15606437059016723,0.14881507164785512,0.0,0.050814671838655574,0.09946439844042848,0.05582081588206997,0.18136262589545346
19,0.050806143480456374,0.2244015925524221,0.25105857722968905,0.050814671838655574,0.0,0.12352364787855873,0.06914593770140938,0.16494566488894796
20,0.1268017756200134,0.09697391766382499,0.05992314243818169,0.09946439844042848,0.12352364787855873,0.0,0.16703166374167364,0.15698740814976064
21,0.060755257859294684,0.2042461385377294,0.1629429701535952,0.05582081588206997,0.06914593770140938,0.16703166374167364,0.0,0.12137191392384859
24,0.10673051044509221,0.10701813781846475,0.09373719429326521,0.18136262589545346,0.16494566488894796,0.15698740814976064,0.12137191392384859,0.0
