,18,19,25,27,108,112,120,125
18,0.0,0.09504119833705271,0.20140869276122447,0.0884197731198216,1.0000080874451283,0.712167081586636,1.0000381290694613,0.9998569692687502
19,0.09504119833705271,0.0,0.268957179412997,0.18293835985918658,0.36798345716860126,1.9779633263988283,1.0133893572544435,0.4051738740567887
25,0.20140869276122447,0.268957179412997,0.0,0.20874672956775853,0.5200749062443965,2.8301860460326576,0.9997568581108874,0.9999070527026058
27,0.0884197731198216,0.18293835985918658,0.20874672956775853,0.0,0.4809801669825763,2.205895442834169,1.3067277221072404,1.17700948962929
108,1.0000080874451283,0.36798345716860126,0.5200749062443965,0.4809801669825763,0.0,0.5593243622470123,0.9997207382710737,0.21628171874770283
112,0.712167081586636,1.9779633263988283,2.8301860460326576,2.205895442834169,0.5593243622470123,0.0,0.5669115913950528,0.3054787508300174
120,1.0000381290694613,1.0133893572544435,0.9997568581108874,1.3067277221072404,0.9997207382710737,0.5669115913950528,0.0,0.9276952927645088
125,0.9998569692687502,0.4051738740567887,0.9999070527026058,1.17700948962929,0.21628171874770283,0.3054787508300174,0.9276952927645088,0.0
