,2,17,22,29,98,113,114,127
2,0.0,0.1183003396475271,0.09046463587439843,0.30156521832627237,0.9751579801857294,1.4106990974877975,0.8875707729444111,0.99986654514226
17,0.1183003396475271,0.0,0.05396854177226654,0.2641818701872522,0.999951087778101,3.2723757108817115,0.5188955910250284,1.885127192160751
22,0.09046463587439843,0.05396854177226654,0.0,0.16817302288764474,1.2393611718828372,1.183013358978253,0.9999664447632436,1.0001292818812721
29,0.30156521832627237,0.2641818701872522,0.16817302288764474,0.0,0.7154476244360487,0.30759841193487775,0.7074047582784737,2.3110142076080877
98,0.9751579801857294,0.999951087778101,1.2393611718828372,0.7154476244360487,0.0,0.4572082705457137,0.15315758242045066,0.22636210971751022
113,1.4106990974877975,3.2723757108817115,1.183013358978253,0.30759841193487775,0.4572082705457137,0.0,0.3507836990950753,0.39269480643367166
114,0.8875707729444111,0.5188955910250284,0.9999664447632436,0.7074047582784737,0.15315758242045066,0.3507836990950753,0.0,0.31409914226779556
127,0.99986654514226,1.885127192160751,1.0001292818812721,2.3110142076080877,0.22636210971751022,0.39269480643367166,0.31409914226779556,0.0
