,1,12,13,15,18,21,26,27
1,0.0,0.012273405278689788,0.15585264830765766,0.25785020021422905,0.14173018663807135,0.12096596710656284,0.2791616206743874,0.19951142831646962
12,0.012273405278689788,0.0,0.16038526166324601,0.2518481332484216,0.1695703732340391,0.13611572707517133,0.31185407684723576,0.2441935302308565
13,0.15585264830765766,0.16038526166324601,0.0,0.12180274320719543,0.06238549970391012,0.055820802573351945,0.22016867214912061,0.10233316497073568
15,0.25785020021422905,0.2518481332484216,0.12180274320719543,0.0,0.16463530063452553,0.21569317795052043,0.2751464534538039,0.20256564932024168
18,0.14173018663807135,0.1695703732340391,0.06238549970391012,0.16463530063452553,0.0,0.029558681091991147,0.2128634585126974,0.08841973095799832
21,0.12096596710656284,0.13611572707517133,0.055820802573351945,0.21569317795052043,0.029558681091991147,0.0,0.15963362795018024,0.10529576846920302
26,0.2791616206743874,0.31185407684723576,0.22016867214912061,0.2751464534538039,0.2128634585126974,0.15963362795018024,0.0,0.09183256591397268
27,0.19951142831646962,0.2441935302308565,0.10233316497073568,0.20256564932024168,0.08841973095799832,0.10529576846920302,0.09183256591397268,0.0
