,0,20,21,24,102,117,122,125
0,0.0,0.12680186631574336,0.060755315800051314,0.10673061223128734,1.4759250833853867,1.000050212935161,1.0000510700936496,0.7295584774571648
20,0.12680186631574336,0.0,0.16703176330033315,0.15698746429284285,0.9999385186803339,0.6571633488138985,0.99996857628036,1.0000148290317976
21,0.060755315800051314,0.16703176330033315,0.0,0.12137197179850091,1.3692485587717522,0.6956161780014892,2.5057610796610224,1.00008297807022
24,0.10673061223128734,0.15698746429284285,0.12137197179850091,0.0,0.999904601285015,0.9999378896253621,0.17489618697553697,1.0001974957996733
102,1.4759250833853867,0.9999385186803339,1.3692485587717522,0.999904601285015,0.0,0.34403276133590954,0.14399170199049846,0.09541811557321046
117,1.000050212935161,0.6571633488138985,0.6956161780014892,0.9999378896253621,0.34403276133590954,0.0,0.19654910599392827,0.2816137834481962
122,1.0000510700936496,0.99996857628036,2.5057610796610224,0.17489618697553697,0.14399170199049846,0.19654910599392827,0.0,0.08078345456117994
125,0.7295584774571648,1.0000148290317976,1.00008297807022,1.0001974957996733,0.09541811557321046,0.2816137834481962,0.08078345456117994,0.0
