,100,103,108,111,113,116,117,125
100,0.0,0.46413686600208326,0.8633175191115815,0.4026434729349701,0.593091295992567,0.10055573932302883,0.23433053327062248,0.5285047225548622
103,0.46413686600208326,0.0,0.2610302687866386,0.05404819639687091,0.18431237932327982,0.5142240143133433,0.2489851793185345,0.10034192391287494
108,0.8633175191115815,0.2610302687866386,0.0,0.25274548351671944,0.09250446093787178,0.7594698289232832,0.4381695176322409,0.21628187344449834
111,0.4026434729349701,0.05404819639687091,0.25274548351671944,0.0,0.1378055809551964,0.6334172328074961,0.28844032524726365,0.10742029530094305
113,0.593091295992567,0.18431237932327982,0.09250446093787178,0.1378055809551964,0.0,0.5268929308456494,0.4447043277286146,0.20994168365645408
116,0.10055573932302883,0.5142240143133433,0.7594698289232832,0.6334172328074961,0.5268929308456494,0.0,0.3487231944979052,0.6186584351721875
117,0.23433053327062248,0.2489851793185345,0.4381695176322409,0.28844032524726365,0.4447043277286146,0.3487231944979052,0.0,0.2816137834481962
125,0.5285047225548622,0.10034192391287494,0.21628187344449834,0.10742029530094305,0.20994168365645408,0.6186584351721875,0.2816137834481962,0.0
