,6,9,11,24,101,107,118,125
6,0.0,0.1739302912360185,0.1065006199083397,0.31257135447061407,0.6156475370070695,1.3959965568710206,0.4832346908331634,1.0000343339343525
9,0.1739302912360185,0.0,0.10030322335084524,0.15099293345215212,0.999853068160357,1.6780942425484593,1.23084525394565,0.5543010987894884
11,0.1065006199083397,0.10030322335084524,0.0,0.19881929170313428,0.9999818567802948,0.9999865279540058,0.999998772939605,1.0000994941089763
24,0.31257135447061407,0.15099293345215212,0.19881929170313428,0.0,1.569331088185383,1.0000034438017065,1.4191141038495454,1.0001974957705637
101,0.6156475370070695,0.999853068160357,0.9999818567802948,1.569331088185383,0.0,0.20427910844067446,0.531247580577566,0.31434460561943156
107,1.3959965568710206,1.6780942425484593,0.9999865279540058,1.0000034438017065,0.20427910844067446,0.0,0.32264374779698973,0.5223639574930617
118,0.4832346908331634,1.23084525394565,0.999998772939605,1.4191141038495454,0.531247580577566,0.32264374779698973,0.0,0.8505780661374714
125,1.0000343339343525,0.5543010987894884,1.0000994941089763,1.0001974957705637,0.31434460561943156,0.5223639574930617,0.8505780661374714,0.0
