,100,102,105,110,116,117,121,125
100,0.0,0.5011655533765551,0.46561038185528797,0.2768323026134244,0.10055571534867519,0.23433050533624777,0.4683938954374418,0.5285047225548622
102,0.5011655533765551,0.0,0.9991595781494742,0.8697219033934004,0.672027998388212,0.3440327203240109,0.1850221335143264,0.09541809282376164
105,0.46561038185528797,0.9991595781494742,0.0,0.1816616187604438,0.31379678156763147,0.5966432821042491,0.8273218464204726,0.832361680920366
110,0.2768323026134244,0.8697219033934004,0.1816616187604438,0.0,0.18593572829087457,0.34314387136958757,0.7600715421378594,0.7054851462349951
116,0.10055571534867519,0.672027998388212,0.31379678156763147,0.18593572829087457,0.0,0.34872315292686334,0.3827432782977648,0.6186584351721875
117,0.23433050533624777,0.3440327203240109,0.5966432821042491,0.34314387136958757,0.34872315292686334,0.0,0.28255305093203975,0.28161374987721915
121,0.4683938954374418,0.1850221335143264,0.8273218464204726,0.7600715421378594,0.3827432782977648,0.28255305093203975,0.0,0.08019288879137548
125,0.5285047225548622,0.09541809282376164,0.832361680920366,0.7054851462349951,0.6186584351721875,0.28161374987721915,0.08019288879137548,0.0
