,1,7,12,15,17,22,26,28
1,0.0,0.20685810216598136,0.012273422835949429,0.25785032316681505,0.14843566877798492,0.16649294649842955,0.27916182034640963,0.12022316192982659
7,0.20685810216598136,0.0,0.21296975680847677,0.1289169237758147,0.19165306477730115,0.1360453233244902,0.14932873483247236,0.11754909752863159
12,0.012273422835949429,0.21296975680847677,0.0,0.2518482233163488,0.15828168438895043,0.19108616125698086,0.3118544486064868,0.1417000143891641
15,0.25785032316681505,0.1289169237758147,0.2518482233163488,0.0,0.3245135583762625,0.2809155683684913,0.27514658465388814,0.2630686167432008
17,0.14843566877798492,0.19165306477730115,0.15828168438895043,0.3245135583762625,0.0,0.05396854177226654,0.16323881821996056,0.1533380392615102
22,0.16649294649842955,0.1360453233244902,0.19108616125698086,0.2809155683684913,0.05396854177226654,0.0,0.0944514167295369,0.11459246206996243
26,0.27916182034640963,0.14932873483247236,0.3118544486064868,0.27514658465388814,0.16323881821996056,0.0944514167295369,0.0,0.15947423775741862
28,0.12022316192982659,0.11754909752863159,0.1417000143891641,0.2630686167432008,0.1533380392615102,0.11459246206996243,0.15947423775741862,0.0
