,4,13,14,16,19,20,22,29
4,0.0,0.19638118123287748,0.20706778867447737,0.16448499443798312,0.23452953841962995,0.2790325293362637,0.10066231382580001,0.2199359393912172
13,0.19638118123287748,0.0,0.027667667189189605,0.12300435512221201,0.05081470818415414,0.09946446958293556,0.20984640247246455,0.18174973572580194
14,0.20706778867447737,0.027667667189189605,0.0,0.10923581720793095,0.06318645349496368,0.1258366558063664,0.19824165952625378,0.14482684741844326
16,0.16448499443798312,0.12300435512221201,0.10923581720793095,0.0,0.16268562658328706,0.16267971163123873,0.1327573790045544,0.24490152339108454
19,0.23452953841962995,0.05081470818415414,0.06318645349496368,0.16268562658328706,0.0,0.12352370677923799,0.2778748146441124,0.13877780192686223
20,0.2790325293362637,0.09946446958293556,0.1258366558063664,0.16267971163123873,0.12352370677923799,0.0,0.19338046066874215,0.12339837083361054
22,0.10066231382580001,0.20984640247246455,0.19824165952625378,0.1327573790045544,0.2778748146441124,0.19338046066874215,0.0,0.16817302288764474
29,0.2199359393912172,0.18174973572580194,0.14482684741844326,0.24490152339108454,0.13877780192686223,0.12339837083361054,0.16817302288764474,0.0
