,5,9,10,24,105,114,116,118
5,0.0,0.17392276491822153,0.30155982596816944,0.2279010605956606,0.3358137982961626,1.2001443372891656,0.35283660920602467,0.9668188670640923
9,0.17392276491822153,0.0,0.1682683570764363,0.1509927894541382,0.8777889939462482,0.9999022080171991,1.5783850160875377,1.23084525394565
10,0.30155982596816944,0.1682683570764363,0.0,0.09373719429326521,0.3764010079141257,1.0000501808684061,1.0000231029184077,4.415614457568257
24,0.2279010605956606,0.1509927894541382,0.09373719429326521,0.0,2.0654839676401133,0.43125223478327324,0.5867777631882727,1.4191141038495454
105,0.3358137982961626,0.8777889939462482,0.3764010079141257,2.0654839676401133,0.0,0.7573256225329629,0.31379666934517736,0.08474228222060931
114,1.2001443372891656,0.9999022080171991,1.0000501808684061,0.43125223478327324,0.7573256225329629,0.0,0.5054925949977603,0.7306398168964536
116,0.35283660920602467,1.5783850160875377,1.0000231029184077,0.5867777631882727,0.31379666934517736,0.5054925949977603,0.0,0.2551807364299874
118,0.9668188670640923,1.23084525394565,4.415614457568257,1.4191141038495454,0.08474228222060931,0.7306398168964536,0.2551807364299874,0.0
