,8,11,14,15,23,24,26,31
8,0.0,0.0813133013746227,0.16547041996028072,0.21054251402130328,0.08658026234978608,0.2235224702593037,0.2718181289621989,0.253493833669698
11,0.0813133013746227,0.0,0.1835312736687791,0.2717612024207663,0.028022144718310188,0.19880037911971893,0.2962896753553252,0.2560224717849082
14,0.16547041996028072,0.1835312736687791,0.0,0.13181133773010803,0.18872085563530702,0.1752379686659952,0.20828826313883483,0.06474588470016505
15,0.21054251402130328,0.2717612024207663,0.13181133773010803,0.0,0.2746335135639725,0.27374520912114747,0.2751303819167113,0.0993486932597717
23,0.08658026234978608,0.028022144718310188,0.18872085563530702,0.2746335135639725,0.0,0.17052522898326722,0.19572094805214027,0.33772357644928724
24,0.2235224702593037,0.19880037911971893,0.1752379686659952,0.27374520912114747,0.17052522898326722,0.0,0.0330167071746415,0.17484769834237893
26,0.2718181289621989,0.2962896753553252,0.20828826313883483,0.2751303819167113,0.19572094805214027,0.0330167071746415,0.0,0.18841392764474982
31,0.253493833669698,0.2560224717849082,0.06474588470016505,0.0993486932597717,0.33772357644928724,0.17484769834237893,0.18841392764474982,0.0
