,15,17,25,31,110,111,120,127
15,0.0,0.32451348100621025,0.2607914599786843,0.09936475405519643,0.3482383561942192,1.000026858455907,2.251543148024155,0.9999906320829229
17,0.32451348100621025,0.0,0.09684002755549247,0.36848219028227347,1.0000161172854922,1.0000153410013641,0.9200487651939699,1.8851270797984179
25,0.2607914599786843,0.09684002755549247,0.0,0.22722780348853003,2.2496913795926727,0.9344399433057733,0.9997568581108874,2.5886926510208585
31,0.09936475405519643,0.36848219028227347,0.22722780348853003,0.0,0.5293658508391834,0.9996985020983554,1.0000286300570362,0.9999999382453116
110,0.3482383561942192,1.0000161172854922,2.2496913795926727,0.5293658508391834,0.0,0.7603236995709679,0.0700263074458625,0.31754837027464927
111,1.000026858455907,1.0000153410013641,0.9344399433057733,0.9996985020983554,0.7603236995709679,0.0,0.9194056236835089,0.47621332776854575
120,2.251543148024155,0.9200487651939699,0.9997568581108874,1.0000286300570362,0.0700263074458625,0.9194056236835089,0.0,0.44670927512763065
127,0.9999906320829229,1.8851270797984179,2.5886926510208585,0.9999999382453116,0.31754837027464927,0.47621332776854575,0.44670927512763065,0.0
