,10,14,23,29,97,98,104,105
10,0.0,0.138109302025531,0.19499734800446447,0.06363514803484545,1.0000698787083377,0.490843857021724,0.3721939908756355,0.3764010079141257
14,0.138109302025531,0.0,0.18873930430586747,0.14482684741844326,2.0266731900270143,1.00026380239771,0.7573596138096674,4.252524241740295
23,0.19499734800446447,0.18873930430586747,0.0,0.220072710893553,0.7008428818214207,1.1861385653959327,0.9999483886499113,0.6383582654182927
29,0.06363514803484545,0.14482684741844326,0.220072710893553,0.0,1.0001114481964077,0.7154476244360487,0.9999981599402066,0.9999727557843127
97,1.0000698787083377,2.0266731900270143,0.7008428818214207,1.0001114481964077,0.0,0.4785604759147082,0.8438283369726745,0.9943259115072728
98,0.490843857021724,1.00026380239771,1.1861385653959327,0.7154476244360487,0.4785604759147082,0.0,0.3981769871539792,0.5618748410144987
104,0.3721939908756355,0.7573596138096674,0.9999483886499113,0.9999981599402066,0.8438283369726745,0.3981769871539792,0.0,0.2353329173157803
105,0.3764010079141257,4.252524241740295,0.6383582654182927,0.9999727557843127,0.9943259115072728,0.5618748410144987,0.2353329173157803,0.0
