,96,99,113,114,115,116,120,124
96,0.0,0.96317877912921,0.09582732042486077,0.3787676404226314,0.4027889116884973,0.7607982450497802,0.8190914510193431,0.9995490393148531
99,0.96317877912921,0.0,0.47762798076924556,0.6081547555696927,0.43453214087682024,0.13817365798233472,0.08917971981070295,0.2774926465700011
113,0.09582732042486077,0.47762798076924556,0.0,0.35078361546173414,0.392960793569888,0.5268929936561851,0.5828678430313611,0.6422758079576082
114,0.3787676404226314,0.6081547555696927,0.35078361546173414,0.0,0.17043217159529037,0.505492655257177,0.7264550012217746,0.6563767577913728
115,0.4027889116884973,0.43453214087682024,0.392960793569888,0.17043217159529037,0.0,0.3424550940018995,0.5487810056917743,0.5766085259867391
116,0.7607982450497802,0.13817365798233472,0.5268929936561851,0.505492655257177,0.3424550940018995,0.0,0.22928349251256297,0.28427258945943784
120,0.8190914510193431,0.08917971981070295,0.5828678430313611,0.7264550012217746,0.5487810056917743,0.22928349251256297,0.0,0.2196094743571167
124,0.9995490393148531,0.2774926465700011,0.6422758079576082,0.6563767577913728,0.5766085259867391,0.28427258945943784,0.2196094743571167,0.0
