,9,10,11,13,22,25,28,29
9,0.0,0.1682683570764363,0.10030310378015656,0.08177936759419012,0.13705253013187088,0.13948095990944803,0.07303996138372934,0.24201362485491357
10,0.1682683570764363,0.0,0.22859754001233779,0.14881507164785512,0.15674543104615868,0.23022103051058188,0.12125653783033032,0.06363507217588278
11,0.10030310378015656,0.22859754001233779,0.0,0.19019092210983232,0.08221587351940754,0.037795467117481586,0.13297966575441297,0.24924443235058147
13,0.08177936759419012,0.14881507164785512,0.19019092210983232,0.0,0.2098463274255563,0.2543419807215718,0.08312432200875187,0.1817496490607951
22,0.13705253013187088,0.15674543104615868,0.08221587351940754,0.2098463274255563,0.0,0.09193493634888218,0.11459238010707579,0.16817294269651753
25,0.13948095990944803,0.23022103051058188,0.037795467117481586,0.2543419807215718,0.09193493634888218,0.0,0.14794428229496273,0.2892516379876376
28,0.07303996138372934,0.12125653783033032,0.13297966575441297,0.08312432200875187,0.11459238010707579,0.14794428229496273,0.0,0.17039495473565427
29,0.24201362485491357,0.06363507217588278,0.24924443235058147,0.1817496490607951,0.16817294269651753,0.2892516379876376,0.17039495473565427,0.0
