,5,28,30,31,99,101,110,120
5,0.0,0.17212995926862856,0.1125788042890127,0.0645721628858162,1.7104275061689278,0.999588734603799,1.187101298007192,0.9677696990586431
28,0.17212995926862856,0.0,0.1505541441078047,0.15925853502403986,0.9483157006908922,0.9999522498560737,0.9999895514283877,0.472550639409713
30,0.1125788042890127,0.1505541441078047,0.0,0.13971958446020336,0.3851017196554276,0.5873021629063869,1.2995491144532205,1.39397706604731
31,0.0645721628858162,0.15925853502403986,0.13971958446020336,0.0,0.9813986340517352,1.0853551465444462,0.5293658508391834,1.0000286300570362
99,1.7104275061689278,0.9483157006908922,0.3851017196554276,0.9813986340517352,0.0,0.4395507427607894,0.08479171594641509,0.08917971981070295
101,0.999588734603799,0.9999522498560737,0.5873021629063869,1.0853551465444462,0.4395507427607894,0.0,0.4367992457124039,0.5348172211887746
110,1.187101298007192,0.9999895514283877,1.2995491144532205,0.5293658508391834,0.08479171594641509,0.4367992457124039,0.0,0.0700263074458625
120,0.9677696990586431,0.472550639409713,1.39397706604731,1.0000286300570362,0.08917971981070295,0.5348172211887746,0.0700263074458625,0.0
