,2,5,10,14,20,21,22,29
2,0.0,0.283409117337266,0.1869810437964587,0.18452677240271187,0.23025907171004106,0.20296622066436068,0.09046463587439843,0.30156521832627237
5,0.283409117337266,0.0,0.30155996976313415,0.10767103740138319,0.13163389883184312,0.12287494664144226,0.2723514580708329,0.1881085079194662
10,0.1869810437964587,0.30155996976313415,0.0,0.138109302025531,0.05992315672497387,0.1629430672752027,0.15674554315926764,0.06363514803484545
14,0.18452677240271187,0.10767103740138319,0.138109302025531,0.0,0.1258366558063664,0.04811288788859489,0.19824165952625378,0.14482684741844326
20,0.23025907171004106,0.13163389883184312,0.05992315672497387,0.1258366558063664,0.0,0.1670317433885965,0.19338046066874215,0.12339837083361054
21,0.20296622066436068,0.12287494664144226,0.1629430672752027,0.04811288788859489,0.1670317433885965,0.0,0.19518349374046698,0.1618506888868823
22,0.09046463587439843,0.2723514580708329,0.15674554315926764,0.19824165952625378,0.19338046066874215,0.19518349374046698,0.0,0.16817302288764474
29,0.30156521832627237,0.1881085079194662,0.06363514803484545,0.14482684741844326,0.12339837083361054,0.1618506888868823,0.16817302288764474,0.0
