,5,7,11,18,25,26,28,30
5,0.0,0.17623587320493841,0.27973206646080956,0.13232858934512173,0.31710071340412394,0.28428241713000574,0.17212989771016912,0.11257875060726838
7,0.17623587320493841,0.0,0.1968037727021252,0.09859167945290884,0.19260791971093308,0.14932861022291763,0.11754901345099524,0.08228378255468771
11,0.27973206646080956,0.1968037727021252,0.0,0.19548266601310912,0.03779544909520275,0.29631079775625097,0.1329796340495938,0.23181968038178943
18,0.13232858934512173,0.09859167945290884,0.19548266601310912,0.0,0.20140869276122447,0.2128634585126974,0.06888818766389182,0.13919008414369785
25,0.31710071340412394,0.19260791971093308,0.03779544909520275,0.20140869276122447,0.0,0.2341539986732992,0.147944264658631,0.23381139011157745
26,0.28428241713000574,0.14932861022291763,0.29631079775625097,0.2128634585126974,0.2341539986732992,0.0,0.15947408567100646,0.20196673156968842
28,0.17212989771016912,0.11754901345099524,0.1329796340495938,0.06888818766389182,0.147944264658631,0.15947408567100646,0.0,0.15055409026545666
30,0.11257875060726838,0.08228378255468771,0.23181968038178943,0.13919008414369785,0.23381139011157745,0.20196673156968842,0.15055409026545666,0.0
