,98,100,103,110,112,114,123,125
98,0.0,0.21734228158182195,0.33645203571213145,0.4762314374406192,0.06925988156097297,0.1531576371938802,0.2060622504591763,0.3040364550100388
100,0.21734228158182195,0.0,0.4641368936667971,0.27683233561440845,0.3488693473368906,0.3302073096350351,0.03233245421436901,0.5285047225548622
103,0.33645203571213145,0.4641368936667971,0.0,0.7857886549705534,0.3513334751385378,0.18362419385779225,0.42864337452221546,0.1003419717596442
110,0.4762314374406192,0.27683233561440845,0.7857886549705534,0.0,0.4923286458428903,0.63631871148366,0.3099185594874781,0.7054852303353832
112,0.06925988156097297,0.3488693473368906,0.3513334751385378,0.4923286458428903,0.0,0.16759172185225116,0.1692315555859407,0.3054788964936716
114,0.1531576371938802,0.3302073096350351,0.18362419385779225,0.63631871148366,0.16759172185225116,0.0,0.34328031979150514,0.169570534949026
123,0.2060622504591763,0.03233245421436901,0.42864337452221546,0.3099185594874781,0.1692315555859407,0.34328031979150514,0.0,0.444452852709834
125,0.3040364550100388,0.5285047225548622,0.1003419717596442,0.7054852303353832,0.3054788964936716,0.169570534949026,0.444452852709834,0.0
