,1,6,14,19,96,106,107,118
1,0.0,0.18808718363644533,0.1595531521399402,0.20098172373929918,0.8357254604760171,0.9999714629409115,1.5885242648964124,1.000077491681706
6,0.18808718363644533,0.0,0.23756978023676653,0.3198648945351222,1.0090113742069144,1.0000252271673746,1.3959965568710206,0.4832346908331634
14,0.1595531521399402,0.23756978023676653,0.0,0.06318643843014102,1.00007183583222,0.4542020297192727,2.015873271545111,0.9999889652889955
19,0.20098172373929918,0.3198648945351222,0.06318643843014102,0.0,0.9961338742300344,1.4506647701285553,0.852116961705782,1.0000633005645407
96,0.8357254604760171,1.0090113742069144,1.00007183583222,0.9961338742300344,0.0,0.18964059611508174,0.6625885520452771,0.9991549085949968
106,0.9999714629409115,1.0000252271673746,0.4542020297192727,1.4506647701285553,0.18964059611508174,0.0,0.5693263586146307,0.9619162444209923
107,1.5885242648964124,1.3959965568710206,2.015873271545111,0.852116961705782,0.6625885520452771,0.5693263586146307,0.0,0.32264374779698973
118,1.000077491681706,0.4832346908331634,0.9999889652889955,1.0000633005645407,0.9991549085949968,0.9619162444209923,0.32264374779698973,0.0
