,7,9,15,17,25,27,28,31
7,0.0,0.1248160160713955,0.1289168623034498,0.19165304193047683,0.19260794267158773,0.052045882838560216,0.11754904147686734,0.13764799800684221
9,0.1248160160713955,0.0,0.19002679854118215,0.21013863835804727,0.13948095990944803,0.13770133732897097,0.07303996138372934,0.09089744673399752
15,0.1289168623034498,0.19002679854118215,0.0,0.3245134036361764,0.2607914599786843,0.20256567346795026,0.26306852266254893,0.09936473036479578
17,0.19165304193047683,0.21013863835804727,0.3245134036361764,0.0,0.09684000446703345,0.1732381989401042,0.15333794786494384,0.36848219028227347
25,0.19260794267158773,0.13948095990944803,0.2607914599786843,0.09684000446703345,0.0,0.20874672956775853,0.14794428229496273,0.22722780348853003
27,0.052045882838560216,0.13770133732897097,0.20256567346795026,0.1732381989401042,0.20874672956775853,0.0,0.10502496394770643,0.17334900956107102
28,0.11754904147686734,0.07303996138372934,0.26306852266254893,0.15333794786494384,0.14794428229496273,0.10502496394770643,0.0,0.15925849705385076
31,0.13764799800684221,0.09089744673399752,0.09936473036479578,0.36848219028227347,0.22722780348853003,0.17334900956107102,0.15925849705385076,0.0
