,11,15,24,31,104,105,106,116
11,0.0,0.2717747120803129,0.1988192443009269,0.25604166974629067,1.1825084519974725,0.9999696736900773,0.7256990720823009,1.6017233673531945
15,0.2717747120803129,0.0,0.27376606238442563,0.09936480143601467,0.9991679429818633,0.7569653546362314,1.4362261050917917,0.21871966086358854
24,0.1988192443009269,0.27376606238442563,0.0,0.17486183078608233,1.0000771353214084,2.0654849525398538,0.8795704087802253,0.5867776932389165
31,0.25604166974629067,0.09936480143601467,0.17486183078608233,0.0,0.7848864436465401,1.5118645611502275,0.9995879138645518,1.000054446672638
104,1.1825084519974725,0.9991679429818633,1.0000771353214084,0.7848864436465401,0.0,0.2353329173157803,0.8342647856615031,0.18482089055283069
105,0.9999696736900773,0.7569653546362314,2.0654849525398538,1.5118645611502275,0.2353329173157803,0.0,0.9983376388059471,0.31379678156763147
106,0.7256990720823009,1.4362261050917917,0.8795704087802253,0.9995879138645518,0.8342647856615031,0.9983376388059471,0.0,0.6635882899297753
116,1.6017233673531945,0.21871966086358854,0.5867776932389165,1.000054446672638,0.18482089055283069,0.31379678156763147,0.6635882899297753,0.0
