,104,109,115,121,122,123,124,126
104,0.0,0.84451168469205,0.4842298219209775,0.651710563416958,0.6555828046223188,0.28129446960794285,0.14842598997744486,0.2201264986241884
109,0.84451168469205,0.0,0.5543847596480074,0.2921355375981207,0.37350043806992195,0.6840342215245862,0.8024609818382658,1.1715018656585485
115,0.4842298219209775,0.5543847596480074,0.0,0.17779527247820326,0.18143943678633018,0.23128313197954845,0.5766085259867391,0.46344054240014354
121,0.651710563416958,0.2921355375981207,0.17779527247820326,0.0,0.17415309739169724,0.44810708320519055,0.8507513075476508,0.9356672862155118
122,0.6555828046223188,0.37350043806992195,0.18143943678633018,0.17415309739169724,0.0,0.43935609912518025,0.9841316637165244,0.8660688493165063
123,0.28129446960794285,0.6840342215245862,0.23128313197954845,0.44810708320519055,0.43935609912518025,0.0,0.3950438992963381,0.48614767410257664
124,0.14842598997744486,0.8024609818382658,0.5766085259867391,0.8507513075476508,0.9841316637165244,0.3950438992963381,0.0,0.11350809223419328
126,0.2201264986241884,1.1715018656585485,0.46344054240014354,0.9356672862155118,0.8660688493165063,0.48614767410257664,0.11350809223419328,0.0
