,4,8,14,16,18,20,22,28
4,0.0,0.21969247902103928,0.20706778867447737,0.16446636776036544,0.1874711260634465,0.27902753989043544,0.10065264238480642,0.17753296796602938
8,0.21969247902103928,0.0,0.16547049886274437,0.041346208079890374,0.1854025772033229,0.17029563446555834,0.15098452779805743,0.10117420599580679
14,0.20706778867447737,0.16547049886274437,0.0,0.109221702354139,0.03806784142667545,0.12582144581474844,0.19822615737811686,0.07683658605496234
16,0.16446636776036544,0.041346208079890374,0.109221702354139,0.0,0.11670191570117484,0.16266239466395122,0.13273712338154786,0.06613536989292529
18,0.1874711260634465,0.1854025772033229,0.03806784142667545,0.11670191570117484,0.0,0.18127147680499153,0.17905779656094675,0.06887288198786223
20,0.27902753989043544,0.17029563446555834,0.12582144581474844,0.16266239466395122,0.18127147680499153,0.0,0.19336195019860877,0.14775266428436976
22,0.10065264238480642,0.15098452779805743,0.19822615737811686,0.13273712338154786,0.17905779656094675,0.19336195019860877,0.0,0.11457798286964023
28,0.17753296796602938,0.10117420599580679,0.07683658605496234,0.06613536989292529,0.06887288198786223,0.14775266428436976,0.11457798286964023,0.0
