,99,100,105,110,113,118,121,126
99,0.0,0.2668707551578263,0.2997391130415356,0.08479167551458386,0.47762798076924556,0.1839886685328138,0.6847943410815311,0.29710489659848077
100,0.2668707551578263,0.0,0.4656102430926016,0.27683213760856296,0.5930911545885998,0.35180957939080043,0.46839381168209404,0.42929491227500466
105,0.2997391130415356,0.4656102430926016,0.0,0.18166148882597521,1.1742260448108273,0.08474226201647721,0.8273213532983719,0.10165546751683759
110,0.08479167551458386,0.27683213760856296,0.18166148882597521,0.0,0.602230218943717,0.11568443298430958,0.7600713156189218,0.2735262316110782
113,0.47762798076924556,0.5930911545885998,1.1742260448108273,0.602230218943717,0.0,0.6595155345604252,0.19049749741555017,0.9995939551809907
118,0.1839886685328138,0.35180957939080043,0.08474226201647721,0.11568443298430958,0.6595155345604252,0.0,0.6122076636005417,0.1865865730189666
121,0.6847943410815311,0.46839381168209404,0.8273213532983719,0.7600713156189218,0.19049749741555017,0.6122076636005417,0.0,0.9356672653017184
126,0.29710489659848077,0.42929491227500466,0.10165546751683759,0.2735262316110782,0.9995939551809907,0.1865865730189666,0.9356672653017184,0.0
