,96,101,104,105,112,115,120,125
96,0.0,0.5268721409697411,0.9056573734133839,0.9991848401836468,0.31608499587524946,0.40278919978568034,0.8190914510193431,0.21412860963154745
101,0.5268721409697411,0.0,0.3926544324098821,0.598162638663569,0.05615895911856645,0.1429883919758565,0.5348172849439594,0.31434460561943156
104,0.9056573734133839,0.3926544324098821,0.0,0.23533297342352674,0.39087115197663114,0.4842299373703774,0.17762357119570926,0.48568227107637524
105,0.9991848401836468,0.598162638663569,0.23533297342352674,0.0,0.6820958771585462,0.7171918612531374,0.15139345439562302,0.832361680920366
112,0.31608499587524946,0.05615895911856645,0.39087115197663114,0.6820958771585462,0.0,0.16210564886358478,0.5669117265573249,0.3054788964936716
115,0.40278919978568034,0.1429883919758565,0.4842299373703774,0.7171918612531374,0.16210564886358478,0.0,0.548781267371012,0.22972758678388788
120,0.8190914510193431,0.5348172849439594,0.17762357119570926,0.15139345439562302,0.5669117265573249,0.548781267371012,0.0,0.9276953135001147
125,0.21412860963154745,0.31434460561943156,0.48568227107637524,0.832361680920366,0.3054788964936716,0.22972758678388788,0.9276953135001147,0.0
