,3,11,16,19,99,109,111,112
3,0.0,0.13161415979664598,0.2281946631299448,0.22440164605393734,0.9987126508524932,0.8690426700158905,0.7759626635802098,1.0002568089354515
11,0.13161415979664598,0.0,0.0659951686244958,0.2662660626893945,0.9999819435190536,11.714192309205641,1.0417258938154117,0.9998171236549225
16,0.2281946631299448,0.0659951686244958,0.0,0.16268558779601575,1.7670822474227714,1.5651965361556741,1.6608816852352626,1.2700061756885013
19,0.22440164605393734,0.2662660626893945,0.16268558779601575,0.0,0.999955275321288,0.566654807490901,1.0571478061089417,1.9779633263988283
99,0.9987126508524932,0.9999819435190536,1.7670822474227714,0.999955275321288,0.0,0.9693520763026422,0.6263633917609085,0.42395128954226435
109,0.8690426700158905,11.714192309205641,1.5651965361556741,0.566654807490901,0.9693520763026422,0.0,0.2596499611326388,0.6106045890092493
111,0.7759626635802098,1.0417258938154117,1.6608816852352626,1.0571478061089417,0.6263633917609085,0.2596499611326388,0.0,0.2074408093904407
112,1.0002568089354515,0.9998171236549225,1.2700061756885013,1.9779633263988283,0.42395128954226435,0.6106045890092493,0.2074408093904407,0.0
