,3,5,7,9,10,11,24,26
3,0.0,0.21912850863844135,0.065147023360917,0.16434356294400043,0.08476024559983364,0.13161415979664598,0.10701816333358015,0.16973645486819405
5,0.21912850863844135,0.0,0.1762359362318094,0.17392278565143202,0.3015598619169042,0.2797320998074725,0.2279011149315141,0.28428255268645797
7,0.065147023360917,0.1762359362318094,0.0,0.12481604582985625,0.08289978626218225,0.19680386654549928,0.14137980116378904,0.14932868142836472
9,0.16434356294400043,0.17392278565143202,0.12481604582985625,0.0,0.1682683570764363,0.1003031276942829,0.1509928254536288,0.17013218983243075
10,0.08476024559983364,0.3015598619169042,0.08289978626218225,0.1682683570764363,0.0,0.22859759451424497,0.09373721664195656,0.13481775351180045
11,0.13161415979664598,0.2797320998074725,0.19680386654549928,0.1003031276942829,0.22859759451424497,0.0,0.19881917319763703,0.29631083307925277
24,0.10701816333358015,0.2279011149315141,0.14137980116378904,0.1509928254536288,0.09373721664195656,0.19881917319763703,0.0,0.03302328077895811
26,0.16973645486819405,0.28428255268645797,0.14932868142836472,0.17013218983243075,0.13481775351180045,0.29631083307925277,0.03302328077895811,0.0
