,7,8,12,13,17,19,20,24
7,0.0,0.12728783612326866,0.21295051359406353,0.09623651342147771,0.19164838123526243,0.173084123934609,0.030028465045503827,0.14136382467776107
8,0.12728783612326866,0.0,0.07386181110616179,0.2404234519840222,0.21377684264777627,0.20700554396492302,0.17029563446555834,0.2235225235512198
12,0.21295051359406353,0.07386181110616179,0.0,0.16036815070134425,0.15828168438895043,0.183199849445898,0.26094013772719216,0.22971822107826265
13,0.09623651342147771,0.2404234519840222,0.16036815070134425,0.0,0.21960183007925305,0.050807972595790625,0.0994501709617529,0.18134476856396403
17,0.19164838123526243,0.21377684264777627,0.15828168438895043,0.21960183007925305,0.0,0.2829935627340428,0.2327358749569775,0.13290049068613505
19,0.173084123934609,0.20700554396492302,0.183199849445898,0.050807972595790625,0.2829935627340428,0.0,0.12350868801555394,0.1649283033246894
20,0.030028465045503827,0.17029563446555834,0.26094013772719216,0.0994501709617529,0.2327358749569775,0.12350868801555394,0.0,0.15697674132845169
24,0.14136382467776107,0.2235225235512198,0.22971822107826265,0.18134476856396403,0.13290049068613505,0.1649283033246894,0.15697674132845169,0.0
