,12,26,27,29,96,120,121,127
12,0.0,0.3118544486064868,0.24419367578158613,0.2754030691494576,1.4063817286369866,0.9999743129653763,0.9997309461141045,0.9998817712740764
26,0.3118544486064868,0.0,0.09183267538698733,0.10077212460676647,0.7735159671932975,1.7283634708274775,1.0000032876366205,0.35918526692087066
27,0.24419367578158613,0.09183267538698733,0.0,0.08181505620793972,0.452104245326556,1.3067277221072404,2.150814761690451,2.333288937427212
29,0.2754030691494576,0.10077212460676647,0.08181505620793972,0.0,0.9998041156588959,0.9293905171218002,0.7970213955424907,2.3110142076080877
96,1.4063817286369866,0.7735159671932975,0.452104245326556,0.9998041156588959,0.0,0.8190914510193431,0.2442526891945975,0.6619194777127181
120,0.9999743129653763,1.7283634708274775,1.3067277221072404,0.9293905171218002,0.8190914510193431,0.0,0.5053732653171354,0.446709381631434
121,0.9997309461141045,1.0000032876366205,2.150814761690451,0.7970213955424907,0.2442526891945975,0.5053732653171354,0.0,0.4704767062924486
127,0.9998817712740764,0.35918526692087066,2.333288937427212,2.3110142076080877,0.6619194777127181,0.446709381631434,0.4704767062924486,0.0
