,96,104,105,106,107,109,112,118
96,0.0,0.9056573666657107,0.9991848400673263,0.1896406413289286,0.6625886705253535,0.14274743486355299,0.31608499587524946,0.9991549087694722
104,0.9056573666657107,0.0,0.23533294536965185,0.8342648105245316,0.18054175753507565,0.84451168469205,0.3908711286788956,0.15506636506628735
105,0.9991848400673263,0.23533294536965185,0.0,0.9983376685587276,0.2643936190061759,1.0000653546194638,0.6820958568305053,0.0847423832413421
106,0.1896406413289286,0.8342648105245316,0.9983376685587276,0.0,0.5693264604181258,0.18069669812638314,0.3863309969387065,0.9619164164250359
107,0.6625886705253535,0.18054175753507565,0.2643936190061759,0.5693264604181258,0.0,0.7239720751184092,0.20151390711084705,0.32264374779698973
109,0.14274743486355299,0.84451168469205,1.0000653546194638,0.18069669812638314,0.7239720751184092,0.0,0.6106048801682757,1.0001517037115353
112,0.31608499587524946,0.3908711286788956,0.6820958568305053,0.3863309969387065,0.20151390711084705,0.6106048801682757,0.0,0.5427231255512622
118,0.9991549087694722,0.15506636506628735,0.0847423832413421,0.9619164164250359,0.32264374779698973,1.0001517037115353,0.5427231255512622,0.0
