,6,13,14,20,21,26,27,30
6,0.0,0.23290648153659632,0.23756980855729293,0.17390607548558204,0.16397777044157363,0.14165969902150435,0.15768264689620534,0.27625324681976793
13,0.23290648153659632,0.0,0.027667660592704493,0.09946444586876088,0.05582084249951553,0.22016882962608286,0.10233318936886637,0.07754231468673656
14,0.23756980855729293,0.027667660592704493,0.0,0.12583662580457333,0.04811286494658763,0.20829717726219601,0.07872186346910412,0.0888136170314287
20,0.17390607548558204,0.09946444586876088,0.12583662580457333,0.0,0.1670317234768622,0.1671108116868702,0.062186330073223495,0.08259472507320473
21,0.16397777044157363,0.05582084249951553,0.04811286494658763,0.1670317234768622,0.0,0.15963370406944388,0.10529584378263246,0.15693881448596841
26,0.14165969902150435,0.22016882962608286,0.20829717726219601,0.1671108116868702,0.15963370406944388,0.0,0.09183260970316288,0.2019668278749537
27,0.15768264689620534,0.10233318936886637,0.07872186346910412,0.062186330073223495,0.10529584378263246,0.09183260970316288,0.0,0.09997870829034886
30,0.27625324681976793,0.07754231468673656,0.0888136170314287,0.08259472507320473,0.15693881448596841,0.2019668278749537,0.09997870829034886,0.0
