,1,12,21,27,97,99,102,119
1,0.0,0.012273416983526757,0.12096599594710027,0.19951149966732926,0.9999489702855774,1.2328840965359513,1.0000516075598502,0.999970729301845
12,0.012273416983526757,0.0,0.13611579198022328,0.24419358845113792,0.9999497532772086,1.5028455063824704,0.9999074891031766,0.8228469620088321
21,0.12096599594710027,0.13611579198022328,0.0,0.10529581867815,2.1815027593805834,0.56386745834024,1.3692482323174955,1.0000000013048123
27,0.19951149966732926,0.24419358845113792,0.10529581867815,0.0,0.9996446935793538,0.9999198552426336,1.6935437425885977,0.7462522580615386
97,0.9999489702855774,0.9999497532772086,2.1815027593805834,0.9996446935793538,0.0,0.8022339391308683,0.08587630467651336,0.5542896344027748
99,1.2328840965359513,1.5028455063824704,0.56386745834024,0.9999198552426336,0.8022339391308683,0.0,0.7466493930755875,0.47006093427420137
102,1.0000516075598502,0.9999074891031766,1.3692482323174955,1.6935437425885977,0.08587630467651336,0.7466493930755875,0.0,0.5368528034593197
119,0.999970729301845,0.8228469620088321,1.0000000013048123,0.7462522580615386,0.5542896344027748,0.47006093427420137,0.5368528034593197,0.0
