,97,112,115,119,120,121,122,127
97,0.0,0.5791488545209901,0.37326918149943683,0.5542898326322309,0.9096082741249232,0.21371036474613275,0.22357145089016553,0.40112203144438585
112,0.5791488545209901,0.0,0.1621056102145909,0.2111088215559837,0.5669116927667539,0.28965759723832735,0.2826157418528134,0.19996347159574218
115,0.37326918149943683,0.1621056102145909,0.0,0.19768326120422636,0.5487811365313775,0.17779527247820326,0.18143943678633018,0.22508348670343953
119,0.5542898326322309,0.2111088215559837,0.19768326120422636,0.0,0.3908766036849128,0.3958934727237438,0.3499583740255141,0.06935560654835674
120,0.9096082741249232,0.5669116927667539,0.5487811365313775,0.3908766036849128,0.0,0.5053732653171354,0.7496796682277945,0.446709381631434
121,0.21371036474613275,0.28965759723832735,0.17779527247820326,0.3958934727237438,0.5053732653171354,0.0,0.17415309739169724,0.4704767062924486
122,0.22357145089016553,0.2826157418528134,0.18143943678633018,0.3499583740255141,0.7496796682277945,0.17415309739169724,0.0,0.4188800101305915
127,0.40112203144438585,0.19996347159574218,0.22508348670343953,0.06935560654835674,0.446709381631434,0.4704767062924486,0.4188800101305915,0.0
