,2,8,10,14,20,23,29,31
2,0.0,0.07616349718892398,0.1869712142189086,0.18449408730191286,0.23024562208288632,0.014588532382132138,0.3015381137153492,0.2564258702901074
8,0.07616349718892398,0.0,0.1931922114096739,0.16547049886274437,0.17029563446555834,0.08658028299213168,0.2948408158869446,0.25349389410734485
10,0.1869712142189086,0.1931922114096739,0.0,0.13809970389850035,0.059918027985463716,0.19497789249551545,0.06362161622679176,0.22874103403272672
14,0.18449408730191286,0.16547049886274437,0.13809970389850035,0.0,0.12582144581474844,0.18872092312715646,0.14480561338735295,0.06474591557341608
20,0.23024562208288632,0.17029563446555834,0.059918027985463716,0.12582144581474844,0.0,0.21237764533061854,0.12338598543976405,0.1596971240257241
23,0.014588532382132138,0.08658028299213168,0.19497789249551545,0.18872092312715646,0.21237764533061854,0.0,0.22004595311462619,0.33772361670907725
29,0.3015381137153492,0.2948408158869446,0.06362161622679176,0.14480561338735295,0.12338598543976405,0.22004595311462619,0.0,0.12776506735174206
31,0.2564258702901074,0.25349389410734485,0.22874103403272672,0.06474591557341608,0.1596971240257241,0.33772361670907725,0.12776506735174206,0.0
