,4,5,9,16,20,21,23,29
4,0.0,0.2979183476876757,0.1883000639028177,0.16448501404612362,0.2790325293362637,0.1664316091591538,0.10797811187035668,0.21993596560962583
5,0.2979183476876757,0.0,0.1739228271178604,0.19667107603720974,0.13163389883184312,0.12287497593711594,0.3343149477560986,0.18810853034374914
9,0.1883000639028177,0.1739228271178604,0.0,0.07064654053349392,0.17843829726307453,0.04459895029555151,0.13018809792227148,0.2420137402560302
16,0.16448501404612362,0.19667107603720974,0.07064654053349392,0.0,0.1626797310241727,0.08313510390815307,0.09428182115846323,0.24490155258562288
20,0.2790325293362637,0.13163389883184312,0.17843829726307453,0.1626797310241727,0.0,0.16703176330033315,0.21239696337636702,0.12339837083361054
21,0.1664316091591538,0.12287497593711594,0.04459895029555151,0.08313510390815307,0.16703176330033315,0.0,0.1833684595085391,0.1618507081809891
23,0.10797811187035668,0.3343149477560986,0.13018809792227148,0.09428182115846323,0.21239696337636702,0.1833684595085391,0.0,0.220072710893553
29,0.21993596560962583,0.18810853034374914,0.2420137402560302,0.24490155258562288,0.12339837083361054,0.1618507081809891,0.220072710893553,0.0
