,12,17,18,21,25,26,27,31
12,0.0,0.15828168438895043,0.1695704338771411,0.13611579198022328,0.1488434053467432,0.3118542999027332,0.24419358845113792,0.18831537345883337
17,0.15828168438895043,0.0,0.22354085672434323,0.20474075815090642,0.09684002755549247,0.1632387793007981,0.17323821959170804,0.36848219028227347
18,0.1695704338771411,0.22354085672434323,0.0,0.029558709281359574,0.20140869276122447,0.21286353463861596,0.0884197731198216,0.07458972784912446
21,0.13611579198022328,0.20474075815090642,0.029558709281359574,0.0,0.16720723799487916,0.15963368503962458,0.10529581867815,0.06684007573549475
25,0.1488434053467432,0.09684002755549247,0.20140869276122447,0.16720723799487916,0.0,0.23415411032665315,0.20874672956775853,0.22722780348853003
26,0.3118542999027332,0.1632387793007981,0.21286353463861596,0.15963368503962458,0.23415411032665315,0.0,0.09183260970316288,0.18844097225684173
27,0.24419358845113792,0.17323821959170804,0.0884197731198216,0.10529581867815,0.20874672956775853,0.09183260970316288,0.0,0.17334903022588452
31,0.18831537345883337,0.36848219028227347,0.07458972784912446,0.06684007573549475,0.22722780348853003,0.18844097225684173,0.17334903022588452,0.0
