,11,13,22,25,107,109,113,125
11,0.0,0.19019094478235837,0.08221589312120162,0.037795476128624224,0.9999865279512773,11.714192309205641,1.8926418668552363,1.000099494138083
13,0.19019094478235837,0.0,0.2098463524411894,0.25434201104150045,1.3541956955667,1.4106202707352833,0.8580400144565345,0.6889042359734673
22,0.08221589312120162,0.2098463524411894,0.0,0.09193495826788169,1.0442840527909243,1.0000351495502422,1.183013358978253,1.7385172191837521
25,0.037795476128624224,0.25434201104150045,0.09193495826788169,0.0,1.3536823158211257,2.09191647765316,0.9999306277366743,0.9999070527026058
107,0.9999865279512773,1.3541956955667,1.0442840527909243,1.3536823158211257,0.0,0.7239719456621256,0.59421142354349,0.5223636461399733
109,11.714192309205641,1.4106202707352833,1.0000351495502422,2.09191647765316,0.7239719456621256,0.0,0.15536074608026723,0.30247091815524785
113,1.8926418668552363,0.8580400144565345,1.183013358978253,0.9999306277366743,0.59421142354349,0.15536074608026723,0.0,0.20994160857547062
125,1.000099494138083,0.6889042359734673,1.7385172191837521,0.9999070527026058,0.5223636461399733,0.30247091815524785,0.20994160857547062,0.0
