,97,100,101,114,115,116,118,124
97,0.0,0.8745435632902676,0.47423999125724997,0.425974271981946,0.37326909250513957,0.7109340248130047,0.9994310572848744,1.0262252359788466
100,0.8745435632902676,0.0,0.18915203536653777,0.3302070734524469,0.2953943497613208,0.10055566739998507,0.35180962132977295,0.348130521477796
101,0.47423999125724997,0.18915203536653777,0.0,0.19169412492084661,0.14298828970262534,0.3035262784838682,0.5312474539182879,0.5412023102947718
114,0.425974271981946,0.3302070734524469,0.19169412492084661,0.0,0.17043217159529037,0.505492655257177,0.7306398386712173,0.6563767577913728
115,0.37326909250513957,0.2953943497613208,0.14298828970262534,0.17043217159529037,0.0,0.3424550940018995,0.5591930246495195,0.5766085259867391
116,0.7109340248130047,0.10055566739998507,0.3035262784838682,0.505492655257177,0.3424550940018995,0.0,0.2551807364299874,0.28427258945943784
118,0.9994310572848744,0.35180962132977295,0.5312474539182879,0.7306398386712173,0.5591930246495195,0.2551807364299874,0.0,0.1298114237498435
124,1.0262252359788466,0.348130521477796,0.5412023102947718,0.6563767577913728,0.5766085259867391,0.28427258945943784,0.1298114237498435,0.0
