,96,98,104,106,113,114,116,118
96,0.0,0.5112821406235769,0.9056573396750183,0.18964059611508174,0.09582732042486077,0.3787676404226314,0.7607982450497802,0.9991549085949968
98,0.5112821406235769,0.0,0.398176915954392,0.3631100782276965,0.4572082160422438,0.1531575276470407,0.31316739662425963,0.5592823575286414
104,0.9056573396750183,0.398176915954392,0.0,0.8342647607984754,0.8571693732075938,0.5546421983917482,0.18482084648810182,0.15506625415421973
106,0.18964059611508174,0.3631100782276965,0.8342647607984754,0.0,0.11048422501010664,0.2576992586712646,0.6635882701533034,0.9619162444209923
113,0.09582732042486077,0.4572082160422438,0.8571693732075938,0.11048422501010664,0.0,0.35078361546173414,0.5268929936561851,0.6595154166298683
114,0.3787676404226314,0.1531575276470407,0.5546421983917482,0.2576992586712646,0.35078361546173414,0.0,0.505492655257177,0.7306398386712173
116,0.7607982450497802,0.31316739662425963,0.18482084648810182,0.6635882701533034,0.5268929936561851,0.505492655257177,0.0,0.2551807364299874
118,0.9991549085949968,0.5592823575286414,0.15506625415421973,0.9619162444209923,0.6595154166298683,0.7306398386712173,0.2551807364299874,0.0
