,99,102,109,111,117,122,125,127
99,0.0,0.7466494820831365,0.9693521629694754,0.6263633917609085,0.4987805469920393,0.8117820326285204,0.8497426754382646,0.2364037498289763
102,0.7466494820831365,0.0,0.22082404090756513,0.12016421569871519,0.3440327203240109,0.14399166766020555,0.09541809282376164,0.49954780439806085
109,0.9693521629694754,0.22082404090756513,0.0,0.259650023038021,0.516451881149863,0.3735004158075617,0.30247091815524785,0.6792369731265895
111,0.6263633917609085,0.12016421569871519,0.259650023038021,0.0,0.28844032524726365,0.14312256923612332,0.10742026968995193,0.4762134129221321
117,0.4987805469920393,0.3440327203240109,0.516451881149863,0.28844032524726365,0.0,0.19654910599392827,0.28161374987721915,0.17655133151665406
122,0.8117820326285204,0.14399166766020555,0.3735004158075617,0.14312256923612332,0.19654910599392827,0.0,0.08078343530090579,0.41887996019620605
125,0.8497426754382646,0.09541809282376164,0.30247091815524785,0.10742026968995193,0.28161374987721915,0.08078343530090579,0.0,0.496689419570935
127,0.2364037498289763,0.49954780439806085,0.6792369731265895,0.4762134129221321,0.17655133151665406,0.41887996019620605,0.496689419570935,0.0
