,0,1,16,20,23,26,27,30
0,0.0,0.22020867491686721,0.1574055749827706,0.12680186631574336,0.27302985171396305,0.1457788655636722,0.12464377404092708,0.09876168084393572
1,0.22020867491686721,0.0,0.06907938410495652,0.2511884107573959,0.14188726711619248,0.27916182034640963,0.1995115472345832,0.2162999737333986
16,0.1574055749827706,0.06907938410495652,0.0,0.16267971163123873,0.09428179867992807,0.24698369169827492,0.14328402828346354,0.2018225418880117
20,0.12680186631574336,0.2511884107573959,0.16267971163123873,0.0,0.21239693805667742,0.1671108116868702,0.06218635972598348,0.08259474476532407
23,0.27302985171396305,0.14188726711619248,0.09428179867992807,0.21239693805667742,0.0,0.1957395910123594,0.1882208198124532,0.27814000943476763
26,0.1457788655636722,0.27916182034640963,0.24698369169827492,0.1671108116868702,0.1957395910123594,0.0,0.09183265349237396,0.20196687602760358
27,0.12464377404092708,0.1995115472345832,0.14328402828346354,0.06218635972598348,0.1882208198124532,0.09183265349237396,0.0,0.09997873212713326
30,0.09876168084393572,0.2162999737333986,0.2018225418880117,0.08259474476532407,0.27814000943476763,0.20196687602760358,0.09997873212713326,0.0
