,11,14,24,30,104,106,115,117
11,0.0,0.1835495651171917,0.1988192443009269,0.2318197909220534,1.1825084519974725,0.7256990720823009,2.668434055057781,0.9999901528020098
14,0.1835495651171917,0.0,0.17525591408942087,0.08881363820624762,0.7573596138096674,0.4542020297192727,1.3112203189755993,0.8670930616629485
24,0.1988192443009269,0.17525591408942087,0.0,0.1798802805347128,1.0000771353214084,0.8795704087802253,0.7855464297211083,0.9999378896180866
30,0.2318197909220534,0.08881363820624762,0.1798802805347128,0.0,0.8082481231831451,1.204617709590205,0.3426134045655632,1.0000600721394253
104,1.1825084519974725,0.7573596138096674,1.0000771353214084,0.8082481231831451,0.0,0.8342647856615031,0.4842297064716052,0.46633951187359235
106,0.7256990720823009,0.4542020297192727,0.8795704087802253,1.204617709590205,0.8342647856615031,0.0,0.3377411704347447,0.3481042942179627
115,2.668434055057781,1.3112203189755993,0.7855464297211083,0.3426134045655632,0.4842297064716052,0.3377411704347447,0.0,0.04484033725195527
117,0.9999901528020098,0.8670930616629485,0.9999378896180866,1.0000600721394253,0.46633951187359235,0.3481042942179627,0.04484033725195527,0.0
