,3,9,11,13,14,17,23,25
3,0.0,0.16434356294400043,0.1316141911759107,0.15606437059016723,0.19015870718085187,0.20702476822793345,0.2674112081213069,0.2425150998178135
9,0.16434356294400043,0.0,0.10030310378015656,0.08177936759419012,0.09003714870970093,0.21013863835804727,0.13018800480452083,0.13948095990944803
11,0.1316141911759107,0.10030310378015656,0.0,0.19019092210983232,0.18354949947476368,0.11871836945236668,0.028028592624959024,0.037795467117481586
13,0.15606437059016723,0.08177936759419012,0.19019092210983232,0.0,0.027667647399738985,0.2196202082100883,0.20114926616450152,0.2543419807215718
14,0.19015870718085187,0.09003714870970093,0.18354949947476368,0.027667647399738985,0.0,0.30702171630079317,0.1887392143079754,0.2084325499565366
17,0.20702476822793345,0.21013863835804727,0.11871836945236668,0.2196202082100883,0.30702171630079317,0.0,0.1010496694328398,0.09684000446703345
23,0.2674112081213069,0.13018800480452083,0.028028592624959024,0.20114926616450152,0.1887392143079754,0.1010496694328398,0.0,0.00916123489235384
25,0.2425150998178135,0.13948095990944803,0.037795467117481586,0.2543419807215718,0.2084325499565366,0.09684000446703345,0.00916123489235384,0.0
