,97,98,102,103,108,114,126,127
97,0.0,0.4785604759147082,0.08587632515102234,0.1990820260064281,0.07211976099844344,0.4259742973719919,1.0001657390346819,0.40112205535312273
98,0.4785604759147082,0.0,0.391903904718595,0.3364519554957247,0.5197638325552726,0.15315758242045066,0.6117229344039187,0.22636210971751022
102,0.08587632515102234,0.391903904718595,0.0,0.15406816632467457,0.11402594601369785,0.2493630421600538,0.9442340045166429,0.49954780439806085
103,0.1990820260064281,0.3364519554957247,0.15406816632467457,0.0,0.26103020655218023,0.1836241500783781,0.8703061488759098,0.46856017932675464
108,0.07211976099844344,0.5197638325552726,0.11402594601369785,0.26103020655218023,0.0,0.37628671767871286,1.1473552902981858,0.468446189616568
114,0.4259742973719919,0.15315758242045066,0.2493630421600538,0.1836241500783781,0.37628671767871286,0.0,0.7932767331958117,0.31409914226779556
126,1.0001657390346819,0.6117229344039187,0.9442340045166429,0.8703061488759098,1.1473552902981858,0.7932767331958117,0.0,0.45490179805468817
127,0.40112205535312273,0.22636210971751022,0.49954780439806085,0.46856017932675464,0.468446189616568,0.31409914226779556,0.45490179805468817,0.0
