,2,6,10,12,15,16,28,29
2,0.0,0.0580950813908838,0.1869810437964587,0.15171283461902563,0.15632182468410702,0.09393082190154192,0.09609369775227379,0.3015652542756499
6,0.0580950813908838,0.0,0.16142306071899243,0.23185751586535558,0.24497405335813946,0.12090126625765882,0.11445233658548983,0.2175978188578959
10,0.1869810437964587,0.16142306071899243,0.0,0.2972743830255884,0.18631334188017132,0.21291911382379405,0.1212566245597957,0.06363516320664883
12,0.15171283461902563,0.23185751586535558,0.2972743830255884,0.0,0.2518482533389984,0.06809184967758551,0.14170003128112316,0.2754030691494576
15,0.15632182468410702,0.24497405335813946,0.18631334188017132,0.2518482533389984,0.0,0.24960415050103615,0.2630686167432008,0.20500203080556847
16,0.09393082190154192,0.12090126625765882,0.21291911382379405,0.06809184967758551,0.24960415050103615,0.0,0.06614587214872442,0.24490155258562288
28,0.09609369775227379,0.11445233658548983,0.1212566245597957,0.14170003128112316,0.2630686167432008,0.06614587214872442,0.0,0.17039507661166683
29,0.3015652542756499,0.2175978188578959,0.06363516320664883,0.2754030691494576,0.20500203080556847,0.24490155258562288,0.17039507661166683,0.0
