,99,107,115,118,121,123,124,126
99,0.0,0.04200079074995613,0.7941482231092302,0.23162140076987225,0.7118279778787391,0.29530080164200484,0.7720378901575884,0.2279150525057709
107,0.04200079074995613,0.0,0.7777353578472973,0.22945807837881924,0.691028309471444,0.2743739843225657,0.7535930507284866,0.20246384403040754
115,0.7941482231092302,0.7777353578472973,0.0,0.5749299396962639,0.11841019268109348,0.5027017299735407,0.0879534534780262,0.5741299162592046
118,0.23162140076987225,0.22945807837881924,0.5749299396962639,0.0,0.5072405117610173,0.11343813033908705,0.5658832983198282,0.09785151485582849
121,0.7118279778787391,0.691028309471444,0.11841019268109348,0.5072405117610173,0.0,0.42014525718781764,0.06219586416406884,0.49202328770279097
123,0.29530080164200484,0.2743739843225657,0.5027017299735407,0.11343813033908705,0.42014525718781764,0.0,0.48083873665121724,0.07318792179012695
124,0.7720378901575884,0.7535930507284866,0.0879534534780262,0.5658832983198282,0.06219586416406884,0.48083873665121724,0.0,0.5511815867165408
126,0.2279150525057709,0.20246384403040754,0.5741299162592046,0.09785151485582849,0.49202328770279097,0.07318792179012695,0.5511815867165408,0.0
