,99,100,107,108,111,119,120,123
99,0.0,0.6287833511501899,0.04166548346017657,0.9015858906872876,0.15443138444206403,0.8392388841652708,0.4756846474189102,0.2947171217108731
100,0.6287833511501899,0.0,0.6103945903362119,0.2748855547210952,0.5509598080079416,0.20997209366241396,0.16388881356971854,0.34009855995230726
107,0.04166548346017657,0.6103945903362119,0.0,0.8827698909432896,0.14269632548718625,0.8198575278795627,0.45398625861343594,0.27304156913546346
108,0.9015858906872876,0.2748855547210952,0.8827698909432896,0.0,0.8091608985308534,0.12565302891080124,0.4391589502593965,0.6086713034088266
111,0.15443138444206403,0.5509598080079416,0.14269632548718625,0.8091608985308534,0.0,0.7672775302344881,0.4109433660261671,0.23174300577484908
119,0.8392388841652708,0.20997209366241396,0.8198575278795627,0.12565302891080124,0.7672775302344881,0.0,0.3669999804799921,0.5449374755359884
120,0.4756846474189102,0.16388881356971854,0.45398625861343594,0.4391589502593965,0.4109433660261671,0.3669999804799921,0.0,0.18434454876911383
123,0.2947171217108731,0.34009855995230726,0.27304156913546346,0.6086713034088266,0.23174300577484908,0.5449374755359884,0.18434454876911383,0.0
