,2,8,18,31,99,106,124,125
2,0.0,0.33770952607568844,0.8677333632744925,0.14433985378267578,0.7784532665904137,1.202482058929942,1.1569534560935966,0.9218103552904385
8,0.33770952607568844,0.0,0.5750208612016086,0.24086658182460324,0.732912798079742,0.9394549467968183,0.8751572595119511,0.9208825886603487
18,0.8677333632744925,0.5750208612016086,0.0,0.7811464134939635,1.0900702777272617,0.8195261767145913,0.741452080280295,1.2651111239857658
31,0.14433985378267578,0.24086658182460324,0.7811464134939635,0.0,0.8333779704499167,1.1540117052285974,1.090390155483067,0.9828272803791409
99,0.7784532665904137,0.732912798079742,1.0900702777272617,0.8333779704499167,0.0,0.7663033894912681,0.775434079380734,0.10466647990998508
106,1.202482058929942,0.9394549467968183,0.8195261767145913,1.1540117052285974,0.7663033894912681,0.0,0.05828858208358733,0.8565902577191981
124,1.1569534560935966,0.8751572595119511,0.741452080280295,1.090390155483067,0.775434079380734,0.05828858208358733,0.0,0.8545782820347911
125,0.9218103552904385,0.9208825886603487,1.2651111239857658,0.9828272803791409,0.10466647990998508,0.8565902577191981,0.8545782820347911,0.0
