,8,10,11,28,96,102,113,118
8,0.0,0.41876120810375794,0.35832436949605107,0.14720921557681144,0.7291478113313609,0.6649697677173392,0.8178266539039708,0.7028117742927165
10,0.41876120810375794,0.0,0.7383851907410796,0.2977203483959158,1.0005800021205953,0.8167857553833715,1.021639243419728,0.9144489184692918
11,0.35832436949605107,0.7383851907410796,0.0,0.5056431454264437,0.8303394874229877,0.8675179723009377,0.9807826716597684,0.8587100468880715
28,0.14720921557681144,0.2977203483959158,0.5056431454264437,0.0,0.7363249579031741,0.6213917982887878,0.7926071697996016,0.675121772459287
96,0.7291478113313609,1.0005800021205953,0.8303394874229877,0.7363249579031741,0.0,0.2620481324781917,0.16631584222884865,0.1502926796054634
102,0.6649697677173392,0.8167857553833715,0.8675179723009377,0.6213917982887878,0.2620481324781917,0.0,0.18816141423840024,0.11427581316855165
113,0.8178266539039708,1.021639243419728,0.9807826716597684,0.7926071697996016,0.16631584222884865,0.18816141423840024,0.0,0.10765922949205285
118,0.7028117742927165,0.9144489184692918,0.8587100468880715,0.675121772459287,0.1502926796054634,0.11427581316855165,0.10765922949205285,0.0
