,13,16,17,19,97,117,118,124
13,0.0,0.09062885594698696,0.6439284666489948,0.2676786379491,0.8026791300742508,0.7423721950281508,0.8738033104809996,0.7061784317667433
16,0.09062885594698696,0.0,0.7217744876017002,0.3557394918226736,0.8751277876659797,0.8067742192901478,0.9517322561015006,0.7651209029539452
17,0.6439284666489948,0.7217744876017002,0.0,0.4012583104767545,0.7187522754018575,0.8406457453196141,0.7001420644044859,0.999301915756074
19,0.2676786379491,0.3557394918226736,0.4012583104767545,0.0,0.6411423038692429,0.6742404598566072,0.6857055723777019,0.7286885123575036
97,0.8026791300742508,0.8751277876659797,0.7187522754018575,0.6411423038692429,0.0,0.21861257749533042,0.12888671364149668,0.4493764994906508
117,0.7423721950281508,0.8067742192901478,0.8406457453196141,0.6742404598566072,0.21861257749533042,0.0,0.3404445668447131,0.21518810562851787
118,0.8738033104809996,0.9517322561015006,0.7001420644044859,0.6857055723777019,0.12888671364149668,0.3404445668447131,0.0,0.5527840490228618
124,0.7061784317667433,0.7651209029539452,0.999301915756074,0.7286885123575036,0.4493764994906508,0.21518810562851787,0.5527840490228618,0.0
