,7,10,14,31,99,107,108,119
7,0.0,0.09701144930753346,0.14436227579083719,0.49594340158526634,1.0287475873689111,1.1122796033385267,0.9401313859376074,0.8780864852583874
10,0.09701144930753346,0.0,0.06512073254988343,0.5893897678207751,1.0199132190533302,1.1205961781069262,0.8757454172485742,0.8226916373079637
14,0.14436227579083719,0.06512073254988343,0.0,0.6111203036054967,0.9662393898628902,1.1179649665017288,0.8115842185595268,0.7571342977157888
31,0.49594340158526634,0.5893897678207751,0.6111203036054967,0.0,0.8410842153920001,0.9695625551007081,1.2349095156198422,1.1410270770004813
99,1.0287475873689111,1.0199132190533302,0.9662393898628902,0.8410842153920001,0.0,0.038265302737726624,0.882348212327283,0.8470384518198504
107,1.1122796033385267,1.1205961781069262,1.1179649665017288,0.9695625551007081,0.038265302737726624,0.0,0.8637060738228929,0.8273982592413452
108,0.9401313859376074,0.8757454172485742,0.8115842185595268,1.2349095156198422,0.882348212327283,0.8637060738228929,0.0,0.11892868936528186
119,0.8780864852583874,0.8226916373079637,0.7571342977157888,1.1410270770004813,0.8470384518198504,0.8273982592413452,0.11892868936528186,0.0
