,2,8,14,18,22,24,27,31
2,0.0,0.08973838062480337,0.1778292934639613,0.17523030220599436,0.1435291591378952,0.08881308766259692,0.12411770082527612,0.12988544499345744
8,0.08973838062480337,0.0,0.15942375303716025,0.15522808524846102,0.10671755894381982,0.020702273791758756,0.034239336298760865,0.174530311430143
14,0.1778292934639613,0.15942375303716025,0.0,0.004105265631357633,0.05664005187489297,0.1803862186717483,0.16393654958006224,0.11358754828670296
18,0.17523030220599436,0.15522808524846102,0.004105265631357633,0.0,0.05265937068105338,0.17589940028527798,0.15973828814719068,0.11342587927237203
22,0.1435291591378952,0.10671755894381982,0.05664005187489297,0.05265937068105338,0.0,0.12720971455978333,0.10803440289582718,0.12998525933311492
24,0.08881308766259692,0.020702273791758756,0.1803862186717483,0.17589940028527798,0.12720971455978333,0.0,0.04377569980677246,0.18755309519333369
27,0.12411770082527612,0.034239336298760865,0.16393654958006224,0.15973828814719068,0.10803440289582718,0.04377569980677246,0.0,0.19834635438580694
31,0.12988544499345744,0.174530311430143,0.11358754828670296,0.11342587927237203,0.12998525933311492,0.18755309519333369,0.19834635438580694,0.0
