,1,5,12,15,19,23,29,30
1,0.0,0.12952869931143296,0.1474297221144254,0.14102955899344571,0.177537179568202,0.021919993123748517,0.16077596399324018,0.165112078566599
5,0.12952869931143296,0.0,0.04677148101771106,0.06810362060736441,0.11599406076128971,0.1374586545534632,0.10037625983498127,0.06525101709929784
12,0.1474297221144254,0.04677148101771106,0.0,0.027892626450747866,0.16029481411352522,0.15029624498818192,0.14570662493419734,0.02006768084410891
15,0.14102955899344571,0.06810362060736441,0.027892626450747866,0.0,0.18358070415551142,0.1398459930566303,0.16770765715523042,0.03225448280439982
19,0.177537179568202,0.11599406076128971,0.16029481411352522,0.18358070415551142,0.0,0.1963112198296055,0.017835794591710696,0.17547489587740112
23,0.021919993123748517,0.1374586545534632,0.15029624498818192,0.1398459930566303,0.1963112198296055,0.0,0.17988806465749482,0.16722477965228286
29,0.16077596399324018,0.10037625983498127,0.14570662493419734,0.16770765715523042,0.017835794591710696,0.17988806465749482,0.0,0.1619612625719205
30,0.165112078566599,0.06525101709929784,0.02006768084410891,0.03225448280439982,0.17547489587740112,0.16722477965228286,0.1619612625719205,0.0
