,9,10,12,25,26,27,28,29
9,0.0,0.1004554087786513,0.07703696658757073,0.08500153334714369,0.09097801423324726,0.028952581742398644,0.13370893508804743,0.13698095599770502
10,0.1004554087786513,0.0,0.09875482901531935,0.13781928234258992,0.14586327850870834,0.0876012607992159,0.17876357940542867,0.045585318604147405
12,0.07703696658757073,0.09875482901531935,0.0,0.16004088976555186,0.1665802189995418,0.09588134598850659,0.0805378556654882,0.10925733154502795
25,0.08500153334714369,0.13781928234258992,0.16004088976555186,0.0,0.007654279268496635,0.06503472881513452,0.218031962850486,0.1837736957330614
26,0.09097801423324726,0.14586327850870834,0.1665802189995418,0.007654279268496635,0.0,0.07177216812247997,0.2221643916055812,0.19136821682341543
27,0.028952581742398644,0.0876012607992159,0.09588134598850659,0.06503472881513452,0.07177216812247997,0.0,0.16124366058096326,0.13041867526786935
28,0.13370893508804743,0.17876357940542867,0.0805378556654882,0.218031962850486,0.2221643916055812,0.16124366058096326,0.0,0.18383068605787917
29,0.13698095599770502,0.045585318604147405,0.10925733154502795,0.1837736957330614,0.19136821682341543,0.13041867526786935,0.18383068605787917,0.0
