,6,9,10,12,13,14,22,28
6,0.0,0.12269599264977187,0.1858967658359427,0.08987070101976641,0.12693413944767312,0.16954369237318126,0.21191226538879973,0.03320138241390223
9,0.12269599264977187,0.0,0.10041929801336351,0.07676429560629376,0.11223252694316252,0.05805347420234571,0.09686323423974483,0.13317012607006892
10,0.1858967658359427,0.10041929801336351,0.0,0.09861248453576436,0.08597082602989155,0.05251158044507757,0.15008540585137992,0.1783955679311193
12,0.08987070101976641,0.07676429560629376,0.09861248453576436,0.0,0.046738953161369584,0.09694143896491382,0.1722873335781214,0.08010727927372299
13,0.12693413944767312,0.11223252694316252,0.08597082602989155,0.046738953161369584,0.0,0.10925647193214406,0.20003285076368,0.1076963004080027
14,0.16954369237318126,0.05805347420234571,0.05251158044507757,0.09694143896491382,0.10925647193214406,0.0,0.09861575262565042,0.1715042289420424
22,0.21191226538879973,0.09686323423974483,0.15008540585137992,0.1722873335781214,0.20003285076368,0.09861575262565042,0.0,0.22888660995268664
28,0.03320138241390223,0.13317012607006892,0.1783955679311193,0.08010727927372299,0.1076963004080027,0.1715042289420424,0.22888660995268664,0.0
