,7,25,26,27,111,118,120,124
7,0.0,0.1966729516476933,0.09343483590734412,0.29330853771072174,0.899723245513545,0.9806939053775617,0.7537927361167933,0.8675526174200969
25,0.1966729516476933,0.0,0.2593104156893722,0.11459940180697326,0.9981371847002781,1.1694588367137086,0.8197271113851644,0.8905551099242943
26,0.09343483590734412,0.2593104156893722,0.0,0.3726967867107526,0.951768449038688,1.043838137350424,0.8200062690489041,0.9428420692836127
27,0.29330853771072174,0.11459940180697326,0.3726967867107526,0.0,0.9779659798019029,1.1517431737624435,0.7899083965098451,0.8483528504811588
111,0.899723245513545,0.9981371847002781,0.951768449038688,0.9779659798019029,0.0,0.36317414729916764,0.20323077671244058,0.43183774653417595
118,0.9806939053775617,1.1694588367137086,1.043838137350424,1.1517431737624435,0.36317414729916764,0.0,0.5499388473629602,0.785843081046862
120,0.7537927361167933,0.8197271113851644,0.8200062690489041,0.7899083965098451,0.20323077671244058,0.5499388473629602,0.0,0.24921843548620531
124,0.8675526174200969,0.8905551099242943,0.9428420692836127,0.8483528504811588,0.43183774653417595,0.785843081046862,0.24921843548620531,0.0
