,17,24,28,31,109,119,122,127
17,0.0,0.6384321040011987,0.492151169486312,0.4091652269457092,0.9107915267326611,0.9311976756559924,1.1193447139922932,0.9357092541691462
24,0.6384321040011987,0.0,0.17420099883702253,0.22542792458554414,0.9365248377555587,0.8435147614186413,0.8135817210035486,1.0908205545410405
28,0.492151169486312,0.17420099883702253,0.0,0.10413853238006242,0.814749159906706,0.7857530247941082,0.765850014190469,0.9260548581328064
31,0.4091652269457092,0.22542792458554414,0.10413853238006242,0.0,0.8973011726675163,0.8394561101229183,0.8784679815231848,0.9762847894069102
109,0.9107915267326611,0.9365248377555587,0.814749159906706,0.8973011726675163,0.0,0.1849070792305964,0.42501644462780425,0.27190417319624705
119,0.9311976756559924,0.8435147614186413,0.7857530247941082,0.8394561101229183,0.1849070792305964,0.0,0.3015580285368957,0.35065785348096384
122,1.1193447139922932,0.8135817210035486,0.765850014190469,0.8784679815231848,0.42501644462780425,0.3015580285368957,0.0,0.6624719779165792
127,0.9357092541691462,1.0908205545410405,0.9260548581328064,0.9762847894069102,0.27190417319624705,0.35065785348096384,0.6624719779165792,0.0
