,3,13,21,28,105,108,124,125
3,0.0,0.10234839053502477,0.19259499329692364,0.42810373350747327,0.966077396147535,0.7361367885449683,0.9364473052762372,0.8778204913326448
13,0.10234839053502477,0.0,0.09916399145262098,0.5185057898805803,0.9508803895232941,0.6700285796913923,0.9608252113977059,0.7991839191714974
21,0.19259499329692364,0.09916399145262098,0.0,0.6230412971136513,1.0231118941454045,0.7087968837632787,1.0723908749278255,0.7532509008786549
28,0.42810373350747327,0.5185057898805803,0.6230412971136513,0.0,0.7971811748296564,0.8384108447060277,0.7846739845764106,1.059583494786895
105,0.966077396147535,0.9508803895232941,1.0231118941454045,0.7971811748296564,0.0,0.4712471899160126,0.08758296677679898,0.645070049343193
108,0.7361367885449683,0.6700285796913923,0.7087968837632787,0.8384108447060277,0.4712471899160126,0.0,0.524349922043557,0.2048519866467085
124,0.9364473052762372,0.9608252113977059,1.0723908749278255,0.7846739845764106,0.08758296677679898,0.524349922043557,0.0,0.7007788459853431
125,0.8778204913326448,0.7991839191714974,0.7532509008786549,1.059583494786895,0.645070049343193,0.2048519866467085,0.7007788459853431,0.0
