,0,7,8,20,25,26,30,31
0,0.0,0.10172167909422584,0.2025833986625686,0.04995108683322843,0.1503792580992317,0.15755418255005785,0.0684214556280367,0.1445993221267746
7,0.10172167909422584,0.0,0.20005047356692038,0.13159222752083705,0.055982791300097534,0.06344231892238848,0.1077733326643739,0.14416840537280945
8,0.2025833986625686,0.20005047356692038,0.0,0.17017989822611598,0.18677555496448525,0.18569614326283074,0.1346668941828893,0.06060161981203848
20,0.04995108683322843,0.13159222752083705,0.17017989822611598,0.0,0.16975189423609563,0.1767379868131166,0.04504554430502766,0.11692207106768406
25,0.1503792580992317,0.055982791300097534,0.18677555496448525,0.16975189423609563,0.0,0.007976999264339282,0.13521620793342728,0.13983487398072308
26,0.15755418255005785,0.06344231892238848,0.18569614326283074,0.1767379868131166,0.007976999264339282,0.0,0.1407329707848834,0.14330568835865184
30,0.0684214556280367,0.1077733326643739,0.1346668941828893,0.04504554430502766,0.13521620793342728,0.1407329707848834,0.0,0.07702150308861695
31,0.1445993221267746,0.14416840537280945,0.06060161981203848,0.11692207106768406,0.13983487398072308,0.14330568835865184,0.07702150308861695,0.0
