,6,8,13,14,16,18,20,28
6,0.0,0.08670929047303486,0.12937382585491647,0.17249765030095382,0.05093697596476422,0.12724796537946478,0.10629281388670897,0.033895635056283666
8,0.08670929047303486,0.0,0.19665949453871748,0.19426086058181968,0.12434404876823967,0.17590950755775595,0.16959578459308644,0.11998174322561846
13,0.12937382585491647,0.19665949453871748,0.0,0.1095703407414299,0.07848378594261755,0.04899341330610222,0.02808276678098417,0.10950659157390558
14,0.17249765030095382,0.19426086058181968,0.1095703407414299,0.0,0.1345403233397083,0.0642274026422446,0.09871989443659716,0.17396881947247048
16,0.05093697596476422,0.12434404876823967,0.07848378594261755,0.1345403233397083,0.0,0.08031775960189529,0.05557677655143815,0.039451839714603594
18,0.12724796537946478,0.17590950755775595,0.04899341330610222,0.0642274026422446,0.08031775960189529,0.0,0.03489853456965587,0.11888137460322287
20,0.10629281388670897,0.16959578459308644,0.02808276678098417,0.09871989443659716,0.05557677655143815,0.03489853456965587,0.0,0.09148597341977781
28,0.033895635056283666,0.11998174322561846,0.10950659157390558,0.17396881947247048,0.039451839714603594,0.11888137460322287,0.09148597341977781,0.0
