,1,4,16,17,97,114,115,123
1,0.0,0.07168448942874636,0.378491632755422,0.8606525025862118,1.2094202128142924,0.9473308398017738,1.2820932434446939,1.0410486121168205
4,0.07168448942874636,0.0,0.3045689460026944,0.7485671605864022,1.1618109470205267,0.9170303337170382,1.1853482507969952,1.0082481247969817
16,0.378491632755422,0.3045689460026944,0.0,0.4750791858559445,0.9279825806719906,0.7755123560085757,0.9673897038542245,0.8352812082118605
17,0.8606525025862118,0.7485671605864022,0.4750791858559445,0.0,0.9692146324564043,0.9052986369557389,0.9521994663194455,0.9918866868176199
97,1.2094202128142924,1.1618109470205267,0.9279825806719906,0.9692146324564043,0.0,0.3208023019760639,0.19775717699572312,0.35571905201799825
114,0.9473308398017738,0.9170303337170382,0.7755123560085757,0.9052986369557389,0.3208023019760639,0.0,0.4830974350786591,0.053566431990164656
115,1.2820932434446939,1.1853482507969952,0.9673897038542245,0.9521994663194455,0.19775717699572312,0.4830974350786591,0.0,0.518661390772535
123,1.0410486121168205,1.0082481247969817,0.8352812082118605,0.9918866868176199,0.35571905201799825,0.053566431990164656,0.518661390772535,0.0
