,4,6,7,8,12,24,28,31
4,0.0,0.1768839274742796,0.06470242976225005,0.15641042200136931,0.14367951504646298,0.0803540939378148,0.194175543201098,0.1122877697060777
6,0.1768839274742796,0.0,0.19149270149571346,0.08542484514328709,0.09032554014292707,0.19320550035341758,0.033354971138641214,0.07019302723835918
7,0.06470242976225005,0.19149270149571346,0.0,0.20036193053449328,0.1278635875591958,0.016085124130636987,0.19873597607430518,0.14407248666729489
8,0.15641042200136931,0.08542484514328709,0.20036193053449328,0.0,0.15026177719375505,0.20738717940184917,0.11903353492774887,0.05957349722289005
12,0.14367951504646298,0.09032554014292707,0.1278635875591958,0.15026177719375505,0.0,0.12269254084382858,0.08044240291428853,0.09735548221327299
24,0.0803540939378148,0.19320550035341758,0.016085124130636987,0.20738717940184917,0.12269254084382858,0.0,0.19742969228157914,0.15025063596979382
28,0.194175543201098,0.033354971138641214,0.19873597607430518,0.11903353492774887,0.08044240291428853,0.19742969228157914,0.0,0.09742723172867035
31,0.1122877697060777,0.07019302723835918,0.14407248666729489,0.05957349722289005,0.09735548221327299,0.15025063596979382,0.09742723172867035,0.0
