,0,17,19,20,22,24,28,31
0,0.0,0.18066721128000293,0.10003237928645799,0.04868408973367924,0.1616490753952637,0.08851200804234204,0.13952077164822613,0.14230946554016516
17,0.18066721128000293,0.0,0.15999045452842384,0.15118255389413757,0.16923575182445474,0.18416549083682937,0.11341043886349186,0.03746525400866185
19,0.10003237928645799,0.15999045452842384,0.0,0.12588094625083615,0.061824688077644054,0.028944347833206794,0.18794055779817828,0.12864577802918017
20,0.04868408973367924,0.15118255389413757,0.12588094625083615,0.0,0.18226768924708367,0.12420028987562987,0.09145313051097102,0.11653359128857001
22,0.1616490753952637,0.16923575182445474,0.061824688077644054,0.18226768924708367,0.0,0.08351353193908817,0.22863528569446798,0.14801701476757465
24,0.08851200804234204,0.18416549083682937,0.028944347833206794,0.12420028987562987,0.08351353193908817,0.0,0.19739596885744035,0.1502927333543237
28,0.13952077164822613,0.11341043886349186,0.18794055779817828,0.09145313051097102,0.22863528569446798,0.19739596885744035,0.0,0.09741898597356496
31,0.14230946554016516,0.03746525400866185,0.12864577802918017,0.11653359128857001,0.14801701476757465,0.1502927333543237,0.09741898597356496,0.0
