,4,10,13,19,21,23,26,28
4,0.0,0.14146659108063672,0.17792736542689547,0.05225805629599783,0.18181821399463574,0.14644410421858614,0.030157883380423654,0.1946263081803911
10,0.14146659108063672,0.0,0.0863743319175605,0.09119879085003775,0.04044493984763647,0.04840021937669494,0.14645623768205854,0.1798647347411847
13,0.17792736542689547,0.0863743319175605,0.0,0.14285931322599632,0.0903275644825832,0.04099562510553503,0.19568198789922336,0.10949108427886459
19,0.05225805629599783,0.09119879085003775,0.14285931322599632,0.0,0.13117198596437155,0.10578861438714383,0.05682172889888505,0.1872079809032777
21,0.18181821399463574,0.04044493984763647,0.0903275644825832,0.13117198596437155,0.0,0.06647334828644905,0.1860480736208136,0.19710864758459065
23,0.14644410421858614,0.04840021937669494,0.04099562510553503,0.10578861438714383,0.06647334828644905,0.0,0.16063821957614588,0.13322639936786218
26,0.030157883380423654,0.14645623768205854,0.19568198789922336,0.05682172889888505,0.1860480736208136,0.16063821957614588,0.0,0.2225780865304116
28,0.1946263081803911,0.1798647347411847,0.10949108427886459,0.1872079809032777,0.19710864758459065,0.13322639936786218,0.2225780865304116,0.0
