,1,3,16,18,109,113,115,116
1,0.0,0.5525608350869825,0.3093410171951806,0.29513089239483764,0.9781637239309784,0.7871769004895017,1.283137605494498,1.1630291269151836
3,0.5525608350869825,0.0,0.2594565170265831,0.35225416151215877,0.8411609467227176,0.9285020787297872,0.7986233438716206,0.7786347095055844
16,0.3093410171951806,0.2594565170265831,0.0,0.044959847983185385,0.6766809538488975,0.748002040629589,0.9980040468760514,0.8063277303144334
18,0.29513089239483764,0.35225416151215877,0.044959847983185385,0.0,0.909529242904434,0.7418517015840806,0.9990695129285598,0.7872970937065498
109,0.9781637239309784,0.8411609467227176,0.6766809538488975,0.909529242904434,0.0,0.2980738002717234,0.30507061933987295,0.061369603355814234
113,0.7871769004895017,0.9285020787297872,0.748002040629589,0.7418517015840806,0.2980738002717234,0.0,0.5548234257488922,0.3125969541069157
115,1.283137605494498,0.7986233438716206,0.9980040468760514,0.9990695129285598,0.30507061933987295,0.5548234257488922,0.0,0.268049686526826
116,1.1630291269151836,0.7786347095055844,0.8063277303144334,0.7872970937065498,0.061369603355814234,0.3125969541069157,0.268049686526826,0.0
