,12,15,24,27,106,118,122,125
12,0.0,0.2775383664831443,0.6844050175272413,0.6345144815394839,0.8903009402346896,0.8120696777450458,1.0353174375867287,0.8357053237651797
15,0.2775383664831443,0.0,0.4189128183085397,0.37768300491138235,0.7569941408829491,0.8950423447914369,0.8428332753445009,0.8825787139486098
24,0.6844050175272413,0.4189128183085397,0.0,0.051347545382875996,0.8405625227238348,1.2154908188819051,0.8161196374834251,1.1828406321443
27,0.6345144815394839,0.37768300491138235,0.051347545382875996,0.0,0.8319215101305698,1.1969923956408528,0.8327227654645536,1.1936466576874027
106,0.8903009402346896,0.7569941408829491,0.8405625227238348,0.8319215101305698,0.0,0.5847661181713101,0.2520462704846653,0.5137068695204882
118,0.8120696777450458,0.8950423447914369,1.2154908188819051,1.1969923956408528,0.5847661181713101,0.0,0.8212592376299708,0.08277011178836603
122,1.0353174375867287,0.8428332753445009,0.8161196374834251,0.8327227654645536,0.2520462704846653,0.8212592376299708,0.0,0.7569379229934398
125,0.8357053237651797,0.8825787139486098,1.1828406321443,1.1936466576874027,0.5137068695204882,0.08277011178836603,0.7569379229934398,0.0
