,6,7,19,22,109,110,114,121
6,0.0,0.40842552099110996,0.1772449961562626,0.20733630678208403,0.9730434383518699,1.1624598212394686,0.8917582646704579,0.9186245435468919
7,0.40842552099110996,0.0,0.22527713631337565,0.23343533063258531,0.876886514439115,0.886705114772845,0.8282879681028068,0.7959292885960272
19,0.1772449961562626,0.22527713631337565,0.0,0.0612330373604726,0.9285065338549198,1.015907192108786,0.8712440741859921,0.8743498292192106
22,0.20733630678208403,0.23343533063258531,0.0612330373604726,0.0,1.0006188876447477,1.0818607091647698,0.9218634535004299,0.9243876123022364
109,0.9730434383518699,0.876886514439115,0.9285065338549198,1.0006188876447477,0.0,0.3677877963765895,0.13760056799244483,0.05869688422082345
110,1.1624598212394686,0.886705114772845,1.015907192108786,1.0818607091647698,0.3677877963765895,0.0,0.5001385692423412,0.370856301995943
114,0.8917582646704579,0.8282879681028068,0.8712440741859921,0.9218634535004299,0.13760056799244483,0.5001385692423412,0.0,0.13184402510517002
121,0.9186245435468919,0.7959292885960272,0.8743498292192106,0.9243876123022364,0.05869688422082345,0.370856301995943,0.13184402510517002,0.0
