,97,100,115,116,119,122,126,127
97,0.0,0.20303937671764172,0.19370055911918566,0.17744169175856436,0.3307889487606255,0.6009559786665128,0.3505089457439424,0.11810149248073791
100,0.20303937671764172,0.0,0.10921446333974703,0.37130549935333146,0.5312520770015071,0.7818879298554384,0.5478470179526264,0.21085801398525839
115,0.19370055911918566,0.10921446333974703,0.0,0.3285157866757005,0.49445460755790893,0.7860559503678234,0.511153796917854,0.1270003126077049
116,0.17744169175856436,0.37130549935333146,0.3285157866757005,0.0,0.17268763656667754,0.4617103134658414,0.18508899841185547,0.20433108214966272
119,0.3307889487606255,0.5312520770015071,0.49445460755790893,0.17268763656667754,0.0,0.3015427148569245,0.020494274588126686,0.37515155837098335
122,0.6009559786665128,0.7818879298554384,0.7860559503678234,0.4617103134658414,0.3015427148569245,0.0,0.29367138503911294,0.6608921379452748
126,0.3505089457439424,0.5478470179526264,0.511153796917854,0.18508899841185547,0.020494274588126686,0.29367138503911294,0.0,0.38850842961167203
127,0.11810149248073791,0.21085801398525839,0.1270003126077049,0.20433108214966272,0.37515155837098335,0.6608921379452748,0.38850842961167203,0.0
