,4,8,14,25,104,105,106,121
4,0.0,0.48212124064297307,0.8404384306410387,0.17557091593163518,0.8544575702622537,0.9381476814700278,0.9399856575909472,0.9714978918772316
8,0.48212124064297307,0.0,0.37543164214106184,0.30596580084238567,0.9052776197782773,0.9818480916069777,0.9180975204833766,0.8482785220551544
14,0.8404384306410387,0.37543164214106184,0.0,0.663953384897452,1.0445263663702484,1.0817394700619074,0.9999753239815209,0.8530968980949731
25,0.17557091593163518,0.30596580084238567,0.663953384897452,0.0,0.8563859018971589,0.9228074373265145,0.9087892227605622,0.8958681362993861
104,0.8544575702622537,0.9052776197782773,1.0445263663702484,0.8563859018971589,0.0,0.037247349753194325,0.1271035461719717,0.3219223136539409
105,0.9381476814700278,0.9818480916069777,1.0817394700619074,0.9228074373265145,0.037247349753194325,0.0,0.1410575369920708,0.34525745979483974
106,0.9399856575909472,0.9180975204833766,0.9999753239815209,0.9087892227605622,0.1271035461719717,0.1410575369920708,0.0,0.20754942228936857
121,0.9714978918772316,0.8482785220551544,0.8530968980949731,0.8958681362993861,0.3219223136539409,0.34525745979483974,0.20754942228936857,0.0
