,2,4,8,9,15,17,18,25
2,0.0,0.13513499243206795,0.10762412144772955,0.07346528011635022,0.06271108740800586,0.09080350540794849,0.07445535184391626,0.15712874642011607
4,0.13513499243206795,0.0,0.15773340760285628,0.06785022506002185,0.18057120238027938,0.13613159728170138,0.12954506783126402,0.028377570970111888
8,0.10762412144772955,0.15773340760285628,0.0,0.13601413994188546,0.16564769028821275,0.023874989328981636,0.17595858431337733,0.18606515197180493
9,0.07346528011635022,0.06785022506002185,0.13601413994188546,0.0,0.11336572491690715,0.11239975711469766,0.06772858796920897,0.08576802191305466
15,0.06271108740800586,0.18057120238027938,0.16564769028821275,0.11336572491690715,0.0,0.15147322733504384,0.0677296052853328,0.19681939824045708
17,0.09080350540794849,0.13613159728170138,0.023874989328981636,0.11239975711469766,0.15147322733504384,0.0,0.15586217966892177,0.16425103979461056
18,0.07445535184391626,0.12954506783126402,0.17595858431337733,0.06772858796920897,0.0677296052853328,0.15586217966892177,0.0,0.139387977094195
25,0.15712874642011607,0.028377570970111888,0.18606515197180493,0.08576802191305466,0.19681939824045708,0.16425103979461056,0.139387977094195,0.0
