,0,4,5,10,12,23,25,27
0,0.0,0.14379112973187855,0.1376519033852153,0.040503601081319965,0.06025420706109621,0.008112879288473205,0.14927966451296376,0.08763591714201012
4,0.14379112973187855,0.0,0.19871951139007926,0.1413341684781789,0.14551571942970043,0.1462938373965006,0.0284714313539506,0.05622086535096463
5,0.1376519033852153,0.19871951139007926,0.0,0.1774753065793232,0.07918245834877168,0.1303009434762926,0.22105681746984407,0.16372985896216313
10,0.040503601081319965,0.1413341684781789,0.1774753065793232,0.0,0.09897370996230823,0.0485170939602327,0.13886749722965125,0.08873731461400998
12,0.06025420706109621,0.14551571942970043,0.07918245834877168,0.09897370996230823,0.0,0.053535738743872054,0.16125630898340765,0.09711637439963197
23,0.008112879288473205,0.1462938373965006,0.1303009434762926,0.0485170939602327,0.053535738743872054,0.0,0.15327685231348698,0.09024740086940745
25,0.14927966451296376,0.0284714313539506,0.22105681746984407,0.13886749722965125,0.16125630898340765,0.15327685231348698,0.0,0.06538472678096065
27,0.08763591714201012,0.05622086535096463,0.16372985896216313,0.08873731461400998,0.09711637439963197,0.09024740086940745,0.06538472678096065,0.0
