,101,102,108,109,111,114,116,121
101,0.0,0.1857909125358929,0.1250504648016009,0.28420444899329295,0.24587466637902725,0.40047992691320006,0.22665683687035693,0.25145829111510065
102,0.1857909125358929,0.0,0.06664574936518998,0.12187527776840096,0.08369424190759424,0.22450474040979687,0.0696730881909736,0.08668806179243768
108,0.1250504648016009,0.06664574936518998,0.0,0.16969307836786787,0.13954096456623905,0.2693132411252514,0.11645871030432718,0.14427914428062585
109,0.28420444899329295,0.12187527776840096,0.16969307836786787,0.0,0.042905252098130175,0.14639694165603034,0.139323055554418,0.06144503195154154
111,0.24587466637902725,0.08369424190759424,0.13954096456623905,0.042905252098130175,0.0,0.16100304951729122,0.11801792217767354,0.03673818405840032
114,0.40047992691320006,0.22450474040979687,0.2693132411252514,0.14639694165603034,0.16100304951729122,0.0,0.20798761647872663,0.14236936321631605
116,0.22665683687035693,0.0696730881909736,0.11645871030432718,0.139323055554418,0.11801792217767354,0.20798761647872663,0.0,0.10244746078599294
121,0.25145829111510065,0.08668806179243768,0.14427914428062585,0.06144503195154154,0.03673818405840032,0.14236936321631605,0.10244746078599294,0.0
