,96,98,110,113,116,117,124,126
96,0.0,0.51236080450492,0.3710360129986008,0.33595393996506673,0.03213336918003794,0.19981451886706875,0.39870338112762466,0.15587230621761428
98,0.51236080450492,0.0,0.8836088231075968,0.23864447543883405,0.5397165099288006,0.7071264633653248,0.1338616574298057,0.35693709648732524
110,0.3710360129986008,0.8836088231075968,0.0,0.6877826820379068,0.34361608688077944,0.18861197772638527,0.7556911496078231,0.5274144533836004
113,0.33595393996506673,0.23864447543883405,0.6877826820379068,0.0,0.36286754070521765,0.5063790642333306,0.10677820790950351,0.1963365659628032
116,0.03213336918003794,0.5397165099288006,0.34361608688077944,0.36286754070521765,0.0,0.17832495616543353,0.4259013580132824,0.184580937716897
117,0.19981451886706875,0.7071264633653248,0.18861197772638527,0.5063790642333306,0.17832495616543353,0.0,0.5882536941409058,0.34919043320396936
124,0.39870338112762466,0.1338616574298057,0.7556911496078231,0.10677820790950351,0.4259013580132824,0.5882536941409058,0.0,0.24503524166660143
126,0.15587230621761428,0.35693709648732524,0.5274144533836004,0.1963365659628032,0.184580937716897,0.34919043320396936,0.24503524166660143,0.0
