,6,8,9,11,13,17,23,28
6,0.0,0.08550806394974238,0.12328815218627898,0.11505075646369778,0.12762298228772506,0.08088151031016676,0.14292542255783025,0.03340084054128427
8,0.08550806394974238,0.0,0.1353757352709876,0.09841429772955775,0.19592053625562686,0.02355991512294684,0.19656440669242645,0.11899656178351321
9,0.12328815218627898,0.1353757352709876,0.0,0.04641200589846076,0.1122905807477662,0.11213704038484401,0.08673170301584236,0.13362680892472584
11,0.11505075646369778,0.09841429772955775,0.04641200589846076,0.0,0.14838314188438964,0.07525384251809465,0.12962215120343068,0.13640079601842298
13,0.12762298228772506,0.19592053625562686,0.1122905807477662,0.14838314188438964,0.0,0.17910425007320444,0.040666616544415245,0.1082476526151423
17,0.08088151031016676,0.02355991512294684,0.11213704038484401,0.07525384251809465,0.17910425007320444,0.0,0.17637233714481348,0.11322439999389146
23,0.14292542255783025,0.19656440669242645,0.08673170301584236,0.12962215120343068,0.040666616544415245,0.17637233714481348,0.0,0.13179009528221552
28,0.03340084054128427,0.11899656178351321,0.13362680892472584,0.13640079601842298,0.1082476526151423,0.11322439999389146,0.13179009528221552,0.0
