,96,97,110,113,114,115,117,127
96,0.0,0.2060032303366732,0.36954273755887934,0.3348652582021404,0.18057791854377847,0.35441858331580933,0.1997278099878052,0.23307540716304834
97,0.2060032303366732,0.0,0.20876024231538326,0.491321527323025,0.3087798635122546,0.19154546359843264,0.028762764439611288,0.11787133164419322
110,0.36954273755887934,0.20876024231538326,0.0,0.7012573555889927,0.5076110121651302,0.033172075135413925,0.18803098073418437,0.15064450073992078
113,0.3348652582021404,0.491321527323025,0.7012573555889927,0.0,0.1874940791723113,0.6744894897405811,0.506623088517285,0.5572785058037305
114,0.18057791854377847,0.3087798635122546,0.5076110121651302,0.1874940791723113,0.0,0.4981414722582847,0.3193511509377752,0.3869965698587686
115,0.35441858331580933,0.19154546359843264,0.033172075135413925,0.6744894897405811,0.4981414722582847,0.0,0.18261146756674876,0.12510291924888176
117,0.1997278099878052,0.028762764439611288,0.18803098073418437,0.506623088517285,0.3193511509377752,0.18261146756674876,0.0,0.10718104810616687
127,0.23307540716304834,0.11787133164419322,0.15064450073992078,0.5572785058037305,0.3869965698587686,0.12510291924888176,0.10718104810616687,0.0
