,99,102,103,104,107,109,113,120
99,0.0,0.3489165534404643,0.7406501061708257,0.7254389180589464,0.8026878854650094,0.40988384433942104,0.7232004955298853,0.5595659172540762
102,0.3489165534404643,0.0,0.3914698026237253,0.3740999989102317,0.45034173844040726,0.10686829050963537,0.3851890689641012,0.21858500706625247
103,0.7406501061708257,0.3914698026237253,0.0,0.026657968493907738,0.06694543134122279,0.36608251448858903,0.10032070611938938,0.17950845082392883
104,0.7254389180589464,0.3740999989102317,0.026657968493907738,0.0,0.08721903124847577,0.34831794618256084,0.09029190828753607,0.15797287983969518
107,0.8026878854650094,0.45034173844040726,0.06694543134122279,0.08721903124847577,0.0,0.42370667589922817,0.11308707979836294,0.24209632386168117
109,0.40988384433942104,0.10686829050963537,0.36608251448858903,0.34831794618256084,0.42370667589922817,0.0,0.32847983780416723,0.20321774300628018
113,0.7232004955298853,0.3851890689641012,0.10032070611938938,0.09029190828753607,0.11308707979836294,0.32847983780416723,0.0,0.18418788552039436
120,0.5595659172540762,0.21858500706625247,0.17950845082392883,0.15797287983969518,0.24209632386168117,0.20321774300628018,0.18418788552039436,0.0
