,1,4,13,14,16,20,22,25
1,0.0,0.11004039545693174,0.1717927648809025,0.15107532282512365,0.11053349458245904,0.1432165409107961,0.14482598418573647,0.13895277802788603
4,0.11004039545693174,0.0,0.1784009909478169,0.0885644220737448,0.163407230432719,0.1561208449252866,0.035645659133042566,0.028581556995780057
13,0.1717927648809025,0.1784009909478169,0.0,0.1097758124439549,0.07877144735956079,0.028240699671118828,0.20268093912246235,0.1890692998114872
14,0.15107532282512365,0.0885644220737448,0.1097758124439549,0.0,0.1351411785626896,0.09907676523038038,0.10106427031146853,0.08753664319063856
16,0.11053349458245904,0.163407230432719,0.07877144735956079,0.1351411785626896,0.0,0.05560574977286456,0.19561390790857786,0.18361405920189205
20,0.1432165409107961,0.1561208449252866,0.028240699671118828,0.09907676523038038,0.05560574977286456,0.0,0.1828967986246486,0.16934717175572397
22,0.14482598418573647,0.035645659133042566,0.20268093912246235,0.10106427031146853,0.19561390790857786,0.1828967986246486,0.0,0.013533069715159133
25,0.13895277802788603,0.028581556995780057,0.1890692998114872,0.08753664319063856,0.18361405920189205,0.16934717175572397,0.013533069715159133,0.0
