,96,97,106,114,115,118,121,126
96,0.0,0.20660374892723102,0.17929112508618378,0.18103975784650897,0.3545168704127155,0.42111193542869396,0.08484914860233504,0.15560657701831362
97,0.20660374892723102,0.0,0.364267962164821,0.3094408206213636,0.19184681233839118,0.21968951964054087,0.1766342744353045,0.3486329138781092
106,0.17929112508618378,0.364267962164821,0.0,0.11990796275787907,0.5272099052857468,0.5835327599137677,0.2083021931762085,0.02702297063724644
114,0.18103975784650897,0.3094408206213636,0.11990796275787907,0.0,0.49724405296207813,0.5155438758267175,0.13689773399480484,0.123506420635392
115,0.3545168704127155,0.19184681233839118,0.5272099052857468,0.49724405296207813,0.0,0.1311235204704127,0.36017689020749044,0.5081774474991793
118,0.42111193542869396,0.21968951964054087,0.5835327599137677,0.5155438758267175,0.1311235204704127,0.0,0.38308985473008655,0.5665886793935814
121,0.08484914860233504,0.1766342744353045,0.2083021931762085,0.13689773399480484,0.36017689020749044,0.38308985473008655,0.0,0.1907652209369407
126,0.15560657701831362,0.3486329138781092,0.02702297063724644,0.123506420635392,0.5081774474991793,0.5665886793935814,0.1907652209369407,0.0
