,0,1,3,7,9,10,14,29
0,0.0,0.164778751068114,0.12191730191194494,0.10027986194529998,0.08708515425167952,0.04027927881383794,0.06464725813482039,0.053322789033488735
1,0.164778751068114,0.0,0.09719089051012027,0.1526912408840594,0.09102375003482498,0.18799675608376945,0.14870308482778835,0.2198844786794559
3,0.12191730191194494,0.09719089051012027,0.0,0.17115673198005876,0.10512627414613451,0.15956357555981615,0.14713556453952728,0.16938040406244326
7,0.10027986194529998,0.1526912408840594,0.17115673198005876,0.0,0.06949858880662213,0.08381968850303914,0.035633839557998585,0.12971022754680636
9,0.08708515425167952,0.09102375003482498,0.10512627414613451,0.06949858880662213,0.0,0.1005460541494577,0.05834130364317765,0.13723046762333377
10,0.04027927881383794,0.18799675608376945,0.15956357555981615,0.08381968850303914,0.1005460541494577,0.0,0.05302047891488749,0.04557765703530613
14,0.06464725813482039,0.14870308482778835,0.14713556453952728,0.035633839557998585,0.05834130364317765,0.05302047891488749,0.0,0.09755414171763137
29,0.053322789033488735,0.2198844786794559,0.16938040406244326,0.12971022754680636,0.13723046762333377,0.04557765703530613,0.09755414171763137,0.0
