,97,98,105,108,115,118,121,124
97,0.0,0.7071465682574607,0.5082572975166777,0.07828270293870761,0.19406742805762997,0.22208185612780867,0.1818978415711508,0.580387995047165
98,0.7071465682574607,0.0,0.1993149060186641,0.6459590486893843,0.8689156940944374,0.909251177000013,0.5385140645597064,0.1349301403147567
105,0.5082572975166777,0.1993149060186641,0.0,0.44718282880164134,0.668462493412528,0.7238605355372552,0.34716304166733203,0.09533127495887804
108,0.07828270293870761,0.6459590486893843,0.44718282880164134,0.0,0.23181467849000045,0.2828909243418752,0.13724561702917856,0.522055839886591
115,0.19406742805762997,0.8689156940944374,0.668462493412528,0.23181467849000045,0.0,0.13517253242254443,0.3617405415623076,0.7469469155487679
118,0.22208185612780867,0.909251177000013,0.7238605355372552,0.2828909243418752,0.13517253242254443,0.0,0.3894674504655457,0.785111033585637
121,0.1818978415711508,0.5385140645597064,0.34716304166733203,0.13724561702917856,0.3617405415623076,0.3894674504655457,0.0,0.40765874654142326
124,0.580387995047165,0.1349301403147567,0.09533127495887804,0.522055839886591,0.7469469155487679,0.785111033585637,0.40765874654142326,0.0
