,0,10,14,18,20,21,25,31
0,0.0,0.04049388749437961,0.06492272070516258,0.025666403890521154,0.04911071333028427,0.06045657127760023,0.14892854533710306,0.1433154091254588
10,0.04049388749437961,0.0,0.053441267115993146,0.06054747639141042,0.08953661478748305,0.04023124282110019,0.1383436833628162,0.169883357717047
14,0.06492272070516258,0.053441267115993146,0.0,0.06389622749552111,0.09809972967415194,0.09375192323615987,0.08660751453079103,0.13538972767927326
18,0.025666403890521154,0.06054747639141042,0.06389622749552111,0.0,0.03503574170128898,0.08609816588255634,0.14008560949611648,0.11785166138486802
20,0.04911071333028427,0.08953661478748305,0.09809972967415194,0.03503574170128898,0.0,0.1046439235330534,0.16989405093764512,0.11709547919763898
21,0.06045657127760023,0.04023124282110019,0.09375192323615987,0.08609816588255634,0.1046439235330534,0.0,0.17736758818268877,0.20314176200011388
25,0.14892854533710306,0.1383436833628162,0.08660751453079103,0.14008560949611648,0.16989405093764512,0.17736758818268877,0.0,0.1405575123224103
31,0.1433154091254588,0.169883357717047,0.13538972767927326,0.11785166138486802,0.11709547919763898,0.20314176200011388,0.1405575123224103,0.0
