,3,4,11,16,19,21,23,31
3,0.0,0.1647256838026438,0.10798992900743877,0.02101028626022217,0.1591932017254453,0.18006146123552297,0.11464400100968682,0.07219487210522509
4,0.1647256838026438,0.0,0.06366814008098322,0.16256302743509726,0.05186750386332262,0.17999651986271187,0.1450153106090174,0.1125016632044958
11,0.10798992900743877,0.06366814008098322,0.0,0.11063840387348267,0.08583415801337468,0.1842576997554602,0.12973391851142507,0.04917205944771341
16,0.02101028626022217,0.16256302743509726,0.11063840387348267,0.0,0.15057263111888533,0.15987320257177887,0.09468166065464782,0.08314711627364385
19,0.1591932017254453,0.05186750386332262,0.08583415801337468,0.15057263111888533,0.0,0.1298073075375639,0.1046455701836759,0.12876330369189887
21,0.18006146123552297,0.17999651986271187,0.1842576997554602,0.15987320257177887,0.1298073075375639,0.0,0.06597721803099503,0.20191081004354414
23,0.11464400100968682,0.1450153106090174,0.12973391851142507,0.09468166065464782,0.1046455701836759,0.06597721803099503,0.0,0.1388185051585865
31,0.07219487210522509,0.1125016632044958,0.04917205944771341,0.08314711627364385,0.12876330369189887,0.20191081004354414,0.1388185051585865,0.0
