,1,7,16,18,113,119,121,123
1,0.0,0.42955903576278753,0.354959457447667,0.3242077426563124,0.9246406835625616,0.9542025709672208,1.0020656619747847,0.989261821414033
7,0.42955903576278753,0.0,0.10705475826882895,0.14444452536422364,0.875317468091058,0.8486078414088585,0.7951350944002339,0.905582942888387
16,0.354959457447667,0.10705475826882895,0.0,0.04088255792331479,0.8056284115453087,0.8085559740581781,0.7406996619229262,0.8314676458231842
18,0.3242077426563124,0.14444452536422364,0.04088255792331479,0.0,0.7873831499954482,0.7703519665143715,0.7474559697422111,0.8165056013842907
113,0.9246406835625616,0.875317468091058,0.8056284115453087,0.7873831499954482,0.0,0.19184596615313587,0.3139392242072785,0.1512050835287372
119,0.9542025709672208,0.8486078414088585,0.8085559740581781,0.7703519665143715,0.19184596615313587,0.0,0.17465019303783716,0.07892936227919983
121,1.0020656619747847,0.7951350944002339,0.7406996619229262,0.7474559697422111,0.3139392242072785,0.17465019303783716,0.0,0.16760740570080726
123,0.989261821414033,0.905582942888387,0.8314676458231842,0.8165056013842907,0.1512050835287372,0.07892936227919983,0.16760740570080726,0.0
