,97,100,102,103,110,117,118,122
97,0.0,0.19633137008991233,0.1142131112887049,0.4993397476799345,0.2070211157273741,0.02763954747609512,0.21776745264193803,0.5817334528942303
100,0.19633137008991233,0.0,0.312954785787271,0.68969809090195,0.13034214372438496,0.2020141433893337,0.022380028646794652,0.7838677998901993
102,0.1142131112887049,0.312954785787271,0.0,0.3915379187978588,0.30921861202723067,0.12492080980779366,0.3372658915145072,0.48926563777654897
103,0.4993397476799345,0.68969809090195,0.3915379187978588,0.0,0.6962188811599146,0.5158474736365216,0.7206665342212164,0.1571333356326587
110,0.2070211157273741,0.13034214372438496,0.30921861202723067,0.6962188811599146,0.0,0.1875499427317843,0.14725941343268986,0.7928207372382179
117,0.02763954747609512,0.2020141433893337,0.12492080980779366,0.5158474736365216,0.1875499427317843,0.0,0.22283189019584926,0.5941755110192881
118,0.21776745264193803,0.022380028646794652,0.3372658915145072,0.7206665342212164,0.14725941343268986,0.22283189019584926,0.0,0.8042601873100088
122,0.5817334528942303,0.7838677998901993,0.48926563777654897,0.1571333356326587,0.7928207372382179,0.5941755110192881,0.8042601873100088,0.0
