,2,8,11,12,14,15,20,21
2,0.0,0.10755404227338959,0.08200878701133237,0.04377638865024185,0.11682153628487815,0.06270213210596276,0.06203663070681668,0.15997508295408086
8,0.10755404227338959,0.0,0.09929721199037095,0.15099642544603378,0.1941300173501997,0.16526524310974486,0.16952847403533938,0.26116392038886854
11,0.08200878701133237,0.09929721199037095,0.0,0.10738280734834282,0.10298637817130321,0.1388528308982115,0.12279429284748204,0.18559325823212186
12,0.04377638865024185,0.15099642544603378,0.10738280734834282,0.0,0.09712966590484484,0.036687372852318385,0.019289883786606267,0.11887165317047968
14,0.11682153628487815,0.1941300173501997,0.10298637817130321,0.09712966590484484,0.0,0.1305941958529361,0.09854434955564881,0.09311338188074567
15,0.06270213210596276,0.16526524310974486,0.1388528308982115,0.036687372852318385,0.1305941958529361,0.0,0.03285443657717872,0.1316260216917942
20,0.06203663070681668,0.16952847403533938,0.12279429284748204,0.019289883786606267,0.09854434955564881,0.03285443657717872,0.0,0.10491322027056572
21,0.15997508295408086,0.26116392038886854,0.18559325823212186,0.11887165317047968,0.09311338188074567,0.1316260216917942,0.10491322027056572,0.0
