,96,104,108,113,115,117,119,127
96,0.0,0.30696685804120527,0.13585277524207554,0.33614795245048495,0.3547702775920861,0.200111461877556,0.14625082026748137,0.2327369292419411
104,0.30696685804120527,0.0,0.43441094515470946,0.09192248720160803,0.6597808137444701,0.4970153886838122,0.16784716151193407,0.5375803114272563
108,0.13585277524207554,0.43441094515470946,0.0,0.4481430353160438,0.23123392280564997,0.06627070215143359,0.2741594061435641,0.12462071547825314
113,0.33614795245048495,0.09192248720160803,0.4481430353160438,0.0,0.6762550066889246,0.50620089784284,0.20210488051386385,0.5594723706730963
115,0.3547702775920861,0.6597808137444701,0.23123392280564997,0.6762550066889246,0.0,0.18382321342477329,0.4945261112930862,0.12558836619678954
117,0.200111461877556,0.4970153886838122,0.06627070215143359,0.50620089784284,0.18382321342477329,0.0,0.33943329420507773,0.10794786692108492
119,0.14625082026748137,0.16784716151193407,0.2741594061435641,0.20210488051386385,0.4945261112930862,0.33943329420507773,0.0,0.37228952955205724
127,0.2327369292419411,0.5375803114272563,0.12462071547825314,0.5594723706730963,0.12558836619678954,0.10794786692108492,0.37228952955205724,0.0
