,97,99,100,106,112,119,124,127
97,0.0,0.2419124392584374,0.19883235144172823,0.3637410011180026,0.08945000844623949,0.33089133297011913,0.5751469687581146,0.11748978169258967
99,0.2419124392584374,0.0,0.07577552735740654,0.5964207010619603,0.2834369913325269,0.5649260962559406,0.8094462760316703,0.22125802765066935
100,0.19883235144172823,0.07577552735740654,0.0,0.562339309609388,0.23261505225353377,0.5296867439898143,0.7688423338023408,0.20719379150942252
106,0.3637410011180026,0.5964207010619603,0.562339309609388,0.0,0.3484775961517729,0.035980090899316905,0.21987884311309136,0.40659698143899414
112,0.08945000844623949,0.2834369913325269,0.23261505225353377,0.3484775961517729,0.0,0.31835042511339773,0.542646787707395,0.18900825201434404
119,0.33089133297011913,0.5649260962559406,0.5296867439898143,0.035980090899316905,0.31835042511339773,0.0,0.25559850008759416,0.37164692446130954
124,0.5751469687581146,0.8094462760316703,0.7688423338023408,0.21987884311309136,0.542646787707395,0.25559850008759416,0.0,0.6271832635135863
127,0.11748978169258967,0.22125802765066935,0.20719379150942252,0.40659698143899414,0.18900825201434404,0.37164692446130954,0.6271832635135863,0.0
