,5,15,20,23,97,99,103,106
5,0.0,0.37611820572461885,0.5680634977479793,0.14338711373728766,0.852059329556152,0.6990204847989568,1.0733806451121641,0.949804024964859
15,0.37611820572461885,0.0,0.1892489969841549,0.20873774643874504,0.8677334149954329,0.7380179647221325,0.8626035939823119,0.7819237226636411
20,0.5680634977479793,0.1892489969841549,0.0,0.4135881439817092,0.929880339795182,0.9404127402470777,0.8006113746694042,0.7555042680252798
23,0.14338711373728766,0.20873774643874504,0.4135881439817092,0.0,0.8297884645550044,0.6753429296367257,0.9566666032221781,0.8039316418935398
97,0.852059329556152,0.8677334149954329,0.929880339795182,0.8297884645550044,0.0,0.2689961057334919,0.5342569155919461,0.3783738435022733
99,0.6990204847989568,0.7380179647221325,0.9404127402470777,0.6753429296367257,0.2689961057334919,0.0,0.7469985400183772,0.6308513549938591
103,1.0733806451121641,0.8626035939823119,0.8006113746694042,0.9566666032221781,0.5342569155919461,0.7469985400183772,0.0,0.15163530347274878
106,0.949804024964859,0.7819237226636411,0.7555042680252798,0.8039316418935398,0.3783738435022733,0.6308513549938591,0.15163530347274878,0.0
