,4,14,19,29,104,111,121,124
4,0.0,0.8684063583717829,0.1384249130811294,0.19716768134387866,0.8588050735843333,1.051692147385782,0.9767624515489287,0.8719524821522987
14,0.8684063583717829,0.0,0.7438256635380375,0.923013201264645,1.0310366221458966,0.935505037131363,0.8823818192883565,1.13188600672053
19,0.1384249130811294,0.7438256635380375,0.0,0.23685358801987838,0.7974611389719221,0.9668453361796863,0.8403824273768926,0.8102339133991483
29,0.19716768134387866,0.923013201264645,0.23685358801987838,0.0,0.6951503845693195,0.9362539346479408,0.8484132787287163,0.7255783356956899
104,0.8588050735843333,1.0310366221458966,0.7974611389719221,0.6951503845693195,0.0,0.35663630815517605,0.32674543286429664,0.09380596407357686
111,1.051692147385782,0.935505037131363,0.9668453361796863,0.9362539346479408,0.35663630815517605,0.0,0.03465209977933472,0.4339445536719083
121,0.9767624515489287,0.8823818192883565,0.8403824273768926,0.8484132787287163,0.32674543286429664,0.03465209977933472,0.0,0.4090181928380186
124,0.8719524821522987,1.13188600672053,0.8102339133991483,0.7255783356956899,0.09380596407357686,0.4339445536719083,0.4090181928380186,0.0
