,103,104,105,106,107,110,114,121
103,0.0,0.026275378343476492,0.0189020864053576,0.14339844689450518,0.06639219025226738,0.6959372297932556,0.22845389090417423,0.34544440839864116
104,0.026275378343476492,0.0,0.037286470949752584,0.12778758043212723,0.08663965008713766,0.6742157045874015,0.20890630048777237,0.3220300918656427
105,0.0189020864053576,0.037286470949752584,0.0,0.14175184839459903,0.07641209640440765,0.6949677252201526,0.23192153794636144,0.34520844421977054
106,0.14339844689450518,0.12778758043212723,0.14175184839459903,0.0,0.20666370482070973,0.5468036652429644,0.11907137122159232,0.20769559892522937
107,0.06639219025226738,0.08663965008713766,0.07641209640440765,0.20666370482070973,0.0,0.7588140441135882,0.27776860224175376,0.39867460326785686
110,0.6959372297932556,0.6742157045874015,0.6949677252201526,0.5468036652429644,0.7588140441135882,0.0,0.5057689900732529,0.3713296235072922
114,0.22845389090417423,0.20890630048777237,0.23192153794636144,0.11907137122159232,0.27776860224175376,0.5057689900732529,0.0,0.13535372476682064
121,0.34544440839864116,0.3220300918656427,0.34520844421977054,0.20769559892522937,0.39867460326785686,0.3713296235072922,0.13535372476682064,0.0
