,101,104,112,115,116,118,121,122
101,0.0,0.5627448899478762,0.16945288764168406,0.12493296204316273,0.2264064225479349,0.2029158035907415,0.2514721704621658,0.6622942931753415
104,0.5627448899478762,0.0,0.4846272462593923,0.6631497136665903,0.34582706053092793,0.7288781013050816,0.3318257288621166,0.16434701104534336
112,0.16945288764168406,0.4846272462593923,0.0,0.26826904466873974,0.1974603142809328,0.26186223522991897,0.14927121187897202,0.5653359347395248
115,0.12493296204316273,0.6631497136665903,0.26826904466873974,0.0,0.3358038704760854,0.14353855284027228,0.3647155488325476,0.8114068497927435
116,0.2264064225479349,0.34582706053092793,0.1974603142809328,0.3358038704760854,0.0,0.3993288081408032,0.10213195649456708,0.46231179848333714
118,0.2029158035907415,0.7288781013050816,0.26186223522991897,0.14353855284027228,0.3993288081408032,0.0,0.4002168892111571,0.7881688380184827
121,0.2514721704621658,0.3318257288621166,0.14927121187897202,0.3647155488325476,0.10213195649456708,0.4002168892111571,0.0,0.4270308666650377
122,0.6622942931753415,0.16434701104534336,0.5653359347395248,0.8114068497927435,0.46231179848333714,0.7881688380184827,0.4270308666650377,0.0
