,5,17,18,19,112,114,126,127
5,0.0,0.14143650866839086,0.5676718815877613,0.6868001184571964,0.7902558572183788,0.9135088567633257,0.8540502811731476,0.7678570527499916
17,0.14143650866839086,0.0,0.5001500464480059,0.6001657414999724,0.9150587101224618,0.9351111167828327,0.9562723290365565,0.884578141016284
18,0.5676718815877613,0.5001500464480059,0.0,0.13476170767278495,0.8408206348139589,0.7806954010661111,0.6984965996733313,0.8963020993263824
19,0.6868001184571964,0.6001657414999724,0.13476170767278495,0.0,0.9880384733662394,0.8546034452017073,0.8106276631030792,1.0221092739370192
112,0.7902558572183788,0.9150587101224618,0.8408206348139589,0.9880384733662394,0.0,0.26802316600832987,0.33527124132519887,0.19271446363876976
114,0.9135088567633257,0.9351111167828327,0.7806954010661111,0.8546034452017073,0.26802316600832987,0.0,0.11833698361521057,0.38321055108433383
126,0.8540502811731476,0.9562723290365565,0.6984965996733313,0.8106276631030792,0.33527124132519887,0.11833698361521057,0.0,0.38785167653784836
127,0.7678570527499916,0.884578141016284,0.8963020993263824,1.0221092739370192,0.19271446363876976,0.38321055108433383,0.38785167653784836,0.0
