,1,5,8,11,12,18,25,29
1,0.0,0.12713958255345836,0.04764294813655029,0.05123301278002688,0.123789398637597,0.14072550536142722,0.1384657439007605,0.21999370612697994
5,0.12713958255345836,0.0,0.12711357714108754,0.14161887177224936,0.07949420813795557,0.1178648119945314,0.21980648479217643,0.1796323728230007
8,0.04764294813655029,0.12711357714108754,0.0,0.09844412473459092,0.1507490538682501,0.17595065560263856,0.18576985097921245,0.2543162100894348
11,0.05123301278002688,0.14161887177224936,0.09844412473459092,0.0,0.1061949874260267,0.10926045746707362,0.0912968414128326,0.18310611807328897
12,0.123789398637597,0.07949420813795557,0.1507490538682501,0.1061949874260267,0.0,0.0390281406576984,0.16014810789528355,0.10942051989473986
18,0.14072550536142722,0.1178648119945314,0.17595065560263856,0.10926045746707362,0.0390281406576984,0.0,0.13975641544766987,0.07931621258131798
25,0.1384657439007605,0.21980648479217643,0.18576985097921245,0.0912968414128326,0.16014810789528355,0.13975641544766987,0.0,0.18407712428423686
29,0.21999370612697994,0.1796323728230007,0.2543162100894348,0.18310611807328897,0.10942051989473986,0.07931621258131798,0.18407712428423686,0.0
