,0,6,9,13,17,18,28,31
0,0.0,0.1495531293478593,0.08680619808623825,0.04826815707208894,0.1807486187315441,0.025307051156772252,0.1393837732231341,0.14224019893438503
6,0.1495531293478593,0.0,0.12327480794802255,0.1275498550794639,0.08085191531591204,0.12647728929029478,0.03337344182781287,0.07025795682827553
9,0.08680619808623825,0.12327480794802255,0.0,0.11242690696001176,0.11230485121612944,0.06702825646029187,0.13358912490758879,0.07672435266086068
13,0.04826815707208894,0.1275498550794639,0.11242690696001176,0.0,0.17922443183742,0.04810352845786561,0.10812144646964642,0.14377028749662704
17,0.1807486187315441,0.08085191531591204,0.11230485121612944,0.17922443183742,0.0,0.1548756766141288,0.1133924322154495,0.037425775694420446
18,0.025307051156772252,0.12647728929029478,0.06702825646029187,0.04810352845786561,0.1548756766141288,0.0,0.11990579006781962,0.11771950622891232
28,0.1393837732231341,0.03337344182781287,0.13358912490758879,0.10812144646964642,0.1133924322154495,0.11990579006781962,0.0,0.09748418132743643
31,0.14224019893438503,0.07025795682827553,0.07672435266086068,0.14377028749662704,0.037425775694420446,0.11771950622891232,0.09748418132743643,0.0
