,98,109,110,111,113,114,121,125
98,0.0,0.5540382043870874,0.8844758341366754,0.5661983836878438,0.24458671684725863,0.4164436090181096,0.5425758290209923,0.8451561536660327
109,0.5540382043870874,0.0,0.3955972513468239,0.042124853955219595,0.3337994825281558,0.1448547153341237,0.06108904088755074,0.3383007502845222
110,0.8844758341366754,0.3955972513468239,0.0,0.3632443332199579,0.6704313836310734,0.5131863600821727,0.3722946777106099,0.09281626645772734
111,0.5661983836878438,0.042124853955219595,0.3632443332199579,0.0,0.3451916134402463,0.1589291429713112,0.03585440689449864,0.31397481689753476
113,0.24458671684725863,0.3337994825281558,0.6704313836310734,0.3451916134402463,0.0,0.19292839530180525,0.3274849759695855,0.6482173462602784
114,0.4164436090181096,0.1448547153341237,0.5131863600821727,0.1589291429713112,0.19292839530180525,0.0,0.14062421607457198,0.47980158295014036
121,0.5425758290209923,0.06108904088755074,0.3722946777106099,0.03585440689449864,0.3274849759695855,0.14062421607457198,0.0,0.3449156892618936
125,0.8451561536660327,0.3383007502845222,0.09281626645772734,0.31397481689753476,0.6482173462602784,0.47980158295014036,0.3449156892618936,0.0
