,99,100,101,105,109,112,113,127
99,0.0,0.08129926668627109,0.18936354740877231,0.777387274222067,0.4033744380219784,0.29195154401276024,0.7538731642986557,0.23156383810762315
100,0.08129926668627109,0.0,0.17994039642927756,0.7078342297281177,0.3785029128531681,0.24293625089776757,0.6742071248482457,0.21835431276420506
101,0.18936354740877231,0.17994039642927756,0.0,0.5718553961713555,0.2846127904997501,0.16938260497396423,0.5736753359760556,0.06335776144343344
105,0.777387274222067,0.7078342297281177,0.5718553961713555,0.0,0.3760602138156068,0.4945240184977376,0.10679193060396014,0.5524593710763379
109,0.4033744380219784,0.3785029128531681,0.2846127904997501,0.3760602138156068,0.0,0.12905786472073044,0.3356505069424977,0.2805047065839565
112,0.29195154401276024,0.24293625089776757,0.16938260497396423,0.4945240184977376,0.12905786472073044,0.0,0.46229162798222223,0.19551816023674806
113,0.7538731642986557,0.6742071248482457,0.5736753359760556,0.10679193060396014,0.3356505069424977,0.46229162798222223,0.0,0.5766214143356643
127,0.23156383810762315,0.21835431276420506,0.06335776144343344,0.5524593710763379,0.2805047065839565,0.19551816023674806,0.5766214143356643,0.0
