,0,15,29,30,106,117,118,121
0,0.0,0.27705207734386056,0.8119193757524138,0.36967577931548556,0.8758971975227777,0.6587449942989178,0.8161022715741613,0.7428116052898847
15,0.27705207734386056,0.0,0.5247850913910688,0.10172500171882207,0.7683205004668066,0.6673718722297363,0.8726206875709108,0.6873358992628081
29,0.8119193757524138,0.5247850913910688,0.0,0.4539550328054746,0.7975721823605454,0.9409891974112392,1.189150942698556,0.8498892651592258
30,0.36967577931548556,0.10172500171882207,0.4539550328054746,0.0,0.8170229306707931,0.7616834817643453,0.9710816818818739,0.7478314356052295
106,0.8758971975227777,0.7683205004668066,0.7975721823605454,0.8170229306707931,0.0,0.37215891884850644,0.5831698955231696,0.2085468779427932
117,0.6587449942989178,0.6673718722297363,0.9409891974112392,0.7616834817643453,0.37215891884850644,0.0,0.2264989353128538,0.1841543164690522
118,0.8161022715741613,0.8726206875709108,1.189150942698556,0.9710816818818739,0.5831698955231696,0.2264989353128538,0.0,0.3853351392188305
121,0.7428116052898847,0.6873358992628081,0.8498892651592258,0.7478314356052295,0.2085468779427932,0.1841543164690522,0.3853351392188305,0.0
