,98,106,108,111,112,116,117,119
98,0.0,0.3359206610352983,0.6407046615850384,0.5567339568464701,0.6728563857361429,0.5405874320055692,0.7039939846203759,0.37233306924115606
106,0.3359206610352983,0.0,0.306530427535202,0.23320066669444633,0.34879985992959445,0.20447338335041584,0.3713216557234682,0.036106792243639815
108,0.6407046615850384,0.306530427535202,0.0,0.13309886587139985,0.10537977640714223,0.11036283113006089,0.06607081609630301,0.2740572601570652
111,0.5567339568464701,0.23320066669444633,0.13309886587139985,0.0,0.11914000679077413,0.11322691053817707,0.17792303851816393,0.2034043403058362
112,0.6728563857361429,0.34879985992959445,0.10537977640714223,0.11914000679077413,0.0,0.1849559983220776,0.1091989193079815,0.318933495955355
116,0.5405874320055692,0.20447338335041584,0.11036283113006089,0.11322691053817707,0.1849559983220776,0.0,0.17609871713010192,0.16954987710801747
117,0.7039939846203759,0.3713216557234682,0.06607081609630301,0.17792303851816393,0.1091989193079815,0.17609871713010192,0.0,0.3392390840334388
119,0.37233306924115606,0.036106792243639815,0.2740572601570652,0.2034043403058362,0.318933495955355,0.16954987710801747,0.3392390840334388,0.0
