,99,102,103,105,113,114,115,125
99,0.0,0.35402659361344757,0.742737979577561,0.7573078375326614,0.7403967724688263,0.5488487847834596,0.12438971188506463,0.09484799539929652
102,0.35402659361344757,0.0,0.3912216370774292,0.39212520304015164,0.38755528143991774,0.21519428795083198,0.2913310691455078,0.2708227137608029
103,0.742737979577561,0.3912216370774292,0.0,0.019957709930547886,0.10251171967458919,0.23067942494646615,0.6763736433598384,0.6661977113078503
105,0.7573078375326614,0.39212520304015164,0.019957709930547886,0.0,0.09765807048117726,0.2409119822001762,0.6705143074697331,0.6639314806591977
113,0.7403967724688263,0.38755528143991774,0.10251171967458919,0.09765807048117726,0.0,0.19153897885259366,0.6867998319019165,0.6493395554485926
114,0.5488487847834596,0.21519428795083198,0.23067942494646615,0.2409119822001762,0.19153897885259366,0.0,0.49112886950875206,0.4749504745486044
115,0.12438971188506463,0.2913310691455078,0.6763736433598384,0.6705143074697331,0.6867998319019165,0.49112886950875206,0.0,0.08010691639233461
125,0.09484799539929652,0.2708227137608029,0.6661977113078503,0.6639314806591977,0.6493395554485926,0.4749504745486044,0.08010691639233461,0.0
