,0,7,17,26,99,102,113,120
0,0.0,0.3771614549959005,0.13786351721982182,0.33451838176894755,0.677495289342384,0.7949408630152996,0.9039221934371185,0.7797073270485354
7,0.3771614549959005,0.0,0.35799070258233845,0.09293271650205026,0.9047182808690285,0.87646725436355,0.8775742715367841,0.7541292436636103
17,0.13786351721982182,0.35799070258233845,0.0,0.2849349200860577,0.8199517250434882,0.9570425717360445,1.0357303579892798,0.9038650307277573
26,0.33451838176894755,0.09293271650205026,0.2849349200860577,0.0,0.9177761892748105,0.9216317971373181,0.9686074321759542,0.8141218725653179
99,0.677495289342384,0.9047182808690285,0.8199517250434882,0.9177761892748105,0.0,0.3500203311687314,0.7272492773620862,0.563412977426696
102,0.7949408630152996,0.87646725436355,0.9570425717360445,0.9216317971373181,0.3500203311687314,0.0,0.38768817596554456,0.22084541725509194
113,0.9039221934371185,0.8775742715367841,1.0357303579892798,0.9686074321759542,0.7272492773620862,0.38768817596554456,0.0,0.18535055707838846
120,0.7797073270485354,0.7541292436636103,0.9038650307277573,0.8141218725653179,0.563412977426696,0.22084541725509194,0.18535055707838846,0.0
