,97,98,100,106,107,112,118,122
97,0.0,0.7049817328371314,0.2020463917108282,0.36602133570925,0.564827041272024,0.091490772175903,0.22158353583852472,0.6001903535987054
98,0.7049817328371314,0.0,0.8924229771195222,0.3385883346553227,0.14184720284361785,0.677069677072418,0.9138252623912376,0.182869808505501
100,0.2020463917108282,0.8924229771195222,0.0,0.5635181661639537,0.7626865708914251,0.23571981733684688,0.0235571965930018,0.7813058976165668
106,0.36602133570925,0.3385883346553227,0.5635181661639537,0.0,0.2146757450943118,0.3502883125354332,0.5831348588641652,0.27162844177041634
107,0.564827041272024,0.14184720284361785,0.7626865708914251,0.2146757450943118,0.0,0.5433544885722391,0.792767588060541,0.12287046448565452
112,0.091490772175903,0.677069677072418,0.23571981733684688,0.3502883125354332,0.5433544885722391,0.0,0.25234871714610335,0.5543568052077812
118,0.22158353583852472,0.9138252623912376,0.0235571965930018,0.5831348588641652,0.792767588060541,0.25234871714610335,0.0,0.7975467969350114
122,0.6001903535987054,0.182869808505501,0.7813058976165668,0.27162844177041634,0.12287046448565452,0.5543568052077812,0.7975467969350114,0.0
