,97,101,104,108,110,114,117,127
97,0.0,0.08738410954239618,0.4777528329748922,0.0668236478253698,0.19842579293061843,0.2956489844370188,0.02235599837641145,0.11653525832688873
101,0.08738410954239618,0.0,0.5296923322261609,0.10761827122019285,0.11444447803701725,0.36213468320802544,0.06540443416246915,0.05982949434577299
104,0.4777528329748922,0.5296923322261609,0.0,0.4257884827692674,0.6679200256663486,0.2019356514443898,0.4802970199115818,0.5256291934363491
108,0.0668236478253698,0.10761827122019285,0.4257884827692674,0.0,0.22946327560923305,0.26686515604529365,0.05992922892000975,0.11246905178821374
110,0.19842579293061843,0.11444447803701725,0.6679200256663486,0.22946327560923305,0.0,0.49741162511752357,0.1856480685629771,0.1401992121750709
114,0.2956489844370188,0.36213468320802544,0.2019356514443898,0.26686515604529365,0.49741162511752357,0.0,0.3014126159022782,0.3971360119510357
117,0.02235599837641145,0.06540443416246915,0.4802970199115818,0.05992922892000975,0.1856480685629771,0.3014126159022782,0.0,0.0977084922673615
127,0.11653525832688873,0.05982949434577299,0.5256291934363491,0.11246905178821374,0.1401992121750709,0.3971360119510357,0.0977084922673615,0.0
