,97,100,114,118,119,121,122,125
97,0.0,0.20088581524080176,0.31089300234159284,0.22062467191394677,0.33090482354480666,0.1787285274329283,0.5952697976494191,0.1574705125294617
100,0.20088581524080176,0.0,0.49781930444768596,0.02322434565833808,0.5304962311700849,0.36705524064607276,0.7823062207619549,0.06503265111298073
114,0.31089300234159284,0.49781930444768596,0.0,0.515448533147815,0.1065115896990927,0.13766563872620133,0.28568606719085116,0.46619516179023157
118,0.22062467191394677,0.02322434565833808,0.515448533147815,0.0,0.5510913798085735,0.3857177882916818,0.7987245990223555,0.08659937926971945
119,0.33090482354480666,0.5304962311700849,0.1065115896990927,0.5510913798085735,0.0,0.18116687503727896,0.30153311724268644,0.48480518800776096
121,0.1787285274329283,0.36705524064607276,0.13766563872620133,0.3857177882916818,0.18116687503727896,0.0,0.4219230513228352,0.3329183395743764
122,0.5952697976494191,0.7823062207619549,0.28568606719085116,0.7987245990223555,0.30153311724268644,0.4219230513228352,0.0,0.7502533894545461
125,0.1574705125294617,0.06503265111298073,0.46619516179023157,0.08659937926971945,0.48480518800776096,0.3329183395743764,0.7502533894545461,0.0
