,2,4,8,14,17,19,21,26
2,0.0,0.13537596120380926,0.10776218153976763,0.11690509557613218,0.0910335814599061,0.1277890733205819,0.1600610568634267,0.1620079929467883
4,0.13537596120380926,0.0,0.15813080716709205,0.08810912361948961,0.1365087742212858,0.0522816345931132,0.18170190292603886,0.030123232159730184
8,0.10776218153976763,0.15813080716709205,0.0,0.19463275823863999,0.02396207397839931,0.18455435908562903,0.2615126264984714,0.18625407206928957
14,0.11690509557613218,0.08810912361948961,0.19463275823863999,0.0,0.1706793456192155,0.03849663263796143,0.09336328859643378,0.09506905105049761
17,0.0910335814599061,0.1365087742212858,0.02396207397839931,0.1706793456192155,0.0,0.16149448776641712,0.23969074196357787,0.16518287342488616
19,0.1277890733205819,0.0522816345931132,0.18455435908562903,0.03849663263796143,0.16149448776641712,0.0,0.1310422324782253,0.05677717557411969
21,0.1600610568634267,0.18170190292603886,0.2615126264984714,0.09336328859643378,0.23969074196357787,0.1310422324782253,0.0,0.1860069145837427
26,0.1620079929467883,0.030123232159730184,0.18625407206928957,0.09506905105049761,0.16518287342488616,0.05677717557411969,0.1860069145837427,0.0
