,11,15,17,19,105,113,118,121
11,0.0,0.4008238808217027,0.5605325795482767,0.09428532787557839,0.9468000451739521,0.8930619086819914,1.2510795290467636,0.9716684393873453
15,0.4008238808217027,0.0,0.2867156389420833,0.32732265196607985,0.8366295716055149,0.8338887425482224,0.9213524475182713,0.7276808857534554
17,0.5605325795482767,0.2867156389420833,0.0,0.5341825645738106,1.0905391768021826,1.1050314994012196,0.9208699643045802,0.818754040843473
19,0.09428532787557839,0.32732265196607985,0.5341825645738106,0.0,0.8391373445611984,0.8399117067147972,1.070564079925589,0.9413783556461193
105,0.9468000451739521,0.8366295716055149,1.0905391768021826,0.8391373445611984,0.0,0.057476340055301015,0.7276485517805392,0.33683994509867293
113,0.8930619086819914,0.8338887425482224,1.1050314994012196,0.8399117067147972,0.057476340055301015,0.0,0.6433527961175796,0.2979423210305216
118,1.2510795290467636,0.9213524475182713,0.9208699643045802,1.070564079925589,0.7276485517805392,0.6433527961175796,0.0,0.3337399987900952
121,0.9716684393873453,0.7276808857534554,0.818754040843473,0.9413783556461193,0.33683994509867293,0.2979423210305216,0.3337399987900952,0.0
