,8,11,12,15,18,23,24,27
8,0.0,0.09895981220425773,0.15070300203144593,0.16509601810658747,0.1755494433888597,0.19678287020563826,0.20809470477177175,0.1617261355027749
11,0.09895981220425773,0.0,0.10692081642818264,0.13841583753410278,0.10912076403107969,0.13036967995863552,0.11117470318213782,0.0660448610590488
12,0.15070300203144593,0.10692081642818264,0.0,0.03647583650028794,0.03918367633311607,0.05333652099643132,0.12368522964306891,0.09655295636715051
15,0.16509601810658747,0.13841583753410278,0.03647583650028794,0.0,0.06743986965737338,0.07259827059309967,0.15665636384229134,0.13216976942255584
18,0.1755494433888597,0.10912076403107969,0.03918367633311607,0.06743986965737338,0.0,0.0217561680925096,0.0899457048305991,0.07468402257576919
23,0.19678287020563826,0.13036967995863552,0.05333652099643132,0.07259827059309967,0.0217561680925096,0.0,0.09515810300994372,0.0896725072987434
24,0.20809470477177175,0.11117470318213782,0.12368522964306891,0.15665636384229134,0.0899457048305991,0.09515810300994372,0.0,0.046189549091996074
27,0.1617261355027749,0.0660448610590488,0.09655295636715051,0.13216976942255584,0.07468402257576919,0.0896725072987434,0.046189549091996074,0.0
