,1,3,10,12,15,18,25,27
1,0.0,0.09769078927616597,0.1887082800752866,0.12421331968797868,0.14711639464918683,0.1407960148788176,0.1384915953407129,0.1155144639810233
3,0.09769078927616597,0.0,0.15890152235124683,0.06129948466472787,0.0617060553601303,0.0988738028033565,0.18824312417808148,0.13260275499682891
10,0.1887082800752866,0.15890152235124683,0.0,0.09886185183642847,0.12119702713675136,0.06042786546687826,0.13829886576960146,0.08813307468560583
12,0.12421331968797868,0.06129948466472787,0.09886185183642847,0.0,0.03652456952166586,0.03916796604355296,0.16059224804263952,0.09645291718746017
15,0.14711639464918683,0.0617060553601303,0.12119702713675136,0.03652456952166586,0.0,0.06759777233044492,0.19655374528357855,0.13236667518511847
18,0.1407960148788176,0.0988738028033565,0.06042786546687826,0.03916796604355296,0.06759777233044492,0.0,0.13951927476077017,0.07478686989622964
25,0.1384915953407129,0.18824312417808148,0.13829886576960146,0.16059224804263952,0.19655374528357855,0.13951927476077017,0.0,0.06520622816034805
27,0.1155144639810233,0.13260275499682891,0.08813307468560583,0.09645291718746017,0.13236667518511847,0.07478686989622964,0.06520622816034805,0.0
