,8,10,14,15,18,24,30,31
8,0.0,0.22941655947017828,0.19467285548112223,0.16618634701375049,0.17625988807454007,0.20895818106859157,0.13436017181079593,0.0601387312533554
10,0.22941655947017828,0.0,0.053451996444102805,0.12142545977246329,0.060761675133920695,0.06920867766026312,0.09956138918733358,0.16992487872275105
14,0.19467285548112223,0.053451996444102805,0.0,0.13055655775387076,0.06412371019381324,0.026516446897599317,0.08288263214809484,0.1356290002949305
15,0.16618634701375049,0.12142545977246329,0.13055655775387076,0.0,0.06791983696531072,0.15705127452487994,0.06395220666019832,0.12100672564619491
18,0.17625988807454007,0.060761675133920695,0.06412371019381324,0.06791983696531072,0.0,0.09027750769341662,0.042165800485302614,0.11768167864244325
24,0.20895818106859157,0.06920867766026312,0.026516446897599317,0.15705127452487994,0.09027750769341662,0.0,0.10685392110208082,0.15104310711847002
30,0.13436017181079593,0.09956138918733358,0.08288263214809484,0.06395220666019832,0.042165800485302614,0.10685392110208082,0.0,0.07672137103948083
31,0.0601387312533554,0.16992487872275105,0.1356290002949305,0.12100672564619491,0.11768167864244325,0.15104310711847002,0.07672137103948083,0.0
