,0,4,5,6,15,17,20,25
0,0.0,0.1439311732373389,0.13740536009576243,0.15144948422028157,0.08093996089415226,0.1805225607045904,0.04944107396682294,0.14928945237134428
4,0.1439311732373389,0.0,0.19893631479069576,0.17658429350433882,0.1809291858196252,0.13648010400557972,0.15590956643120898,0.02846510553062472
5,0.13740536009576243,0.19893631479069576,0.0,0.04196971951001367,0.06260175288607042,0.12118910999465217,0.0889984535021006,0.22122416344267115
6,0.15144948422028157,0.17658429350433882,0.04196971951001367,0.0,0.0902118838592861,0.0822697372780561,0.10628807500437998,0.2023210118556659
15,0.08093996089415226,0.1809291858196252,0.06260175288607042,0.0902118838592861,0.0,0.15167643271586037,0.03295645638386587,0.19693085415177566
17,0.1805225607045904,0.13648010400557972,0.12118910999465217,0.0822697372780561,0.15167643271586037,0.0,0.15231657187750283,0.16455785480796167
20,0.04944107396682294,0.15590956643120898,0.0889984535021006,0.10628807500437998,0.03295645638386587,0.15231657187750283,0.0,0.16939433692062109
25,0.14928945237134428,0.02846510553062472,0.22122416344267115,0.2023210118556659,0.19693085415177566,0.16455785480796167,0.16939433692062109,0.0
