,6,10,14,18,19,23,24,27
6,0.0,0.18748712812897628,0.17140824657268128,0.12702238808772978,0.17881739595973542,0.14392889125035271,0.19299998102218616,0.15208451376183516
10,0.18748712812897628,0.0,0.05314184544519636,0.06046715205723629,0.09058783239632331,0.04848744427004846,0.06881069252468189,0.08815783096048313
14,0.17140824657268128,0.05314184544519636,0.0,0.06371732601316342,0.03811333975874192,0.07007524256416055,0.02626012235867984,0.03735166334769583
18,0.12702238808772978,0.06046715205723629,0.06371732601316342,0.0,0.09398261307484083,0.02173822821467901,0.09000111362039702,0.07476688448772487
19,0.17881739595973542,0.09058783239632331,0.03811333975874192,0.09398261307484083,0.0,0.10507703480934076,0.029109735550858842,0.026932523991654057
23,0.14392889125035271,0.04848744427004846,0.07007524256416055,0.02173822821467901,0.10507703480934076,0.0,0.09516785911770835,0.08968193619439661
24,0.19299998102218616,0.06881069252468189,0.02626012235867984,0.09000111362039702,0.029109735550858842,0.09516785911770835,0.0,0.04625589161956992
27,0.15208451376183516,0.08815783096048313,0.03735166334769583,0.07476688448772487,0.026932523991654057,0.08968193619439661,0.04625589161956992,0.0
