,0,1,2,5,14,17,19,23
0,0.0,0.16702268379466081,0.0999274485183019,0.13716681259287794,0.06501845009080527,0.1804069494421979,0.1018498606388593,0.00815748949606818
1,0.16702268379466081,0.0,0.08556655303188643,0.1291658195098727,0.15109153231836545,0.025660181268501985,0.1370946558003829,0.16380021738020942
2,0.0999274485183019,0.08556655303188643,0.0,0.06425566135325474,0.11732734192296666,0.09133513735489404,0.12795275693759736,0.09400777973060295
5,0.13716681259287794,0.1291658195098727,0.06425566135325474,0.0,0.1728062112752446,0.12125090054814056,0.19081880622558964,0.1301673032781025
14,0.06501845009080527,0.15109153231836545,0.11732734192296666,0.1728062112752446,0.0,0.17064636702619526,0.038780013807051664,0.07055434917551837
17,0.1804069494421979,0.025660181268501985,0.09133513735489404,0.12125090054814056,0.17064636702619526,0.0,0.1620046904817748,0.1764749700733437
19,0.1018498606388593,0.1370946558003829,0.12795275693759736,0.19081880622558964,0.038780013807051664,0.1620046904817748,0.0,0.1061468671826322
23,0.00815748949606818,0.16380021738020942,0.09400777973060295,0.1301673032781025,0.07055434917551837,0.1764749700733437,0.1061468671826322,0.0
