,0,6,11,12,18,20,25,26
0,0.0,0.1496466849279112,0.13053265432265612,0.06055922814535858,0.02533453737736508,0.04864902543441608,0.14788482453183996,0.15604507909991544
6,0.1496466849279112,0.0,0.11549997843150785,0.09044552824595584,0.12680872914747374,0.10541478064327679,0.20216791705281428,0.20568239114552714
11,0.13053265432265612,0.11549997843150785,0.0,0.10590096221726761,0.10904919033340882,0.12250100096586027,0.09111474753760665,0.09322660385874629
12,0.06055922814535858,0.09044552824595584,0.10590096221726761,0.0,0.0388379084242916,0.018880223980251645,0.15985620340875528,0.16671157125745428
18,0.02533453737736508,0.12680872914747374,0.10904919033340882,0.0388379084242916,0.0,0.034882496411076776,0.13962099983621387,0.14652857048451934
20,0.04864902543441608,0.10541478064327679,0.12250100096586027,0.018880223980251645,0.034882496411076776,0.0,0.16946642242228308,0.17614977854192818
25,0.14788482453183996,0.20216791705281428,0.09111474753760665,0.15985620340875528,0.13962099983621387,0.16946642242228308,0.0,0.007648343273960284
26,0.15604507909991544,0.20568239114552714,0.09322660385874629,0.16671157125745428,0.14652857048451934,0.17614977854192818,0.007648343273960284,0.0
