,2,4,13,14,19,28,29,31
2,0.0,0.13539340758390322,0.08944749194945656,0.11701167223637382,0.12773561441292647,0.06091008412183621,0.15180044836785483,0.05811357534785932
4,0.13539340758390322,0.0,0.17788393143091275,0.08817674960847612,0.05218554373743497,0.19455156806249316,0.18490269279695748,0.11310743798657087
13,0.08944749194945656,0.17788393143091275,0.0,0.10969266744591448,0.14282048974379516,0.10951862821052263,0.07737946290827047,0.14522657529588154
14,0.11701167223637382,0.08817674960847612,0.10969266744591448,0.0,0.03856813376243744,0.17409603566833298,0.09915550414472961,0.13580178703243712
19,0.12773561441292647,0.05218554373743497,0.14282048974379516,0.03856813376243744,0.0,0.18713553185268772,0.13628237533041687,0.12878301432038944
28,0.06091008412183621,0.19455156806249316,0.10951862821052263,0.17409603566833298,0.18713553185268772,0.0,0.18434824070397532,0.09761786815663631
29,0.15180044836785483,0.18490269279695748,0.07737946290827047,0.09915550414472961,0.13628237533041687,0.18434824070397532,0.0,0.19743491722136086
31,0.05811357534785932,0.11310743798657087,0.14522657529588154,0.13580178703243712,0.12878301432038944,0.09761786815663631,0.19743491722136086,0.0
