,4,18,19,23,105,110,111,124
4,0.0,0.26983293815429704,0.13765311768510624,0.6768951577159875,0.9485161666511721,1.17086312323796,1.0514267694635249,0.8716109863115042
18,0.26983293815429704,0.0,0.13506148937217202,0.42270808931119275,0.816354478368315,0.9149577043776405,0.8448896099764527,0.7850663912187849
19,0.13765311768510624,0.13506148937217202,0.0,0.5456822817020388,0.8927206390927644,1.0327900583790601,0.9670372580401907,0.8094000207743427
23,0.6768951577159875,0.42270808931119275,0.5456822817020388,0.0,0.9360948618220711,0.6956276215952499,0.817880081557922,0.9453197348450226
105,0.9485161666511721,0.816354478368315,0.8927206390927644,0.9360948618220711,0.0,0.6883365429743783,0.3693082521732975,0.09488422918445945
110,1.17086312323796,0.9149577043776405,1.0327900583790601,0.6956276215952499,0.6883365429743783,0.0,0.3615265431430402,0.7546969010255907
111,1.0514267694635249,0.8448896099764527,0.9670372580401907,0.817880081557922,0.3693082521732975,0.3615265431430402,0.0,0.43431375404424194
124,0.8716109863115042,0.7850663912187849,0.8094000207743427,0.9453197348450226,0.09488422918445945,0.7546969010255907,0.43431375404424194,0.0
