,96,98,103,105,109,112,118,123
96,0.0,0.5147120734032393,0.3253026851084091,0.3237895644633253,0.15983227043188988,0.21796512312592464,0.4239327674282956,0.19262865429681392
98,0.5147120734032393,0.0,0.20301195523374346,0.20327986653516303,0.5543142814753614,0.6844963199575357,0.899042110111933,0.3680629747806245
103,0.3253026851084091,0.20301195523374346,0.0,0.020395970794466044,0.362833758418919,0.47716496028006383,0.7260972140949713,0.18752736281875532
105,0.3237895644633253,0.20327986653516303,0.020395970794466044,0.0,0.37482742251603485,0.49215492431607655,0.7239599063289403,0.20118231174924683
109,0.15983227043188988,0.5543142814753614,0.362833758418919,0.37482742251603485,0.0,0.1286246164047773,0.3814720482164016,0.18480436701620864
112,0.21796512312592464,0.6844963199575357,0.47716496028006383,0.49215492431607655,0.1286246164047773,0.0,0.2593261504818491,0.305714270399335
118,0.4239327674282956,0.899042110111933,0.7260972140949713,0.7239599063289403,0.3814720482164016,0.2593261504818491,0.0,0.5505055587188863
123,0.19262865429681392,0.3680629747806245,0.18752736281875532,0.20118231174924683,0.18480436701620864,0.305714270399335,0.5505055587188863,0.0
