,2,3,5,6,8,11,23,24
2,0.0,0.03199582422877202,0.06336173435853269,0.054811731347374486,0.10736888073284805,0.08156309289778237,0.09312985570833787,0.1391301142713603
3,0.03199582422877202,0.0,0.033550184210376297,0.02971723299814643,0.10572257866386268,0.10825983479530257,0.11439291970047256,0.17094521756250408
5,0.06336173435853269,0.033550184210376297,0.0,0.04135335553313532,0.12686025759503786,0.14143932440755294,0.12972754688673344,0.19794583929747167
6,0.054811731347374486,0.02971723299814643,0.04135335553313532,0.0,0.0859283461599661,0.115166680150926,0.14357871827838312,0.19261774712123575
8,0.10736888073284805,0.10572257866386268,0.12686025759503786,0.0859283461599661,0.0,0.09873371142106577,0.1967961246175735,0.20788910823557677
11,0.08156309289778237,0.10825983479530257,0.14143932440755294,0.115166680150926,0.09873371142106577,0.0,0.13005798432321017,0.11132060897923231
23,0.09312985570833787,0.11439291970047256,0.12972754688673344,0.14357871827838312,0.1967961246175735,0.13005798432321017,0.0,0.09491567920217905
24,0.1391301142713603,0.17094521756250408,0.19794583929747167,0.19261774712123575,0.20788910823557677,0.11132060897923231,0.09491567920217905,0.0
