,6,11,12,14,105,116,121,122
6,0.0,0.10784905721062242,0.624649936007418,0.745107640744438,0.7816546176814337,0.9649445454242987,0.8357778779744659,0.8328682062079581
11,0.10784905721062242,0.0,0.5738667159184389,0.6341334459305786,0.9713608385482618,0.9157511067473969,0.9897033878895485,0.829613941229191
12,0.624649936007418,0.5738667159184389,0.0,0.10676792340974071,0.975685314163673,0.808728899464362,0.7626783200073781,0.9887810230169254
14,0.745107640744438,0.6341334459305786,0.10676792340974071,0.0,1.1568940142732427,0.9710282157997323,0.6792978258271049,1.069514655137701
105,0.7816546176814337,0.9713608385482618,0.975685314163673,1.1568940142732427,0.0,0.25577815169735013,0.33243110249141905,0.12766254441556052
116,0.9649445454242987,0.9157511067473969,0.808728899464362,0.9710282157997323,0.25577815169735013,0.0,0.07467577882567637,0.457312193226132
121,0.8357778779744659,0.9897033878895485,0.7626783200073781,0.6792978258271049,0.33243110249141905,0.07467577882567637,0.0,0.39225533924507494
122,0.8328682062079581,0.829613941229191,0.9887810230169254,1.069514655137701,0.12766254441556052,0.457312193226132,0.39225533924507494,0.0
