,101,102,103,110,111,112,118,123
101,0.0,0.18163875172513078,0.5650784162349836,0.12400666228384809,0.24125915698500308,0.16671276367579688,0.19670240107733047,0.405479127329692
102,0.18163875172513078,0.0,0.391466885957275,0.30756453202538353,0.07790984610080394,0.11907426691717006,0.3362659850862755,0.2278343459422603
103,0.5650784162349836,0.391466885957275,0.0,0.6935433966530195,0.364041315347188,0.48544853586531816,0.7223980466706272,0.1848999155108663
110,0.12400666228384809,0.30756453202538353,0.6935433966530195,0.0,0.36112070812931185,0.2694700858421923,0.1475534140452712,0.5329371099727793
111,0.24125915698500308,0.07790984610080394,0.364041315347188,0.36112070812931185,0.0,0.11883575027957323,0.3606720296660378,0.18432782610922258
112,0.16671276367579688,0.11907426691717006,0.48544853586531816,0.2694700858421923,0.11883575027957323,0.0,0.2476334631395881,0.30245292607609825
118,0.19670240107733047,0.3362659850862755,0.7223980466706272,0.1475534140452712,0.3606720296660378,0.2476334631395881,0.0,0.5458434353273743
123,0.405479127329692,0.2278343459422603,0.1848999155108663,0.5329371099727793,0.18432782610922258,0.30245292607609825,0.5458434353273743,0.0
