,1,6,7,22,98,99,106,116
1,0.0,0.08229920373384453,0.4361684246209217,0.20932514962671914,0.8591368152848207,1.216981099963554,0.9535417428753331,1.0359158862958664
6,0.08229920373384453,0.0,0.4120636352818541,0.20714022538274024,0.7537018491203381,1.177445918529567,0.8804744565852359,0.9680143732101762
7,0.4361684246209217,0.4120636352818541,0.0,0.2374433344355073,0.8851937081765022,0.901930918883223,0.8477430695660793,0.8462225138705761
22,0.20932514962671914,0.20714022538274024,0.2374433344355073,0.0,0.8695289523911572,1.1016837717548207,0.9282925459677195,0.9858903820588645
98,0.8591368152848207,0.7537018491203381,0.8851937081765022,0.8695289523911572,0.0,0.9286930595159297,0.33129593411670843,0.5418019668292181
99,1.216981099963554,1.177445918529567,0.901930918883223,1.1016837717548207,0.9286930595159297,0.0,0.5905816800740491,0.39861717257676715
106,0.9535417428753331,0.8804744565852359,0.8477430695660793,0.9282925459677195,0.33129593411670843,0.5905816800740491,0.0,0.20326542427053354
116,1.0359158862958664,0.9680143732101762,0.8462225138705761,0.9858903820588645,0.5418019668292181,0.39861717257676715,0.20326542427053354,0.0
