,10,12,25,29,97,98,106,122
10,0.0,0.12489442446510715,0.4768242989087808,0.7049787914302645,0.8280812948390295,0.9944165048547733,0.8427505394322761,0.9916830948061705
12,0.12489442446510715,0.0,0.587044505735024,0.831346952826566,0.8595958688592942,1.0869065545259335,0.9103739894585812,1.0616002490564147
25,0.4768242989087808,0.587044505735024,0.0,0.3093788546163408,1.0763255840440185,0.8713791161363839,0.8818160886915998,0.8868098995449964
29,0.7049787914302645,0.831346952826566,0.3093788546163408,0.0,1.059447007461863,0.6723743716551434,0.7968438134853933,0.7055078326780873
97,0.8280812948390295,0.8595958688592942,1.0763255840440185,1.059447007461863,0.0,0.7063663111845983,0.36637375562898117,0.6021625952074703
98,0.9944165048547733,1.0869065545259335,0.8713791161363839,0.6723743716551434,0.7063663111845983,0.0,0.3387910977006151,0.18335514772446798
106,0.8427505394322761,0.9103739894585812,0.8818160886915998,0.7968438134853933,0.36637375562898117,0.3387910977006151,0.0,0.2722770218177258
122,0.9916830948061705,1.0616002490564147,0.8868098995449964,0.7055078326780873,0.6021625952074703,0.18335514772446798,0.2722770218177258,0.0
