,105,112,116,117,119,120,121,122
105,0.0,0.49005403904392486,0.3537709342220357,0.5145429359232683,0.1778918836400653,0.18344537638531777,0.34757071675875617,0.17507902615839285
112,0.49005403904392486,0.0,0.19065368627556137,0.11143606865354437,0.32477199986792393,0.3185814746136073,0.14581661589019712,0.5568296343362718
116,0.3537709342220357,0.19065368627556137,0.0,0.1801165059044691,0.17358586598869039,0.18599485245369696,0.09933448233167116,0.4618662685678102
117,0.5145429359232683,0.11143606865354437,0.1801165059044691,0.0,0.34551215644131517,0.3420442039232711,0.18576203378503062,0.6138310450350005
119,0.1778918836400653,0.32477199986792393,0.17358586598869039,0.34551215644131517,0.0,0.04552920708002089,0.18318757626939633,0.3019149207593511
120,0.18344537638531777,0.3185814746136073,0.18599485245369696,0.3420442039232711,0.04552920708002089,0.0,0.17419044983676693,0.28651367704646197
121,0.34757071675875617,0.14581661589019712,0.09933448233167116,0.18576203378503062,0.18318757626939633,0.17419044983676693,0.0,0.4236821288612096
122,0.17507902615839285,0.5568296343362718,0.4618662685678102,0.6138310450350005,0.3019149207593511,0.28651367704646197,0.4236821288612096,0.0
