,9,14,15,18,21,25,27,31
9,0.0,0.058551745819735934,0.11326492644063328,0.06744607640527998,0.13826502310696723,0.08544684419527115,0.029214743874167195,0.0771956373589885
14,0.058551745819735934,0.0,0.13013900307019502,0.06367345318628241,0.0933063438000522,0.0864181860662928,0.037302769491245086,0.13496958631849135
15,0.11326492644063328,0.13013900307019502,0.0,0.0675680599168181,0.13121799784885022,0.19657696680824807,0.13232593920574254,0.12058420299400642
18,0.06744607640527998,0.06367345318628241,0.0675680599168181,0.0,0.08588510916563569,0.13945542252099122,0.07476921970587402,0.11769267769587588
21,0.13826502310696723,0.0933063438000522,0.13121799784885022,0.08588510916563569,0.0,0.1776114386904959,0.12791453823451024,0.20245653108446665
25,0.08544684419527115,0.0864181860662928,0.19657696680824807,0.13945542252099122,0.1776114386904959,0.0,0.06518253978676268,0.14014906528707166
27,0.029214743874167195,0.037302769491245086,0.13232593920574254,0.07476921970587402,0.12791453823451024,0.06518253978676268,0.0,0.10466106493801096
31,0.0771956373589885,0.13496958631849135,0.12058420299400642,0.11769267769587588,0.20245653108446665,0.14014906528707166,0.10466106493801096,0.0
