,3,8,9,22,107,120,122,123
3,0.0,0.2093023184172455,0.06270622836254743,0.5525336642213947,1.051218412629841,0.7925236130262511,0.9752018138909001,0.9255230757423868
8,0.2093023184172455,0.0,0.14627123744092782,0.35292444434340403,1.0551962082348905,0.8251095810943151,1.0513236825005057,0.9616153417797673
9,0.06270622836254743,0.14627123744092782,0.0,0.4960634909963457,1.060721262329494,0.8092223093876514,1.0148009806948945,0.9496810134657302
22,0.5525336642213947,0.35292444434340403,0.4960634909963457,0.0,0.9825177537991258,0.8346168706877083,0.8920776912733797,0.9789379455361995
107,1.051218412629841,1.0551962082348905,1.060721262329494,0.9825177537991258,0.0,0.24682257465679988,0.12328177381290285,0.2390624100876337
120,0.7925236130262511,0.8251095810943151,0.8092223093876514,0.8346168706877083,0.24682257465679988,0.0,0.2852636713141198,0.07549697057725176
122,0.9752018138909001,1.0513236825005057,1.0148009806948945,0.8920776912733797,0.12328177381290285,0.2852636713141198,0.0,0.2611429374783539
123,0.9255230757423868,0.9616153417797673,0.9496810134657302,0.9789379455361995,0.2390624100876337,0.07549697057725176,0.2611429374783539,0.0
