,0,4,27,28,97,115,119,125
0,0.0,0.8116972043420625,0.7324997853833903,0.5764264358171958,0.82614230135795,0.7622304287201435,0.873006313527421,0.8182879723989238
4,0.8116972043420625,0.0,0.09942290731579562,0.23066806808519766,1.151075410285036,1.1724897048458176,0.9807805379011892,1.1771295664343737
27,0.7324997853833903,0.09942290731579562,0.0,0.13153733441739104,1.103572433836771,1.0697446828032429,0.9034699943647571,1.115119509062221
28,0.5764264358171958,0.23066806808519766,0.13153733441739104,0.0,0.966853951674758,1.1080343400623136,0.8253408226754555,1.0183722239541817
97,0.82614230135795,1.151075410285036,1.103572433836771,0.966853951674758,0.0,0.2003439698170022,0.3293668228852256,0.1726862984837812
115,0.7622304287201435,1.1724897048458176,1.0697446828032429,1.1080343400623136,0.2003439698170022,0.0,0.4935259698669168,0.08435812540646742
119,0.873006313527421,0.9807805379011892,0.9034699943647571,0.8253408226754555,0.3293668228852256,0.4935259698669168,0.0,0.4769721960069428
125,0.8182879723989238,1.1771295664343737,1.115119509062221,1.0183722239541817,0.1726862984837812,0.08435812540646742,0.4769721960069428,0.0
