,14,15,20,24,98,105,106,121
14,0.0,0.38894587810672315,0.5452776231951193,0.7294821434036608,1.173209540138139,1.0960498962242127,1.022879684957728,0.8168452983605211
15,0.38894587810672315,0.0,0.16501550317977734,0.4211081955114303,0.8535723499533365,0.828177263702363,0.758693654488599,0.703295549591314
20,0.5452776231951193,0.16501550317977734,0.0,0.25849228813762176,0.7335932019014942,0.788431491719839,0.7599409878164346,0.7253171657633792
24,0.7294821434036608,0.4211081955114303,0.25849228813762176,0.0,0.7548465757729043,0.8651287346492278,0.844350282523273,0.8893561891939227
98,1.173209540138139,0.8535723499533365,0.7335932019014942,0.7548465757729043,0.0,0.183600598266881,0.3247359574215719,0.5132230367532689
105,1.0960498962242127,0.828177263702363,0.788431491719839,0.8651287346492278,0.183600598266881,0.0,0.13801382788889238,0.3427671301246065
106,1.022879684957728,0.758693654488599,0.7599409878164346,0.844350282523273,0.3247359574215719,0.13801382788889238,0.0,0.2056874912131144
121,0.8168452983605211,0.703295549591314,0.7253171657633792,0.8893561891939227,0.5132230367532689,0.3427671301246065,0.2056874912131144,0.0
