,98,103,105,106,113,115,121,125
98,0.0,0.20356853913784004,0.20416940794146385,0.3441865493155533,0.24745596272658804,0.8647480960228927,0.5455530418700071,0.8416124521615997
103,0.20356853913784004,0.0,0.020517624446485205,0.14749546724102555,0.10378084709958058,0.6799754687026323,0.3440321461579436,0.6723822467601523
105,0.20416940794146385,0.020517624446485205,0.0,0.14582805415222996,0.10367064958143879,0.6698289453287314,0.34886431516867145,0.667801199996819
106,0.3441865493155533,0.14749546724102555,0.14582805415222996,0.0,0.1740421254763545,0.5459482074504415,0.2102808228499169,0.5214393106319206
113,0.24745596272658804,0.10378084709958058,0.10367064958143879,0.1740421254763545,0.0,0.6963954355200485,0.3289799505881442,0.646999925994614
115,0.8647480960228927,0.6799754687026323,0.6698289453287314,0.5459482074504415,0.6963954355200485,0.0,0.3643742799350638,0.08153978028815533
121,0.5455530418700071,0.3440321461579436,0.34886431516867145,0.2102808228499169,0.3289799505881442,0.3643742799350638,0.0,0.34949310747698387
125,0.8416124521615997,0.6723822467601523,0.667801199996819,0.5214393106319206,0.646999925994614,0.08153978028815533,0.34949310747698387,0.0
