,104,106,107,111,120,121,124,127
104,0.0,0.12754638835748214,0.0865416904050314,0.3412411903650781,0.1574404990453423,0.3219345942498696,0.09086446848159586,0.5345847884438711
106,0.12754638835748214,0.0,0.20632670984359838,0.23048467586175522,0.047171569941534194,0.2076042079064768,0.2176213733633723,0.40424125228669927
107,0.0865416904050314,0.20632670984359838,0.0,0.42059872286041283,0.24104452786695346,0.3983178923421632,0.026103418124074695,0.6117116678954556
111,0.3412411903650781,0.23048467586175522,0.42059872286041283,0.0,0.2016373235737521,0.03315358942244212,0.4221161359409393,0.24145189940394177
120,0.1574404990453423,0.047171569941534194,0.24104452786695346,0.2016373235737521,0.0,0.1657519068767698,0.2399823675297037,0.38612675432153226
121,0.3219345942498696,0.2076042079064768,0.3983178923421632,0.03315358942244212,0.1657519068767698,0.0,0.40508416582969425,0.2572055679121831
124,0.09086446848159586,0.2176213733633723,0.026103418124074695,0.4221161359409393,0.2399823675297037,0.40508416582969425,0.0,0.625012234294932
127,0.5345847884438711,0.40424125228669927,0.6117116678954556,0.24145189940394177,0.38612675432153226,0.2572055679121831,0.625012234294932,0.0
