,6,14,25,31,96,98,105,123
6,0.0,0.8486287695428154,0.23950460167085022,0.29609911202376865,0.8810441052458993,0.7245566335510871,0.8455143974723557,0.9532516985184561
14,0.8486287695428154,0.0,0.6241177819087403,0.5682487378937191,0.8344440549207756,1.1738286077070903,1.102807568820941,1.0203435925282316
25,0.23950460167085022,0.6241177819087403,0.0,0.08557255103496096,0.8669751166745218,0.8605432172472087,0.914917703294883,1.0389981001945232
31,0.29609911202376865,0.5682487378937191,0.08557255103496096,0.0,0.8495930219745172,0.8835492321915946,0.9009246635380178,0.9452061210790712
96,0.8810441052458993,0.8344440549207756,0.8669751166745218,0.8495930219745172,0.0,0.5047601306841384,0.31161509023484857,0.1858204160177932
98,0.7245566335510871,1.1738286077070903,0.8605432172472087,0.8835492321915946,0.5047601306841384,0.0,0.1801063716129309,0.39359727044103987
105,0.8455143974723557,1.102807568820941,0.914917703294883,0.9009246635380178,0.31161509023484857,0.1801063716129309,0.0,0.17209528482320524
123,0.9532516985184561,1.0203435925282316,1.0389981001945232,0.9452061210790712,0.1858204160177932,0.39359727044103987,0.17209528482320524,0.0
