,8,16,29,30,98,99,117,123
8,0.0,0.2426358004045943,0.589001564637429,0.14982691653420954,0.9963207296222975,0.8966780677907253,0.8149095301665052,0.9612668331887404
16,0.2426358004045943,0.0,0.3541841734377625,0.09927943418255379,0.8005647415045487,0.9292649359694303,0.7865901106977824,0.8339969295430198
29,0.589001564637429,0.3541841734377625,0.0,0.46094569644611844,0.6767075743689083,1.1299141532462469,0.947050869667609,0.8491598465920034
30,0.14982691653420954,0.09927943418255379,0.46094569644611844,0.0,0.8469472259538672,0.8675388626250916,0.7612402356201693,0.849666148834216
98,0.9963207296222975,0.8005647415045487,0.6767075743689083,0.8469472259538672,0.0,0.9404879383091084,0.7141756411546686,0.37071454917528784
99,0.8966780677907253,0.9292649359694303,1.1299141532462469,0.8675388626250916,0.9404879383091084,0.0,0.2313004748502941,0.5756190805955801
117,0.8149095301665052,0.7865901106977824,0.947050869667609,0.7612402356201693,0.7141756411546686,0.2313004748502941,0.0,0.35365320740817113
123,0.9612668331887404,0.8339969295430198,0.8491598465920034,0.849666148834216,0.37071454917528784,0.5756190805955801,0.35365320740817113,0.0
