,104,106,109,112,116,118,124,125
104,0.0,0.14060373230942777,0.3487730833192658,0.48345312477635183,0.3451709567347402,0.7275443598525035,0.0969912363774889,0.6485017752317216
106,0.14060373230942777,0.0,0.2411072352399269,0.3535890476149615,0.20753091623371492,0.5825465715205953,0.22751389374218212,0.5215457401134674
109,0.3487730833192658,0.2411072352399269,0.0,0.12886477501205373,0.1373871467481389,0.3827900027411295,0.42470992513334593,0.3405560697741666
112,0.48345312477635183,0.3535890476149615,0.12886477501205373,0.0,0.1967121560006569,0.2610846051298416,0.5670669479009394,0.21446507822699845
116,0.3451709567347402,0.20753091623371492,0.1373871467481389,0.1967121560006569,0.0,0.39890859348302615,0.4317901567555272,0.3222267418427878
118,0.7275443598525035,0.5825465715205953,0.3827900027411295,0.2610846051298416,0.39890859348302615,0.0,0.7707639481394858,0.08846318938298223
124,0.0969912363774889,0.22751389374218212,0.42470992513334593,0.5670669479009394,0.4317901567555272,0.7707639481394858,0.0,0.7526539143225289
125,0.6485017752317216,0.5215457401134674,0.3405560697741666,0.21446507822699845,0.3222267418427878,0.08846318938298223,0.7526539143225289,0.0
