,8,23,25,30,105,108,118,121
8,0.0,0.22183104872464013,0.2984092798739877,0.1503526573711136,0.9865106363895108,0.8891119405144278,0.9760988865185607,0.8622228714891091
23,0.22183104872464013,0.0,0.4626902962642583,0.2637040825731582,0.9154438695448406,0.6539568881083762,0.8030215944336745,0.6881412361170822
25,0.2984092798739877,0.4626902962642583,0.0,0.2098489290673707,0.910795109708466,0.9150896085451329,1.1101996579939462,0.8495200533145207
30,0.1503526573711136,0.2637040825731582,0.2098489290673707,0.0,0.8403295332665154,0.7163594433335222,0.9754855708937896,0.7714023573917512
105,0.9865106363895108,0.9154438695448406,0.910795109708466,0.8403295332665154,0.0,0.48488538281862553,0.7267673919354778,0.3391825529947748
108,0.8891119405144278,0.6539568881083762,0.9150896085451329,0.7163594433335222,0.48488538281862553,0.0,0.3040799146356384,0.10901958109083534
118,0.9760988865185607,0.8030215944336745,1.1101996579939462,0.9754855708937896,0.7267673919354778,0.3040799146356384,0.0,0.3457624245204359
121,0.8622228714891091,0.6881412361170822,0.8495200533145207,0.7714023573917512,0.3391825529947748,0.10901958109083534,0.3457624245204359,0.0
