,0,1,5,8,9,13,24,27
0,0.0,0.1666395650021247,0.137395794511447,0.20187988291955392,0.08732392003473269,0.04821559403672649,0.08992458425446365,0.08785949636629581
1,0.1666395650021247,0.0,0.12877030338271747,0.04838520880032175,0.09235736234773667,0.17138342172234552,0.16147452504638893,0.11570520358127465
5,0.137395794511447,0.12877030338271747,0.0,0.12778496030272052,0.13673056146275406,0.10430446957405179,0.19944082725641107,0.16399915699093334
8,0.20187988291955392,0.04838520880032175,0.12778496030272052,0.0,0.13623297981772098,0.1968367614047597,0.20914957559715355,0.16258936566077492
9,0.08732392003473269,0.09235736234773667,0.13673056146275406,0.13623297981772098,0.0,0.11295905556903889,0.07483297615006665,0.029636190506908626
13,0.04821559403672649,0.17138342172234552,0.10430446957405179,0.1968367614047597,0.11295905556903889,0.0,0.13629753380813833,0.12395339670993716
24,0.08992458425446365,0.16147452504638893,0.19944082725641107,0.20914957559715355,0.07483297615006665,0.13629753380813833,0.0,0.04631678562717778
27,0.08785949636629581,0.11570520358127465,0.16399915699093334,0.16258936566077492,0.029636190506908626,0.12395339670993716,0.04631678562717778,0.0
