,3,4,12,15,19,23,27,30
3,0.0,0.1651896079980496,0.061199848019102325,0.06163934369343432,0.15958490004181702,0.114339748936526,0.13260468352343896,0.0646972775960939
4,0.1651896079980496,0.0,0.1446507164913728,0.1798632338391399,0.05187739774810511,0.14543069279485668,0.05591116196100649,0.11658817139692035
12,0.061199848019102325,0.1446507164913728,0.0,0.036448539655515276,0.1209436465927813,0.05333109136252329,0.09643831572644704,0.028642242001569417
15,0.06163934369343432,0.1798632338391399,0.036448539655515276,0.0,0.1559767688254861,0.07256559897688868,0.13214125438458799,0.06356160732406814
19,0.15958490004181702,0.05187739774810511,0.1209436465927813,0.1559767688254861,0.0,0.10492767893159112,0.026878280902447475,0.09817928382775681
23,0.114339748936526,0.14543069279485668,0.05333109136252329,0.07256559897688868,0.10492767893159112,0.0,0.0895838045140143,0.06285481605505708
27,0.13260468352343896,0.05591116196100649,0.09643831572644704,0.13214125438458799,0.026878280902447475,0.0895838045140143,0.0,0.07237957539698882
30,0.0646972775960939,0.11658817139692035,0.028642242001569417,0.06356160732406814,0.09817928382775681,0.06285481605505708,0.07237957539698882,0.0
