,3,7,8,10,19,25,26,27
3,0.0,0.17151400188138402,0.10609927466357286,0.15850040978390006,0.15995397328578168,0.1885708584247927,0.19313469026950003,0.13297319812781494
7,0.17151400188138402,0.0,0.20019535414815326,0.08421325860518442,0.016249823170098137,0.05547629592460722,0.06313573553200941,0.040527904906573466
8,0.10609927466357286,0.20019535414815326,0.0,0.2292719310625506,0.1842616315734868,0.18604077698519578,0.18662007376238812,0.16210406426239252
10,0.15850040978390006,0.08421325860518442,0.2292719310625506,0.0,0.0908078786602896,0.13862155290283398,0.14627237084318825,0.08842639277543851
19,0.15995397328578168,0.016249823170098137,0.1842616315734868,0.0908078786602896,0.0,0.04864607942041404,0.05658009867863535,0.026976609562674128
25,0.1885708584247927,0.05547629592460722,0.18604077698519578,0.13862155290283398,0.04864607942041404,0.0,0.007787331484737309,0.06525509317495673
26,0.19313469026950003,0.06313573553200941,0.18662007376238812,0.14627237084318825,0.05658009867863535,0.007787331484737309,0.0,0.07234819238261207
27,0.13297319812781494,0.040527904906573466,0.16210406426239252,0.08842639277543851,0.026976609562674128,0.06525509317495673,0.07234819238261207,0.0
