,15,18,25,27,99,108,112,120
15,0.0,0.22769375501037745,0.3199439877300276,0.40104677380356174,0.7664259459630409,0.7146822118606583,0.7830481146534141,0.6612472953055594
18,0.22769375501037745,0.0,0.13535467676002916,0.17542020321106805,0.9456745241681717,0.8190246413093439,0.8382689578671134,0.6845056630289398
25,0.3199439877300276,0.13535467676002916,0.0,0.11490656384600698,1.0567747252300743,0.9436479804065375,0.9884781534057653,0.8161466842853146
27,0.40104677380356174,0.17542020321106805,0.11490656384600698,0.0,1.088529260370353,0.9441138246613032,0.9783046198777603,0.783391378679165
99,0.7664259459630409,0.9456745241681717,1.0567747252300743,1.088529260370353,0.0,0.29747048996717856,0.28942468332588034,0.5786683289924445
108,0.7146822118606583,0.8190246413093439,0.9436479804065375,0.9441138246613032,0.29747048996717856,0.0,0.10728832614553964,0.28198871851468554
112,0.7830481146534141,0.8382689578671134,0.9884781534057653,0.9783046198777603,0.28942468332588034,0.10728832614553964,0.0,0.31987877447178636
120,0.6612472953055594,0.6845056630289398,0.8161466842853146,0.783391378679165,0.5786683289924445,0.28198871851468554,0.31987877447178636,0.0
