,3,9,13,16,21,23,26,31
3,0.0,0.10491659711513215,0.09903694697754453,0.021042364867587288,0.1800397399669183,0.1145743770137578,0.1928031152239336,0.07225819058160182
9,0.10491659711513215,0.0,0.11256291561022844,0.09866967998591226,0.1381438146961455,0.08700882244486982,0.09107018192340734,0.07699697355009881
13,0.09903694697754453,0.11256291561022844,0.0,0.07769394956402653,0.09014366418247627,0.040775868488759505,0.19506749227693754,0.14416721952897707
16,0.021042364867587288,0.09866967998591226,0.07769394956402653,0.0,0.15998311184278213,0.09475548339049812,0.18904723559727282,0.08312967314432476
21,0.1800397399669183,0.1381438146961455,0.09014366418247627,0.15998311184278213,0.0,0.06600827674322418,0.18501238486132673,0.20200513693612857
23,0.1145743770137578,0.08700882244486982,0.040775868488759505,0.09475548339049812,0.06600827674322418,0.0,0.1600426259057986,0.1388841849623068
26,0.1928031152239336,0.09107018192340734,0.19506749227693754,0.18904723559727282,0.18501238486132673,0.1600426259057986,0.0,0.14240088324595152
31,0.07225819058160182,0.07699697355009881,0.14416721952897707,0.08312967314432476,0.20200513693612857,0.1388841849623068,0.14240088324595152,0.0
