,8,15,20,21,101,102,107,111
8,0.0,0.15560511159500381,0.24715849625244837,0.40154122702673456,0.8471748798306785,0.9323116347686459,1.0552855695146148,0.9316346478255464
15,0.15560511159500381,0.0,0.17646276877078862,0.39429249407329614,0.707317124566488,0.7650300408659809,0.9006352171473531,0.7921185554891919
20,0.24715849625244837,0.17646276877078862,0.0,0.5765274219217804,0.8057368461850745,0.8068698709790748,0.8508996688704977,0.8307526140279564
21,0.40154122702673456,0.39429249407329614,0.5765274219217804,0.0,0.6676508571114316,0.7968037163403494,1.096804059896419,0.830613458957854
101,0.8471748798306785,0.707317124566488,0.8057368461850745,0.6676508571114316,0.0,0.18373722331247613,0.6388871959420989,0.24422409778799767
102,0.9323116347686459,0.7650300408659809,0.8068698709790748,0.7968037163403494,0.18373722331247613,0.0,0.46408770841040686,0.08052397401759472
107,1.0552855695146148,0.9006352171473531,0.8508996688704977,1.096804059896419,0.6388871959420989,0.46408770841040686,0.0,0.4270553277208106
111,0.9316346478255464,0.7921185554891919,0.8307526140279564,0.830613458957854,0.24422409778799767,0.08052397401759472,0.4270553277208106,0.0
