,97,99,101,108,109,115,119,125
97,0.0,0.23998843252937987,0.09796370126693739,0.07493175870824587,0.18005774782900988,0.1907964013773087,0.33110203804072336,0.1540317501438546
99,0.23998843252937987,0.0,0.17887383015404196,0.2876509017208488,0.4097920429949154,0.120904898275835,0.5663299826396734,0.08994555471763437
101,0.09796370126693739,0.17887383015404196,0.0,0.11613560308671848,0.26294593280713724,0.11531645033537692,0.38488154042011663,0.11720407368630534
108,0.07493175870824587,0.2876509017208488,0.11613560308671848,0.0,0.1618617061961618,0.23054460862198164,0.27353444866517224,0.2151566324095624
109,0.18005774782900988,0.4097920429949154,0.26294593280713724,0.1618617061961618,0.0,0.3706448418748671,0.20972738680206945,0.33043014441350366
115,0.1907964013773087,0.120904898275835,0.11531645033537692,0.23054460862198164,0.3706448418748671,0.0,0.49460929971133366,0.07768229904224865
119,0.33110203804072336,0.5663299826396734,0.38488154042011663,0.27353444866517224,0.20972738680206945,0.49460929971133366,0.0,0.48586042644347655
125,0.1540317501438546,0.08994555471763437,0.11720407368630534,0.2151566324095624,0.33043014441350366,0.07768229904224865,0.48586042644347655,0.0
