,96,100,104,105,107,117,122,125
96,0.0,0.5712797137859386,0.16208534008715,0.32150888467005073,0.11106441296896001,0.49200786200925795,0.0967391604564192,0.1800877363110191
100,0.5712797137859386,0.0,0.7206194784753064,0.27042674254355975,0.6119557308543381,0.08722791101068188,0.6045944886618586,0.7265570883617255
104,0.16208534008715,0.7206194784753064,0.0,0.46287701273228277,0.17739763615862134,0.6525637103220918,0.17138417765236258,0.11615390688226737
105,0.32150888467005073,0.27042674254355975,0.46287701273228277,0.0,0.37712476848260335,0.20819589158479895,0.36758529415021546,0.4829651120687234
107,0.11106441296896001,0.6119557308543381,0.17739763615862134,0.37712476848260335,0.0,0.5324718846458544,0.013424675112304631,0.11806717336585729
117,0.49200786200925795,0.08722791101068188,0.6525637103220918,0.20819589158479895,0.5324718846458544,0.0,0.5239830695966023,0.640522487895167
122,0.0967391604564192,0.6045944886618586,0.17138417765236258,0.36758529415021546,0.013424675112304631,0.5239830695966023,0.0,0.12190599523716374
125,0.1800877363110191,0.7265570883617255,0.11615390688226737,0.4829651120687234,0.11806717336585729,0.640522487895167,0.12190599523716374,0.0
