,96,99,104,106,107,116,117,124
96,0.0,0.09163504859209068,0.16097263139233395,0.7039762352094201,0.11064808511516269,0.8065574459658658,0.4897165227517161,0.7116765887559287
99,0.09163504859209068,0.0,0.1520167049763701,0.7690325376086163,0.04230207902990228,0.8691675792814207,0.5483968316463287,0.7727843251032571
104,0.16097263139233395,0.1520167049763701,0.0,0.8559328480201919,0.1761849758622951,0.9556728951644655,0.6469475000878129,0.8710783287758633
106,0.7039762352094201,0.7690325376086163,0.8559328480201919,0.0,0.7477641538362894,0.1126788847018331,0.22102530269320775,0.058509741823043915
107,0.11064808511516269,0.04230207902990228,0.1761849758622951,0.7477641538362894,0.0,0.8525987660520372,0.531570089663288,0.751647084977372
116,0.8065574459658658,0.8691675792814207,0.9556728951644655,0.1126788847018331,0.8525987660520372,0.0,0.3281659028173233,0.1253851307384129
117,0.4897165227517161,0.5483968316463287,0.6469475000878129,0.22102530269320775,0.531570089663288,0.3281659028173233,0.0,0.2235301444260437
124,0.7116765887559287,0.7727843251032571,0.8710783287758633,0.058509741823043915,0.751647084977372,0.1253851307384129,0.2235301444260437,0.0
