,100,102,106,116,118,124,125,127
100,0.0,0.3235756438352441,0.14348657864265127,0.2522630572654819,0.42493189163828865,0.15583189685304027,0.7292618173872029,0.17947342395611296
102,0.3235756438352441,0.0,0.45639944672896854,0.5357844000734205,0.11961591799451277,0.4883752719286108,0.44347602218965015,0.24691554113522837
106,0.14348657864265127,0.45639944672896854,0.0,0.11468621133157293,0.5666643659696761,0.06225508831243564,0.8580982173582274,0.31593427307075583
116,0.2522630572654819,0.5357844000734205,0.11468621133157293,0.0,0.662203189258439,0.1312879380287709,0.956338905336249,0.4150525065286193
118,0.42493189163828865,0.11961591799451277,0.5666643659696761,0.662203189258439,0.0,0.565234921215674,0.3353716945640012,0.29629741064178905
124,0.15583189685304027,0.4883752719286108,0.06225508831243564,0.1312879380287709,0.565234921215674,0.0,0.8754518238422708,0.30644314285997476
125,0.7292618173872029,0.44347602218965015,0.8580982173582274,0.956338905336249,0.3353716945640012,0.8754518238422708,0.0,0.5794761616927084
127,0.17947342395611296,0.24691554113522837,0.31593427307075583,0.4150525065286193,0.29629741064178905,0.30644314285997476,0.5794761616927084,0.0
