,0,1,6,10,19,20,26,30
0,0.0,0.20772910088512694,0.13229691734334903,0.15233865305908112,0.13562599303623168,0.16187220324446078,0.16464036423515685,0.08052322528302842
1,0.20772910088512694,0.0,0.07956311280821315,0.007922099635179118,0.1765614131061519,0.046281826335939705,0.10334999839257339,0.143035274907857
6,0.13229691734334903,0.07956311280821315,0.0,0.07364115312365348,0.18223247155906985,0.030911857558681304,0.1253747877909582,0.104605533980043
10,0.15233865305908112,0.007922099635179118,0.07364115312365348,0.0,0.17231272072616488,0.05687245928444224,0.08822787127507001,0.17666245020752858
19,0.13562599303623168,0.1765614131061519,0.18223247155906985,0.17231272072616488,0.0,0.18920216772392937,0.11474972010671097,0.16836217981494941
20,0.16187220324446078,0.046281826335939705,0.030911857558681304,0.05687245928444224,0.18920216772392937,0.0,0.1347404073686224,0.10540731645341221
26,0.16464036423515685,0.10334999839257339,0.1253747877909582,0.08822787127507001,0.11474972010671097,0.1347404073686224,0.0,0.23038874993580633
30,0.08052322528302842,0.143035274907857,0.104605533980043,0.17666245020752858,0.16836217981494941,0.10540731645341221,0.23038874993580633,0.0
