,0,5,11,20,23,24,25,28
0,0.0,0.06532710431009749,0.11808977950415525,0.1580387673341279,0.1783409003716847,0.18765239130546357,0.18944686340073116,0.09836137763686488
5,0.06532710431009749,0.0,0.0677197072869451,0.10249153364531056,0.1217806167090034,0.13755323630932279,0.1383065651838679,0.12698583995851265
11,0.11808977950415525,0.0677197072869451,0.0,0.05633092676478199,0.13122125150928254,0.1378896178539908,0.08469134270964403,0.1778240574118261
20,0.1580387673341279,0.10249153364531056,0.05633092676478199,0.0,0.060005948689877915,0.12892261009632922,0.05167644059071241,0.20588985501742313
23,0.1783409003716847,0.1217806167090034,0.13122125150928254,0.060005948689877915,0.0,0.1339978445871582,0.04196823859472973,0.22245954045530836
24,0.18765239130546357,0.13755323630932279,0.1378896178539908,0.12892261009632922,0.1339978445871582,0.0,0.0861439130843465,0.1524388757399941
25,0.18944686340073116,0.1383065651838679,0.08469134270964403,0.05167644059071241,0.04196823859472973,0.0861439130843465,0.0,0.20467950574438618
28,0.09836137763686488,0.12698583995851265,0.1778240574118261,0.20588985501742313,0.22245954045530836,0.1524388757399941,0.20467950574438618,0.0
