,96,97,100,101,114,121,123,127
96,0.0,0.26912363368830194,0.5770052066613721,0.15405215169405467,0.5936656387309088,0.6725350981710423,0.24611548242260092,0.43183074543727734
97,0.26912363368830194,0.0,0.3150803443183519,0.14956370179806772,0.3373161920044644,0.3880234101608406,0.03962688788641158,0.17283558952290803
100,0.5770052066613721,0.3150803443183519,0.0,0.45236646674757547,0.049401789488467504,0.09107515429569887,0.3445241474198095,0.17020268207995162
101,0.15405215169405467,0.14956370179806772,0.45236646674757547,0.0,0.4829686240910938,0.5388316067663772,0.11991368055142156,0.3056866471098002
114,0.5936656387309088,0.3373161920044644,0.049401789488467504,0.4829686240910938,0.0,0.10086699965215158,0.36301157244063487,0.2113832602984105
121,0.6725350981710423,0.3880234101608406,0.09107515429569887,0.5388316067663772,0.10086699965215158,0.0,0.43861367831688236,0.2426095384331662
123,0.24611548242260092,0.03962688788641158,0.3445241474198095,0.11991368055142156,0.36301157244063487,0.43861367831688236,0.0,0.1941361269611202
127,0.43183074543727734,0.17283558952290803,0.17020268207995162,0.3056866471098002,0.2113832602984105,0.2426095384331662,0.1941361269611202,0.0
