,8,11,12,28,97,101,114,121
8,0.0,0.5096781528537876,0.43004426956071834,0.285431983030189,0.6829919154021113,0.7601655080150944,0.7749294345784785,0.8921925767200674
11,0.5096781528537876,0.0,0.09143320371157619,0.4263920159772308,0.8984830893473161,0.9010944767091839,1.0810567162056648,1.1656915846170592
12,0.43004426956071834,0.09143320371157619,0.0,0.41211477426243553,0.8609538208571563,0.8998042805938024,1.0454591989313904,1.1286738105033232
28,0.285431983030189,0.4263920159772308,0.41211477426243553,0.0,0.6477529249326015,0.7442635829413574,0.6978562765053002,0.7838891054855021
97,0.6829919154021113,0.8984830893473161,0.8609538208571563,0.6477529249326015,0.0,0.1445171222312479,0.33269668235841926,0.3913569784731877
101,0.7601655080150944,0.9010944767091839,0.8998042805938024,0.7442635829413574,0.1445171222312479,0.0,0.475550840013943,0.5293108889528054
114,0.7749294345784785,1.0810567162056648,1.0454591989313904,0.6978562765053002,0.33269668235841926,0.475550840013943,0.0,0.09732257407390281
121,0.8921925767200674,1.1656915846170592,1.1286738105033232,0.7838891054855021,0.3913569784731877,0.5293108889528054,0.09732257407390281,0.0
