,8,18,19,26,102,113,126,127
8,0.0,0.21060368825233913,0.21972275603546895,0.16149747179867438,0.6639516831872897,0.8154009880577407,0.7796609588159644,0.8888835605326904
18,0.21060368825233913,0.0,0.4914866055632066,0.20518613266511032,0.8479647964073966,1.0450935095644132,1.0381997382790304,0.9319180037039838
19,0.21972275603546895,0.4914866055632066,0.0,0.23818149679882702,0.6355987800487265,0.765908080925023,0.7937462028981798,0.7550457832407752
26,0.16149747179867438,0.20518613266511032,0.23818149679882702,0.0,0.8491964032472094,1.011662463313475,0.9985415851900444,0.8938446420677452
102,0.6639516831872897,0.8479647964073966,0.6355987800487265,0.8491964032472094,0.0,0.19323046853584383,0.17037576035171018,0.2299609215040447
113,0.8154009880577407,1.0450935095644132,0.765908080925023,1.011662463313475,0.19323046853584383,0.0,0.02125280517423451,0.2684810609391906
126,0.7796609588159644,1.0381997382790304,0.7937462028981798,0.9985415851900444,0.17037576035171018,0.02125280517423451,0.0,0.25737453645219943
127,0.8888835605326904,0.9319180037039838,0.7550457832407752,0.8938446420677452,0.2299609215040447,0.2684810609391906,0.25737453645219943,0.0
