,6,9,16,17,20,24,26,29
6,0.0,0.06607970110935782,0.05250429446400669,0.1719074667197112,0.029751310792544696,0.14553513182220154,0.12288815969906192,0.177948407581113
9,0.06607970110935782,0.0,0.042432545436814684,0.16996841578431723,0.10103480568894746,0.150768769001632,0.12842504049433048,0.09839444935906858
16,0.05250429446400669,0.042432545436814684,0.0,0.13246425900123218,0.08139849192481557,0.10327413332686783,0.08172884511491178,0.09832365192496083
17,0.1719074667197112,0.16996841578431723,0.13246425900123218,0.0,0.13719019731434884,0.02408507534855979,0.038734190603143176,0.09245238220776965
20,0.029751310792544696,0.10103480568894746,0.08139849192481557,0.13719019731434884,0.0,0.12771429801117282,0.12948540991493784,0.16971296463147004
24,0.14553513182220154,0.150768769001632,0.10327413332686783,0.02408507534855979,0.12771429801117282,0.0,0.01168254598072252,0.09088052275879643
26,0.12288815969906192,0.12842504049433048,0.08172884511491178,0.038734190603143176,0.12948540991493784,0.01168254598072252,0.0,0.09586875101407263
29,0.177948407581113,0.09839444935906858,0.09832365192496083,0.09245238220776965,0.16971296463147004,0.09088052275879643,0.09586875101407263,0.0
