,96,101,105,106,109,110,113,123
96,0.0,0.1504441484774396,0.3177819819040133,0.6992977152913168,0.13676686538624264,0.12207809215785591,0.16871940883330647,0.23592697715436986
101,0.1504441484774396,0.0,0.232938996171534,0.5941336512307154,0.27618146448926234,0.13481026438748395,0.035114307708741785,0.1168216755470846
105,0.3177819819040133,0.232938996171534,0.0,0.3946620898452469,0.4275208892210093,0.198946322796376,0.20376507742942726,0.12361715861149147
106,0.6992977152913168,0.5941336512307154,0.3946620898452469,0.0,0.8283695063573319,0.5887716571693232,0.567043626501959,0.4716129600758758
109,0.13676686538624264,0.27618146448926234,0.4275208892210093,0.8283695063573319,0.0,0.24201050904556473,0.2895230655614187,0.3638813887512536
110,0.12207809215785591,0.13481026438748395,0.198946322796376,0.5887716571693232,0.24201050904556473,0.0,0.1355149651828112,0.1527466584786983
113,0.16871940883330647,0.035114307708741785,0.20376507742942726,0.567043626501959,0.2895230655614187,0.1355149651828112,0.0,0.09083358118583357
123,0.23592697715436986,0.1168216755470846,0.12361715861149147,0.4716129600758758,0.3638813887512536,0.1527466584786983,0.09083358118583357,0.0
