,0,6,7,11,97,104,112,115
0,0.0,0.4414454848545296,0.3561776608007532,0.5601384093097493,0.7745751043928181,1.044947880016551,0.8006636776693996,0.8145214927322821
6,0.4414454848545296,0.0,0.17671415959547912,0.18194854562406135,0.967457919127159,1.3140302167667834,0.9632166847806866,0.8653149326106931
7,0.3561776608007532,0.17671415959547912,0.0,0.2747877896781708,0.7889827380799522,1.1565578324202739,0.8405689357314126,0.9013375445950286
11,0.5601384093097493,0.18194854562406135,0.2747877896781708,0.0,0.9044002846892758,0.8625426691446941,0.9313770254015198,1.2091845471282332
97,0.7745751043928181,0.967457919127159,0.7889827380799522,0.9044002846892758,0.0,0.43588399896337243,0.04406189372725568,0.4939103864611557
104,1.044947880016551,1.3140302167667834,1.1565578324202739,0.8625426691446941,0.43588399896337243,0.0,0.4737349329056202,0.8831016651669337
112,0.8006636776693996,0.9632166847806866,0.8405689357314126,0.9313770254015198,0.04406189372725568,0.4737349329056202,0.0,0.445083106989422
115,0.8145214927322821,0.8653149326106931,0.9013375445950286,1.2091845471282332,0.4939103864611557,0.8831016651669337,0.445083106989422,0.0
