,97,101,104,110,112,113,115,121
97,0.0,0.14470778718034968,0.42152599140256297,0.17332754015072963,0.04139259486414308,0.12534615483278574,0.474176508035295,0.39161267587755333
101,0.14470778718034968,0.0,0.30876377821113127,0.13510967091212484,0.18367864163656458,0.035219381296025955,0.61630749124246,0.5296481962366756
104,0.42152599140256297,0.30876377821113127,0.0,0.2678601703968205,0.460744022765263,0.32006491531410985,0.8762903432546516,0.8082543378261904
110,0.17332754015072963,0.13510967091212484,0.2678601703968205,0.0,0.20675214317996082,0.1357655612532698,0.6111170981603455,0.5430091320973833
112,0.04139259486414308,0.18367864163656458,0.460744022765263,0.20675214317996082,0.0,0.15959237664995732,0.42992009737002757,0.3478899853401034
113,0.12534615483278574,0.035219381296025955,0.32006491531410985,0.1357655612532698,0.15959237664995732,0.0,0.5930682829406462,0.5025158417140934
115,0.474176508035295,0.61630749124246,0.8762903432546516,0.6111170981603455,0.42992009737002757,0.5930682829406462,0.0,0.11833537544321515
121,0.39161267587755333,0.5296481962366756,0.8082543378261904,0.5430091320973833,0.3478899853401034,0.5025158417140934,0.11833537544321515,0.0
