,5,7,10,11,14,21,22,30
5,0.0,0.12996412525700837,0.13793639110814543,0.06784564719301064,0.06115267832770631,0.08717971745193094,0.05925202093564058,0.07094890241693422
7,0.12996412525700837,0.0,0.03520909652831223,0.10559347564181522,0.17326789849018953,0.17939120080338986,0.1958377349845976,0.16582819481214214
10,0.13793639110814543,0.03520909652831223,0.0,0.10527787050517523,0.151191817673476,0.19428784117483458,0.16928655877429,0.17570085361035062
11,0.06784564719301064,0.10559347564181522,0.10527787050517523,0.0,0.1136070756413545,0.08158351391832144,0.10448544251624044,0.062408915556375094
14,0.06115267832770631,0.17326789849018953,0.151191817673476,0.1136070756413545,0.0,0.09442592869222254,0.07298088188984575,0.08675283896605344
21,0.08717971745193094,0.17939120080338986,0.19428784117483458,0.08158351391832144,0.09442592869222254,0.0,0.10685277469002884,0.020202562435219517
22,0.05925202093564058,0.1958377349845976,0.16928655877429,0.10448544251624044,0.07298088188984575,0.10685277469002884,0.0,0.1013095715839355
30,0.07094890241693422,0.16582819481214214,0.17570085361035062,0.062408915556375094,0.08675283896605344,0.020202562435219517,0.1013095715839355,0.0
