,1,3,7,8,11,14,23,29
1,0.0,0.13680919681070514,0.04017935548672625,0.08726597737528978,0.10428233929222262,0.2147733470659508,0.028600820906292734,0.1550890482511174
3,0.13680919681070514,0.0,0.12130572339254576,0.15957181206477683,0.034431334508272494,0.07986442157370831,0.07836064546293438,0.1575301623028198
7,0.04017935548672625,0.12130572339254576,0.0,0.1428246099812725,0.10362663793331833,0.16922901368436852,0.020658130644252717,0.1794646522617377
8,0.08726597737528978,0.15957181206477683,0.1428246099812725,0.0,0.12452407046959248,0.15139747904298723,0.14243561937150812,0.07044267581586688
11,0.10428233929222262,0.034431334508272494,0.10362663793331833,0.12452407046959248,0.0,0.10921313537120515,0.13045474956897887,0.16717706267676663
14,0.2147733470659508,0.07986442157370831,0.16922901368436852,0.15139747904298723,0.10921313537120515,0.0,0.1711059552706025,0.1245042102115589
23,0.028600820906292734,0.07836064546293438,0.020658130644252717,0.14243561937150812,0.13045474956897887,0.1711059552706025,0.0,0.19036065630604534
29,0.1550890482511174,0.1575301623028198,0.1794646522617377,0.07044267581586688,0.16717706267676663,0.1245042102115589,0.19036065630604534,0.0
