,102,109,111,113,115,118,124,127
102,0.0,0.385258916749518,0.24479104699574764,0.19987143234609855,0.46745682989088616,0.11865320170169416,0.4849432180109471,0.24223757767357829
109,0.385258916749518,0.0,0.14739329365641526,0.3015737024982175,0.8422103435476418,0.27959047903653206,0.8568468563537346,0.568579407844845
111,0.24479104699574764,0.14739329365641526,0.0,0.17551895521635943,0.69781106368816,0.1433335540428562,0.6813113410452958,0.4236159953089356
113,0.19987143234609855,0.3015737024982175,0.17551895521635943,0.0,0.5794878361514285,0.11989012499427379,0.5739446746857089,0.277840002177508
115,0.46745682989088616,0.8422103435476418,0.69781106368816,0.5794878361514285,0.0,0.5911899919213762,0.09124548606502259,0.34314689842228596
118,0.11865320170169416,0.27959047903653206,0.1433335540428562,0.11989012499427379,0.5911899919213762,0.0,0.5641905344994427,0.2955535588030406
124,0.4849432180109471,0.8568468563537346,0.6813113410452958,0.5739446746857089,0.09124548606502259,0.5641905344994427,0.0,0.30488523907021015
127,0.24223757767357829,0.568579407844845,0.4236159953089356,0.277840002177508,0.34314689842228596,0.2955535588030406,0.30488523907021015,0.0
