,11,23,25,26,96,102,111,119
11,0.0,0.21409083430723946,0.21236997430053023,0.502470855405934,0.8299019936565629,0.8707594925702848,0.9162353861359847,1.189435945542246
23,0.21409083430723946,0.0,0.10386696468855278,0.24539131294875446,1.1397155684494373,0.9449744848346369,1.1654889098621897,0.8138340705082392
25,0.21236997430053023,0.10386696468855278,0.0,0.12428068191849553,0.7973818707719027,0.7934231584489804,0.8962460061250399,1.1179519392582615
26,0.502470855405934,0.24539131294875446,0.12428068191849553,0.0,1.0022526683983985,0.8358012421192462,1.0220781430339543,0.7217437711813889
96,0.8299019936565629,1.1397155684494373,0.7973818707719027,1.0022526683983985,0.0,0.25914017622841373,0.06438754630941211,0.7610219298687825
102,0.8707594925702848,0.9449744848346369,0.7934231584489804,0.8358012421192462,0.25914017622841373,0.0,0.23828291138250532,0.5157914250730861
111,0.9162353861359847,1.1654889098621897,0.8962460061250399,1.0220781430339543,0.06438754630941211,0.23828291138250532,0.0,0.7523979098935502
119,1.189435945542246,0.8138340705082392,1.1179519392582615,0.7217437711813889,0.7610219298687825,0.5157914250730861,0.7523979098935502,0.0
