,0,8,17,23,105,120,121,125
0,0.0,0.22863378664963366,0.4128851804211778,0.5168474084956399,0.9311524967347689,0.9136648947606987,0.7775091471710679,1.1712961735161314
8,0.22863378664963366,0.0,0.10449508362279332,0.19057570079583822,0.8296619574464574,0.8479729338115571,0.8707372790928453,0.8959670346724317
17,0.4128851804211778,0.10449508362279332,0.0,0.288917774214123,0.8866606939952273,0.8783908836698421,0.975719086665746,0.811838126013387
23,0.5168474084956399,0.19057570079583822,0.288917774214123,0.0,1.0846551600794194,1.0246453882434063,0.864933632077742,1.3418622426674647
105,0.9311524967347689,0.8296619574464574,0.8866606939952273,1.0846551600794194,0.0,0.14616503304338507,0.35859084297168986,0.47351064462165193
120,0.9136648947606987,0.8479729338115571,0.8783908836698421,1.0246453882434063,0.14616503304338507,0.0,0.23591946798235702,0.555157732383703
121,0.7775091471710679,0.8707372790928453,0.975719086665746,0.864933632077742,0.35859084297168986,0.23591946798235702,0.0,0.7974144397682024
125,1.1712961735161314,0.8959670346724317,0.811838126013387,1.3418622426674647,0.47351064462165193,0.555157732383703,0.7974144397682024,0.0
