,1,8,11,14,110,113,115,117
1,0.0,0.28141326826786023,0.24870606409355778,0.19868028592727183,0.7635707278950413,0.9282246025420238,0.9903394257975444,0.8607784890475579
8,0.28141326826786023,0.0,0.51209322986819,0.5814611175920332,0.6554295868575304,0.815139164216856,0.9062436592515097,0.7859736815327825
11,0.24870606409355778,0.51209322986819,0.0,0.7418502866156013,0.8223745075104473,0.9793183763077706,1.2225645489717727,1.035410068032205
14,0.19868028592727183,0.5814611175920332,0.7418502866156013,0.0,0.9197037817685372,1.009314856652808,0.8695500984577249,0.7710798580025672
110,0.7635707278950413,0.6554295868575304,0.8223745075104473,0.9197037817685372,0.0,0.13663198471839383,0.6108856038503715,0.38315409197353106
113,0.9282246025420238,0.815139164216856,0.9793183763077706,1.009314856652808,0.13663198471839383,0.0,0.5918479631855534,0.34434779486361233
115,0.9903394257975444,0.9062436592515097,1.2225645489717727,0.8695500984577249,0.6108856038503715,0.5918479631855534,0.0,0.2539260286225834
117,0.8607784890475579,0.7859736815327825,1.035410068032205,0.7710798580025672,0.38315409197353106,0.34434779486361233,0.2539260286225834,0.0
