,6,19,21,30,108,114,120,124
6,0.0,0.326321958602775,0.399935144138455,0.3882999113283407,0.8847777275249761,0.8320547098258367,1.050997818720714,0.8151093814937149
19,0.326321958602775,0.0,0.6029440331511909,0.5481451668354912,0.8278220728577539,0.6827861599263949,0.7880511421161087,0.7280050855814818
21,0.399935144138455,0.6029440331511909,0.0,0.10019053147700129,1.202391610354648,0.9985384009972897,1.0323470818941907,1.0870737118503728
30,0.3882999113283407,0.5481451668354912,0.10019053147700129,0.0,1.1307990667829648,0.9202262418952438,0.9907972558940437,1.0182364173987832
108,0.8847777275249761,0.8278220728577539,1.202391610354648,1.1307990667829648,0.0,0.24363650361232794,0.4292644892558341,0.16118877262932974
114,0.8320547098258367,0.6827861599263949,0.9985384009972897,0.9202262418952438,0.24363650361232794,0.0,0.19059873863960902,0.13226162650501086
120,1.050997818720714,0.7880511421161087,1.0323470818941907,0.9907972558940437,0.4292644892558341,0.19059873863960902,0.0,0.2933315106826139
124,0.8151093814937149,0.7280050855814818,1.0870737118503728,1.0182364173987832,0.16118877262932974,0.13226162650501086,0.2933315106826139,0.0
