,1,3,9,16,17,24,26,30
1,0.0,0.1392983939626824,0.1480147915138721,0.09510895198286057,0.12577330796221264,0.09334501530043403,0.10138906969561465,0.14069792866908057
3,0.1392983939626824,0.0,0.04185373623484727,0.06352745878022092,0.21692290554383367,0.18193726719606676,0.14696995812550898,0.03593246129479055
9,0.1480147915138721,0.04185373623484727,0.0,0.04247001401976714,0.1708840529771993,0.15159275774576855,0.1287087007483554,0.05995288062583796
16,0.09510895198286057,0.06352745878022092,0.04247001401976714,0.0,0.1334383678247433,0.10421498273878163,0.08237209121150503,0.10225107381678017
17,0.12577330796221264,0.21692290554383367,0.1708840529771993,0.1334383678247433,0.0,0.024316702112112176,0.03922189487369785,0.17309279011044346
24,0.09334501530043403,0.18193726719606676,0.15159275774576855,0.10421498273878163,0.024316702112112176,0.0,0.011884872354187368,0.16284088851567782
26,0.10138906969561465,0.14696995812550898,0.1287087007483554,0.08237209121150503,0.03922189487369785,0.011884872354187368,0.0,0.23279833570743322
30,0.14069792866908057,0.03593246129479055,0.05995288062583796,0.10225107381678017,0.17309279011044346,0.16284088851567782,0.23279833570743322,0.0
