,6,17,24,29,101,110,116,122
6,0.0,0.468933478809349,0.32744808595500474,0.152796577011131,1.0883234111547808,1.045286758538891,0.7929723128853491,1.2785259844703063
17,0.468933478809349,0.0,0.09878862185070128,0.25583615240510965,0.746664635773031,0.6742226769616976,1.0510331272364952,0.7989231477884291
24,0.32744808595500474,0.09878862185070128,0.0,0.2586956217108199,0.7649167804806678,0.6839040501395293,1.016535682157171,0.8543264874247954
29,0.152796577011131,0.25583615240510965,0.2586956217108199,0.0,0.7940246530744839,0.7050908677060005,0.7942703684360458,0.9137583778524316
101,1.0883234111547808,0.746664635773031,0.7649167804806678,0.7940246530744839,0.0,0.1315996947522876,0.7019772389770275,0.1555297814621079
110,1.045286758538891,0.6742226769616976,0.6839040501395293,0.7050908677060005,0.1315996947522876,0.0,0.6850237093701833,0.19429087527845787
116,0.7929723128853491,1.0510331272364952,1.016535682157171,0.7942703684360458,0.7019772389770275,0.6850237093701833,0.0,0.8440219110939304
122,1.2785259844703063,0.7989231477884291,0.8543264874247954,0.9137583778524316,0.1555297814621079,0.19429087527845787,0.8440219110939304,0.0
