,10,11,14,22,111,115,116,120
10,0.0,0.3704921502735242,0.4499089240042214,0.3172963579224388,1.068504789506294,0.8560863226387325,0.8165301058514959,0.9503103874005578
11,0.3704921502735242,0.0,0.7068143418734667,0.14430807659596878,0.9200917875363942,1.2357700158117868,1.2272181506615443,1.076690513774078
14,0.4499089240042214,0.7068143418734667,0.0,0.13355068733235,1.0000138879786697,0.838655274169065,0.7768266268464071,0.9029873557687158
22,0.3172963579224388,0.14430807659596878,0.13355068733235,0.0,0.8240441622162052,1.1014900264079117,1.1381038594557562,1.0050875179399479
111,1.068504789506294,0.9200917875363942,1.0000138879786697,0.8240441622162052,0.0,0.7112355654678557,0.7935738677802805,0.4070843739720122
115,0.8560863226387325,1.2357700158117868,0.838655274169065,1.1014900264079117,0.7112355654678557,0.0,0.079552983833836,0.326607652961875
116,0.8165301058514959,1.2272181506615443,0.7768266268464071,1.1381038594557562,0.7935738677802805,0.079552983833836,0.0,0.3972417887376164
120,0.9503103874005578,1.076690513774078,0.9029873557687158,1.0050875179399479,0.4070843739720122,0.326607652961875,0.3972417887376164,0.0
