,1,8,9,17,18,21,27,29
1,0.0,0.08889829311250085,0.14798128794853094,0.1257268371746248,0.2057626583143946,0.17573179235589403,0.14188302169534991,0.15673580830313538
8,0.08889829311250085,0.0,0.1310072138639807,0.041302335016821956,0.1713638504247977,0.1768574240974325,0.0356660105587627,0.07161016541845415
9,0.14798128794853094,0.1310072138639807,0.0,0.17083270548655466,0.05503680731233384,0.08004425806716826,0.1364111541858446,0.09964181984189724
17,0.1257268371746248,0.041302335016821956,0.17083270548655466,0.0,0.2047492763712135,0.19307285918447553,0.0387180235793576,0.09313558448760083
18,0.2057626583143946,0.1713638504247977,0.05503680731233384,0.2047492763712135,0.0,0.08710392577226221,0.1672363820776226,0.11515624663059496
21,0.17573179235589403,0.1768574240974325,0.08004425806716826,0.19307285918447553,0.08710392577226221,0.0,0.20805992851363045,0.17275302998736608
27,0.14188302169534991,0.0356660105587627,0.1364111541858446,0.0387180235793576,0.1672363820776226,0.20805992851363045,0.0,0.048298282972047184
29,0.15673580830313538,0.07161016541845415,0.09964181984189724,0.09313558448760083,0.11515624663059496,0.17275302998736608,0.048298282972047184,0.0
