,9,23,26,30,105,107,114,126
9,0.0,0.326105937253998,0.20127519458730936,0.21061463471620853,1.0228731003938523,1.1659113552028368,0.7686563462370666,1.03295759732039
23,0.326105937253998,0.0,0.24885387399589728,0.6482120723633564,1.070612194192891,1.2550402030252896,0.8370565296387892,1.1005060512659381
26,0.20127519458730936,0.24885387399589728,0.0,0.16938363476807472,0.9664469174031661,1.153460821661455,0.7269281437927386,0.9995734409548866
30,0.21061463471620853,0.6482120723633564,0.16938363476807472,0.0,0.9963791516664452,0.9619861379302329,0.90750364151982,0.9210404282978046
105,1.0228731003938523,1.070612194192891,0.9664469174031661,0.9963791516664452,0.0,0.3719952487357709,0.28086082124035616,0.17823108433386753
107,1.1659113552028368,1.2550402030252896,1.153460821661455,0.9619861379302329,0.3719952487357709,0.0,0.6350179331309237,0.2006523675106612
114,0.7686563462370666,0.8370565296387892,0.7269281437927386,0.90750364151982,0.28086082124035616,0.6350179331309237,0.0,0.4240996219815969
126,1.03295759732039,1.1005060512659381,0.9995734409548866,0.9210404282978046,0.17823108433386753,0.2006523675106612,0.4240996219815969,0.0
