,3,14,15,28,98,113,120,126
3,0.0,0.4836811134868433,0.0812071708914102,0.2574852895761668,0.8165473835246422,1.1269104273676058,1.015721270436586,1.1339168900557919
14,0.4836811134868433,0.0,0.2800365203016934,0.41038992667909485,0.7953996665940535,0.9933744595040981,0.9028993068761657,0.9625085792562615
15,0.0812071708914102,0.2800365203016934,0.0,0.3536943989032669,1.2372835382257072,0.9833834562613882,1.090998393188669,0.9835373013188085
28,0.2574852895761668,0.41038992667909485,0.3536943989032669,0.0,0.7862962471490681,0.789822617382233,0.7907696815290699,0.7833981959984956
98,0.8165473835246422,0.7953996665940535,1.2372835382257072,0.7862962471490681,0.0,0.6264110879757361,0.36014022436166054,0.6374905557954486
113,1.1269104273676058,0.9933744595040981,0.9833834562613882,0.789822617382233,0.6264110879757361,0.0,0.26639118488929325,0.02002298597211879
120,1.015721270436586,0.9028993068761657,1.090998393188669,0.7907696815290699,0.36014022436166054,0.26639118488929325,0.0,0.2497505589245362
126,1.1339168900557919,0.9625085792562615,0.9835373013188085,0.7833981959984956,0.6374905557954486,0.02002298597211879,0.2497505589245362,0.0
