,101,106,107,108,109,114,125,126
101,0.0,0.590100039661144,0.1642330073745035,0.7264897720279887,0.27938267844419284,0.47830234244305064,0.2790434731665631,0.05586340671606436
106,0.590100039661144,0.0,0.747653672431491,0.1460821520654285,0.8267384789954352,0.1225156635136181,0.8632285404106222,0.5467187044004764
107,0.1642330073745035,0.747653672431491,0.0,0.8822211064941038,0.15246789939436076,0.6380644606907683,0.11727644207400782,0.20287649954348294
108,0.7264897720279887,0.1460821520654285,0.8822211064941038,0.0,0.9495167305048943,0.24952355685859356,0.9957701569769547,0.6799440183856729
109,0.27938267844419284,0.8267384789954352,0.15246789939436076,0.9495167305048943,0.0,0.7127888833180391,0.11799623003151044,0.30382555204490536
114,0.47830234244305064,0.1225156635136181,0.6380644606907683,0.24952355685859356,0.7127888833180391,0.0,0.7514517079449605,0.43585973365481184
125,0.2790434731665631,0.8632285404106222,0.11727644207400782,0.9957701569769547,0.11799623003151044,0.7514517079449605,0.0,0.3167278712364885
126,0.05586340671606436,0.5467187044004764,0.20287649954348294,0.6799440183856729,0.30382555204490536,0.43585973365481184,0.3167278712364885,0.0
