,6,7,8,15,20,25,27,31
6,0.0,0.06911350150086715,0.12589907501934988,0.07712466400075443,0.03013701026724944,0.07956343528737986,0.16059860400556364,0.07729289471445182
7,0.06911350150086715,0.0,0.14429844331407685,0.1329522756085717,0.04794263889415702,0.04779893433158694,0.16018694398658354,0.13182510315590967
8,0.12589907501934988,0.14429844331407685,0.0,0.17201041321223015,0.12054706434180876,0.09910258715827772,0.0357947377802688,0.16230665154670193
15,0.07712466400075443,0.1329522756085717,0.17201041321223015,0.0,0.08674696505415735,0.12059233938105254,0.19090023644816087,0.015394159575435348
20,0.03013701026724944,0.04794263889415702,0.12054706434180876,0.08674696505415735,0.0,0.051729286105934476,0.1448106540299767,0.08221026759809838
25,0.07956343528737986,0.04779893433158694,0.09910258715827772,0.12059233938105254,0.051729286105934476,0.0,0.13586129403329764,0.10075691733002833
27,0.16059860400556364,0.16018694398658354,0.0357947377802688,0.19090023644816087,0.1448106540299767,0.13586129403329764,0.0,0.19024466358470507
31,0.07729289471445182,0.13182510315590967,0.16230665154670193,0.015394159575435348,0.08221026759809838,0.10075691733002833,0.19024466358470507,0.0
