,101,105,108,110,111,113,114,122
101,0.0,0.2359228428615563,0.7264734256446824,0.13640521887594861,0.1678904464313127,0.03556970331222063,0.477655197761577,0.15992409652113074
105,0.2359228428615563,0.0,0.5179137034728353,0.20039410621729695,0.289546812056402,0.20583169399328988,0.28424073658671306,0.36441128996730177
108,0.7264734256446824,0.5179137034728353,0.0,0.7135941199308581,0.8092400594765732,0.6994061786837183,0.2490229071678221,0.8753812779795846
110,0.13640521887594861,0.20039410621729695,0.7135941199308581,0.0,0.10586665471489141,0.1373552791988092,0.4722639661856102,0.20407951987451745
111,0.1678904464313127,0.289546812056402,0.8092400594765732,0.10586665471489141,0.0,0.1745193055965562,0.5695317672266094,0.1363542996529912
113,0.03556970331222063,0.20583169399328988,0.6994061786837183,0.1373552791988092,0.1745193055965562,0.0,0.45279999902012347,0.18047758957766524
114,0.477655197761577,0.28424073658671306,0.2490229071678221,0.4722639661856102,0.5695317672266094,0.45279999902012347,0.0,0.6299114125281685
122,0.15992409652113074,0.36441128996730177,0.8753812779795846,0.20407951987451745,0.1363542996529912,0.18047758957766524,0.6299114125281685,0.0
