,1,12,19,23,102,111,119,127
1,0.0,0.3457298637602157,0.2590829089442589,0.07228401951181573,0.7693272172265955,0.8914603390968792,1.0527371987015466,0.9183527287210518
12,0.3457298637602157,0.0,0.3420477921285879,0.46817071268576244,0.7989658160270463,0.914178148470393,1.194217142975123,1.089686678186915
19,0.2590829089442589,0.3420477921285879,0.0,0.2669761421839591,0.616109081855874,0.8457405571920716,0.7809408085182579,0.804661333637425
23,0.07228401951181573,0.46817071268576244,0.2669761421839591,0.0,0.8943200285254337,1.2339193186565889,0.8521411762437366,1.1184080497766202
102,0.7693272172265955,0.7989658160270463,0.616109081855874,0.8943200285254337,0.0,0.23000026320999015,0.4749716220323713,0.2013824037601134
111,0.8914603390968792,0.914178148470393,0.8457405571920716,1.2339193186565889,0.23000026320999015,0.0,0.7270007439741224,0.39384335125952474
119,1.0527371987015466,1.194217142975123,0.7809408085182579,0.8521411762437366,0.4749716220323713,0.7270007439741224,0.0,0.33926557356248216
127,0.9183527287210518,1.089686678186915,0.804661333637425,1.1184080497766202,0.2013824037601134,0.39384335125952474,0.33926557356248216,0.0
