,8,18,19,20,21,22,27,31
8,0.0,0.17094697010167023,0.0819611711486231,0.1188973614280834,0.17575200917065634,0.10842613461491137,0.035261466767893684,0.16023526357542275
18,0.17094697010167023,0.0,0.11692366003294176,0.16860824113366263,0.08652262747718015,0.06568735142378296,0.1666368832508429,0.11447012945977372
19,0.0819611711486231,0.11692366003294176,0.0,0.18791154652037595,0.17547110971722948,0.07717070278234928,0.05108601008124037,0.183370820319905
20,0.1188973614280834,0.16860824113366263,0.18791154652037595,0.0,0.1424149057060238,0.15650740905031496,0.14265360093683052,0.08126058691226577
21,0.17575200917065634,0.08652262747718015,0.17547110971722948,0.1424149057060238,0.0,0.10613583373613938,0.20710262129790508,0.05149818594172548
22,0.10842613461491137,0.06568735142378296,0.07717070278234928,0.15650740905031496,0.10613583373613938,0.0,0.10903029044177881,0.12634467890272721
27,0.035261466767893684,0.1666368832508429,0.05108601008124037,0.14265360093683052,0.20710262129790508,0.10903029044177881,0.0,0.18773654339361415
31,0.16023526357542275,0.11447012945977372,0.183370820319905,0.08126058691226577,0.05149818594172548,0.12634467890272721,0.18773654339361415,0.0
