,101,102,105,109,110,114,118,126
101,0.0,0.2153004669056403,0.23619321492968529,0.2789169301633455,0.13653621344884667,0.47754235415635105,0.11303952872295782,0.055652568248520266
102,0.2153004669056403,0.0,0.06763888206618286,0.38439087599690425,0.14388126946382682,0.3358148391330078,0.1162575812619678,0.17367553142186778
105,0.23619321492968529,0.06763888206618286,0.0,0.4296042030882823,0.20054736391647296,0.284105537162938,0.1682759195464114,0.18332749989848993
109,0.2789169301633455,0.38439087599690425,0.4296042030882823,0.0,0.24204302506801598,0.7125521295544175,0.27866189025866106,0.30288430937365335
110,0.13653621344884667,0.14388126946382682,0.20054736391647296,0.24204302506801598,0.0,0.4725143063917831,0.04238506396525887,0.12720819811085243
114,0.47754235415635105,0.3358148391330078,0.284105537162938,0.7125521295544175,0.4725143063917831,0.0,0.4368268179270397,0.4343550200690966
118,0.11303952872295782,0.1162575812619678,0.1682759195464114,0.27866189025866106,0.04238506396525887,0.4368268179270397,0.0,0.09766747746757004
126,0.055652568248520266,0.17367553142186778,0.18332749989848993,0.30288430937365335,0.12720819811085243,0.4343550200690966,0.09766747746757004,0.0
