,96,102,107,108,109,111,116,121
96,0.0,0.26963068612167657,0.11106168558103706,0.8329610930914482,0.1400596107781698,0.0689869515553338,0.8038305890567459,0.6608078242318076
102,0.26963068612167657,0.0,0.34753910431524265,0.5748441720517283,0.384605708237041,0.24217570223171767,0.5481646070189928,0.41487125830328797
107,0.11106168558103706,0.34753910431524265,0.0,0.8818981917563774,0.15274292571607806,0.14487751092415913,0.8557552997733007,0.6904860286659431
108,0.8329610930914482,0.5748441720517283,0.8818981917563774,0.0,0.9498179942590863,0.8102414472520909,0.05449491188446309,0.22165037540159271
109,0.1400596107781698,0.384605708237041,0.15274292571607806,0.9498179942590863,0.0,0.14194482116753848,0.9273065816178458,0.7811745245722931
111,0.0689869515553338,0.24217570223171767,0.14487751092415913,0.8102414472520909,0.14194482116753848,0.0,0.7835172985349687,0.641695017084637
116,0.8038305890567459,0.5481646070189928,0.8557552997733007,0.05449491188446309,0.9273065816178458,0.7835172985349687,0.0,0.17990470622603674
121,0.6608078242318076,0.41487125830328797,0.6904860286659431,0.22165037540159271,0.7811745245722931,0.641695017084637,0.17990470622603674,0.0
