,96,100,106,107,108,113,116,119
96,0.0,0.5850633306479393,0.7195056429111133,0.11587923818225396,0.8570033554127637,0.18129624269021918,0.8042593484016979,0.7924567267156813
100,0.5850633306479393,0.0,0.14264292179815855,0.6068903164627506,0.28538224114252253,0.43599728958312334,0.25102808192551884,0.21733632254315055
106,0.7195056429111133,0.14264292179815855,0.0,0.7318175604120211,0.1456707437939206,0.5482296631340632,0.11455503845058218,0.09566973720123062
107,0.11587923818225396,0.6068903164627506,0.7318175604120211,0.0,0.8489794905651143,0.19738575647960852,0.8503779704039401,0.817258762166966
108,0.8570033554127637,0.28538224114252253,0.1456707437939206,0.8489794905651143,0.0,0.7010554575758303,0.057781472865107084,0.1319498117171443
113,0.18129624269021918,0.43599728958312334,0.5482296631340632,0.19738575647960852,0.7010554575758303,0.0,0.6791362522269334,0.6410166841698931
116,0.8042593484016979,0.25102808192551884,0.11455503845058218,0.8503779704039401,0.057781472865107084,0.6791362522269334,0.0,0.08608831329319774
119,0.7924567267156813,0.21733632254315055,0.09566973720123062,0.817258762166966,0.1319498117171443,0.6410166841698931,0.08608831329319774,0.0
