,5,6,17,22,23,27,28,30
5,0.0,0.06579739998297959,0.1594562355359602,0.06049157852785284,0.12255916494028334,0.13415761374339324,0.12843131752544024,0.07180715320307753
6,0.06579739998297959,0.0,0.1763001933452845,0.1417227696835661,0.05991334250135245,0.1625624460654466,0.20299247443516324,0.10426125772902743
17,0.1594562355359602,0.1763001933452845,0.0,0.12044628425796093,0.17823607740202632,0.039624818875226786,0.17003154305523127,0.1772043270163938
22,0.06049157852785284,0.1417227696835661,0.12044628425796093,0.0,0.2087924226005192,0.11259821191687107,0.07849529466187095,0.10261522937508151
23,0.12255916494028334,0.05991334250135245,0.17823607740202632,0.2087924226005192,0.0,0.18163087019446694,0.2266945863954771,0.16870529015363095
27,0.13415761374339324,0.1625624460654466,0.039624818875226786,0.11259821191687107,0.18163087019446694,0.0,0.0954377276156673,0.19828524218047977
28,0.12843131752544024,0.20299247443516324,0.17003154305523127,0.07849529466187095,0.2266945863954771,0.0954377276156673,0.0,0.15508237420677715
30,0.07180715320307753,0.10426125772902743,0.1772043270163938,0.10261522937508151,0.16870529015363095,0.19828524218047977,0.15508237420677715,0.0
