,96,98,101,105,106,117,126,127
96,0.0,0.7734201896858192,0.15140200915522586,0.3198634836961609,0.7021385549653844,0.4877473488017293,0.17684835861919493,0.4299384966822387
98,0.7734201896858192,0.0,0.665986317063432,0.4609413005463602,0.09010307507821627,0.2990288239273067,0.6198153967754464,0.37540917583374894
101,0.15140200915522586,0.665986317063432,0.0,0.23626372914248273,0.5903466518281136,0.3698207499741262,0.05564049512658227,0.2980143947387221
105,0.3198634836961609,0.4609413005463602,0.23626372914248273,0.0,0.39581988024151116,0.20805687780681614,0.1833362418433197,0.1598854003944569
106,0.7021385549653844,0.09010307507821627,0.5903466518281136,0.39581988024151116,0.0,0.21949211689516987,0.5466989570507741,0.29618394470253856
117,0.4877473488017293,0.2990288239273067,0.3698207499741262,0.20805687780681614,0.21949211689516987,0.0,0.33218759302366707,0.08709802808877555
126,0.17684835861919493,0.6198153967754464,0.05564049512658227,0.1833362418433197,0.5466989570507741,0.33218759302366707,0.0,0.2568740572078317
127,0.4299384966822387,0.37540917583374894,0.2980143947387221,0.1598854003944569,0.29618394470253856,0.08709802808877555,0.2568740572078317,0.0
