,10,16,20,24,101,116,120,125
10,0.0,0.3043355785654942,0.2773968312213053,0.20696179629596828,0.9615917848878186,0.8335852576432558,0.950278324512483,1.2043160762546048
16,0.3043355785654942,0.0,0.21201963043594743,0.37021674451652753,1.0004382497471165,0.7264600023996494,0.9645457026076557,1.244333635281676
20,0.2773968312213053,0.21201963043594743,0.0,0.33576484257691014,0.8647418206850369,1.0419061422145053,0.9978981679883049,1.0304897754386442
24,0.20696179629596828,0.37021674451652753,0.33576484257691014,0.0,0.7725730927464458,1.0152942139115066,0.8909750548238858,0.8503338743124143
101,0.9615917848878186,1.0004382497471165,0.8647418206850369,0.7725730927464458,0.0,0.6948133577114197,0.29468100718056356,0.2775330398248708
116,0.8335852576432558,0.7264600023996494,1.0419061422145053,1.0152942139115066,0.6948133577114197,0.0,0.4060726548011972,0.9665910551730565
120,0.950278324512483,0.9645457026076557,0.9978981679883049,0.8909750548238858,0.29468100718056356,0.4060726548011972,0.0,0.5671027768462135
125,1.2043160762546048,1.244333635281676,1.0304897754386442,0.8503338743124143,0.2775330398248708,0.9665910551730565,0.5671027768462135,0.0
