,1,3,8,14,15,17,20,28
1,0.0,0.14101841305568277,0.09018343301234673,0.21420022236887923,0.152718965373203,0.12661302733232874,0.04528628192516434,0.20783798861021877
3,0.14101841305568277,0.0,0.16442988519232585,0.08413049760423208,0.012610359047325619,0.21857859704884527,0.09220256153693063,0.18403337374007003
8,0.09018343301234673,0.16442988519232585,0.0,0.15732460949682534,0.17272156557869628,0.041771363334092704,0.12136404322821921,0.134503439946678
14,0.21420022236887923,0.08413049760423208,0.15732460949682534,0.0,0.11400572149490026,0.2022636901981068,0.16897410979050742,0.08423117009059776
15,0.152718965373203,0.012610359047325619,0.17272156557869628,0.11400572149490026,0.0,0.20784970809219291,0.08777484709008547,0.18372999540397444
17,0.12661302733232874,0.21857859704884527,0.041771363334092704,0.2022636901981068,0.20784970809219291,0.0,0.14164446762923563,0.16934121647240896
20,0.04528628192516434,0.09220256153693063,0.12136404322821921,0.16897410979050742,0.08777484709008547,0.14164446762923563,0.0,0.20614667148802926
28,0.20783798861021877,0.18403337374007003,0.134503439946678,0.08423117009059776,0.18372999540397444,0.16934121647240896,0.20614667148802926,0.0
