,98,109,113,119,120,121,123,126
98,0.0,0.8853417169956066,0.6349964914575418,0.06761568020561196,0.3747721314923988,0.15539467923919673,0.5464495696724722,0.6216999554048258
109,0.8853417169956066,0.0,0.2915600256134289,0.8929893383098413,0.5417164592936885,0.7795272952509893,0.36520373609048484,0.30121775224711234
113,0.6349964914575418,0.2915600256134289,0.0,0.6314731604550893,0.26897487832655725,0.504026684836657,0.09107843317006091,0.02154064088993747
119,0.06761568020561196,0.8929893383098413,0.6314731604550893,0.0,0.364156422668041,0.12505648744616177,0.5420110779703325,0.6173858649404941
120,0.3747721314923988,0.5417164592936885,0.26897487832655725,0.364156422668041,0.0,0.24128420853533125,0.18355792377817182,0.2533892074941382
121,0.15539467923919673,0.7795272952509893,0.504026684836657,0.12505648744616177,0.24128420853533125,0.0,0.42052525017106185,0.49256290459344226
123,0.5464495696724722,0.36520373609048484,0.09107843317006091,0.5420110779703325,0.18355792377817182,0.42052525017106185,0.0,0.0723678935975417
126,0.6216999554048258,0.30121775224711234,0.02154064088993747,0.6173858649404941,0.2533892074941382,0.49256290459344226,0.0723678935975417,0.0
