,0,2,6,14,17,19,22,24
0,0.0,0.17893744923334362,0.12756792005021633,0.0056707286043635894,0.2056488515440371,0.1333928176865153,0.07260356727192493,0.1857884098284457
2,0.17893744923334362,0.0,0.07928658542725515,0.20740436223607348,0.0933319969245635,0.1657682287523306,0.12075768724162673,0.09466143663005139
6,0.12756792005021633,0.07928658542725515,0.0,0.1346883113145145,0.17198716184266333,0.1791254314088692,0.1402038584795373,0.14562433372590797
14,0.0056707286043635894,0.20740436223607348,0.1346883113145145,0.0,0.19935088219025957,0.1119920937639926,0.0725370925509642,0.17027436053344144
17,0.2056488515440371,0.0933319969245635,0.17198716184266333,0.19935088219025957,0.0,0.0964133948750819,0.11692778586812083,0.02411454577153325
19,0.1333928176865153,0.1657682287523306,0.1791254314088692,0.1119920937639926,0.0964133948750819,0.0,0.07741873170603443,0.0991737090118186
22,0.07260356727192493,0.12075768724162673,0.1402038584795373,0.0725370925509642,0.11692778586812083,0.07741873170603443,0.0,0.1033782156848403
24,0.1857884098284457,0.09466143663005139,0.14562433372590797,0.17027436053344144,0.02411454577153325,0.0991737090118186,0.1033782156848403,0.0
