,96,97,101,107,112,116,118,123
96,0.0,0.26403087324899294,0.1485595317179022,0.10719520593122724,0.30686514551903954,0.80753179645275,0.14772422123585435,0.23115085612112418
97,0.26403087324899294,0.0,0.1419311157048033,0.3066956020409506,0.04046473176577583,0.5567875182853725,0.13307757456881966,0.03599657363043805
101,0.1485595317179022,0.1419311157048033,0.0,0.15978454856160884,0.17964087432164563,0.70254299119731,0.11166114426470156,0.11543104550881411
107,0.10719520593122724,0.3066956020409506,0.15978454856160884,0.0,0.3451408791609806,0.8550145272590781,0.2302060737518601,0.27286784482609333
112,0.30686514551903954,0.04046473176577583,0.17964087432164563,0.3451408791609806,0.0,0.4993468908434141,0.16095551532810706,0.07322654741345216
116,0.80753179645275,0.5567875182853725,0.70254299119731,0.8550145272590781,0.4993468908434141,0.0,0.6479338916742392,0.5817557140383044
118,0.14772422123585435,0.13307757456881966,0.11166114426470156,0.2302060737518601,0.16095551532810706,0.6479338916742392,0.0,0.10902309010694494
123,0.23115085612112418,0.03599657363043805,0.11543104550881411,0.27286784482609333,0.07322654741345216,0.5817557140383044,0.10902309010694494,0.0
