,99,100,105,109,115,117,119,122
99,0.0,0.631185045240261,0.39511508663182926,0.15006202338499106,0.7923757716007281,0.5482812952794982,0.8394493303423164,0.03580609851047615
100,0.631185045240261,0.0,0.26946546012129696,0.6914989040551772,0.16814858641135366,0.08690972012139847,0.2086385098398408,0.6028069083274763
105,0.39511508663182926,0.26946546012129696,0.0,0.4298374383102182,0.41838612584409124,0.20811591568544077,0.4736262054585925,0.3653343664813886
109,0.15006202338499106,0.6914989040551772,0.4298374383102182,0.0,0.8476213781821992,0.6181069586162603,0.8994983591149162,0.14999751240003975
115,0.7923757716007281,0.16814858641135366,0.41838612584409124,0.8476213781821992,0.0,0.2551846302087245,0.09920584757581444,0.7721030070210839
117,0.5482812952794982,0.08690972012139847,0.20811591568544077,0.6181069586162603,0.2551846302087245,0.0,0.2875565493031997,0.5246212742685297
119,0.8394493303423164,0.2086385098398408,0.4736262054585925,0.8994983591149162,0.09920584757581444,0.2875565493031997,0.0,0.8168226101730016
122,0.03580609851047615,0.6028069083274763,0.3653343664813886,0.14999751240003975,0.7721030070210839,0.5246212742685297,0.8168226101730016,0.0
