,4,25,26,31,99,105,115,122
4,0.0,0.13326201117693018,0.4323005337872216,0.19588823819533852,0.9021366118696479,1.0231168794541183,0.8633645141662587,1.0716930374683666
25,0.13326201117693018,0.0,0.12430794526613234,0.27605414614847795,0.7999475405444193,0.9834521398739983,1.0063382135575485,0.8908291573441731
26,0.4323005337872216,0.12430794526613234,0.0,0.4921633141173459,0.9857906064371043,1.0125298553608986,0.7780702407552353,1.13251182249159
31,0.19588823819533852,0.27605414614847795,0.4921633141173459,0.0,0.8559571837486315,0.986218690437835,1.1125497633939911,0.9316018303199939
99,0.9021366118696479,0.7999475405444193,0.9857906064371043,0.8559571837486315,0.0,0.3976596787079774,0.8068182205440532,0.04007088017497434
105,1.0231168794541183,0.9834521398739983,1.0125298553608986,0.986218690437835,0.3976596787079774,0.0,0.4200732157793741,0.3774070902648492
115,0.8633645141662587,1.0063382135575485,0.7780702407552353,1.1125497633939911,0.8068182205440532,0.4200732157793741,0.0,0.7902826945625422
122,1.0716930374683666,0.8908291573441731,1.13251182249159,0.9316018303199939,0.04007088017497434,0.3774070902648492,0.7902826945625422,0.0
