,99,101,105,106,113,120,121,125
99,0.0,0.1852663481358342,0.39362298368804755,0.7588455692709914,0.20871087401190952,0.4717378426619164,0.7122113779383679,0.1032685441769419
101,0.1852663481358342,0.0,0.23010894708021432,0.5974348636867975,0.03472194843756828,0.2976174421941052,0.5265194034550436,0.2732357609405483
105,0.39362298368804755,0.23010894708021432,0.0,0.393660031547482,0.20206592624442463,0.1476741289977644,0.35894808950220597,0.4765968151208248
106,0.7588455692709914,0.5974348636867975,0.393660031547482,0.0,0.5692413251200946,0.2953447729612819,0.07751765624525501,0.8657825509333397
113,0.20871087401190952,0.03472194843756828,0.20206592624442463,0.5692413251200946,0.0,0.26887485629950053,0.4975548161246486,0.29663987280223886
120,0.4717378426619164,0.2976174421941052,0.1476741289977644,0.2953447729612819,0.26887485629950053,0.0,0.23893796121753003,0.5618531731756543
121,0.7122113779383679,0.5265194034550436,0.35894808950220597,0.07751765624525501,0.4975548161246486,0.23893796121753003,0.0,0.8020769836602768
125,0.1032685441769419,0.2732357609405483,0.4765968151208248,0.8657825509333397,0.29663987280223886,0.5618531731756543,0.8020769836602768,0.0
