,0,1,2,3,7,13,25,26
0,0.0,0.20607411547090942,0.18009690343631207,0.09602833336098968,0.17824914502967665,0.07438338640277464,0.18864174928881441,0.15940193702837643
1,0.20607411547090942,0.0,0.020363081194304737,0.1390300064384318,0.041047715127069506,0.14719519482845034,0.014763805782366735,0.10121753804407291
2,0.18009690343631207,0.020363081194304737,0.0,0.14945043897938798,0.053006499737685474,0.17024935488192944,0.006671499821775583,0.09353393018570526
3,0.09602833336098968,0.1390300064384318,0.14945043897938798,0.0,0.12296796629004275,0.11546071685815615,0.1265941619266507,0.1467256497159595
7,0.17824914502967665,0.041047715127069506,0.053006499737685474,0.12296796629004275,0.0,0.15394743649081022,0.047606113903521985,0.11763012025761263
13,0.07438338640277464,0.14719519482845034,0.17024935488192944,0.11546071685815615,0.15394743649081022,0.0,0.1487774673052024,0.09108633769683745
25,0.18864174928881441,0.014763805782366735,0.006671499821775583,0.1265941619266507,0.047606113903521985,0.1487774673052024,0.0,0.11175206908420224
26,0.15940193702837643,0.10121753804407291,0.09353393018570526,0.1467256497159595,0.11763012025761263,0.09108633769683745,0.11175206908420224,0.0
