,5,6,7,8,9,16,20,31
5,0.0,0.0629474512651882,0.12716944381170509,0.12603644619700424,0.012064079145642502,0.037725767206587005,0.10013937797731158,0.08846346356989004
6,0.0629474512651882,0.0,0.06808561596791982,0.12236144417366619,0.06550252922398885,0.05211705816167566,0.02947313063680592,0.0762220999883705
7,0.12716944381170509,0.06808561596791982,0.0,0.14310001565771993,0.12727587965755421,0.0959507279988591,0.04739969430022209,0.12990458407322764
8,0.12603644619700424,0.12236144417366619,0.14310001565771993,0.0,0.12952310978127032,0.09360904519456818,0.11835382841407863,0.15948575872477008
9,0.012064079145642502,0.06550252922398885,0.12727587965755421,0.12952310978127032,0.0,0.042379284078177995,0.10033328794473388,0.07111873435841334
16,0.037725767206587005,0.05211705816167566,0.0959507279988591,0.09360904519456818,0.042379284078177995,0.0,0.08089695799263287,0.09612252351270253
20,0.10013937797731158,0.02947313063680592,0.04739969430022209,0.11835382841407863,0.10033328794473388,0.08089695799263287,0.0,0.08091846623296894
31,0.08846346356989004,0.0762220999883705,0.12990458407322764,0.15948575872477008,0.07111873435841334,0.09612252351270253,0.08091846623296894,0.0
