,4,12,17,26,96,107,112,123
4,0.0,0.17820161745710694,0.46796953189391527,0.4304203365030667,0.9546040784978275,1.0252651980861072,0.8206272804764656,0.9194700717366581
12,0.17820161745710694,0.0,0.6230057773937394,0.5499193770353079,0.7951158290763458,0.9188825819937545,0.8722758625155203,0.9465684132547149
17,0.46796953189391527,0.6230057773937394,0.0,0.19192165731963245,0.7335580473918245,0.7763201966140834,0.7376367419811104,0.7925437603270518
26,0.4304203365030667,0.5499193770353079,0.19192165731963245,0.0,0.9866062949292085,1.1832046235691478,0.8239411705983346,0.9092765137929407
96,0.9546040784978275,0.7951158290763458,0.7335580473918245,0.9866062949292085,0.0,0.1141394764581769,0.30501956399103575,0.24830880104811667
107,1.0252651980861072,0.9188825819937545,0.7763201966140834,1.1832046235691478,0.1141394764581769,0.0,0.35037029233679523,0.27744676881725666
112,0.8206272804764656,0.8722758625155203,0.7376367419811104,0.8239411705983346,0.30501956399103575,0.35037029233679523,0.0,0.07863797432707252
123,0.9194700717366581,0.9465684132547149,0.7925437603270518,0.9092765137929407,0.24830880104811667,0.27744676881725666,0.07863797432707252,0.0
