,3,12,16,17,106,115,117,119
3,0.0,0.14789503221689268,0.2856471092878905,0.431949831015044,0.9158415006886638,0.8273329910583334,0.8829573332563937,0.8654521119539579
12,0.14789503221689268,0.0,0.42099307752894216,0.6067819684710498,1.2102908691999499,1.1896408700884096,1.0118736551900434,1.2033304349404121
16,0.2856471092878905,0.42099307752894216,0.0,0.30944414057900776,0.8807512290534429,0.7836599138414886,0.7900780048344856,0.7291957499448802
17,0.431949831015044,0.6067819684710498,0.30944414057900776,0.0,1.0745098508994682,1.062060050963911,0.8531117459971537,1.0611399504750019
106,0.9158415006886638,1.2102908691999499,0.8807512290534429,1.0745098508994682,0.0,0.050185724757225394,0.2235477320519241,0.09368627546655717
115,0.8273329910583334,1.1896408700884096,0.7836599138414886,1.062060050963911,0.050185724757225394,0.0,0.25671931077096344,0.10000672043219792
117,0.8829573332563937,1.0118736551900434,0.7900780048344856,0.8531117459971537,0.2235477320519241,0.25671931077096344,0.0,0.2890048559086004
119,0.8654521119539579,1.2033304349404121,0.7291957499448802,1.0611399504750019,0.09368627546655717,0.10000672043219792,0.2890048559086004,0.0
