,2,9,13,25,101,118,119,120
2,0.0,0.25931687642183493,0.1754226289871047,0.046673653717467505,0.8784863865273389,0.8339475937372797,1.203751780092242,1.0747750331375332
9,0.25931687642183493,0.0,0.30410180991084185,0.382259851124953,1.0243334716555912,0.9406683204489105,0.7971468692318853,0.9553835692487401
13,0.1754226289871047,0.30410180991084185,0.0,0.32708350835665506,0.9045966737577749,0.8585060296704058,0.7035225393692228,0.8504343863239695
25,0.046673653717467505,0.382259851124953,0.32708350835665506,0.0,0.8591058346738805,0.7994417022120786,1.1206660454879362,1.0157814468905195
101,0.8784863865273389,1.0243334716555912,0.9045966737577749,0.8591058346738805,0.0,0.1116235069720949,0.6449235554132766,0.2990867559354681
118,0.8339475937372797,0.9406683204489105,0.8585060296704058,0.7994417022120786,0.1116235069720949,0.0,0.6227679792747145,0.2780621348441101
119,1.203751780092242,0.7971468692318853,0.7035225393692228,1.1206660454879362,0.6449235554132766,0.6227679792747145,0.0,0.3585881926451871
120,1.0747750331375332,0.9553835692487401,0.8504343863239695,1.0157814468905195,0.2990867559354681,0.2780621348441101,0.3585881926451871,0.0
