,3,12,14,16,17,24,26,29
3,0.0,0.026600878763274095,0.07984941854750356,0.06196527713503343,0.21456905571375487,0.17896932059464157,0.14332873567694296,0.157575219707236
12,0.026600878763274095,0.0,0.09069140992836565,0.07983308597022752,0.15803588488797063,0.17058175072053863,0.1759005326064197,0.15840392492659813
14,0.07984941854750356,0.09069140992836565,0.0,0.10040119962376148,0.19781810286775606,0.1674650062613853,0.16859577979961987,0.12453416508839495
16,0.06196527713503343,0.07983308597022752,0.10040119962376148,0.0,0.1316850646396931,0.1020695174386099,0.08063023047586364,0.09730259790235168
17,0.21456905571375487,0.15803588488797063,0.19781810286775606,0.1316850646396931,0.0,0.023745116758234035,0.03826066845355008,0.091623360926037
24,0.17896932059464157,0.17058175072053863,0.1674650062613853,0.1020695174386099,0.023745116758234035,0.0,0.011456727123890334,0.0899932174457528
26,0.14332873567694296,0.1759005326064197,0.16859577979961987,0.08063023047586364,0.03826066845355008,0.011456727123890334,0.0,0.09494297449774951
29,0.157575219707236,0.15840392492659813,0.12453416508839495,0.09730259790235168,0.091623360926037,0.0899932174457528,0.09494297449774951,0.0
