,6,17,19,26,96,103,105,107
6,0.0,0.4775567570271915,0.33211782542080637,0.24404333901899417,1.1562612379076604,1.2370796791021548,1.0862375347751811,1.2770517519466331
17,0.4775567570271915,0.0,0.3549556068522613,0.18318801302313342,0.711745693036854,0.692688983103969,0.8956226997704086,0.7876661402813985
19,0.33211782542080637,0.3549556068522613,0.0,0.23872465716880864,0.7887943702641598,0.8243067827867882,0.8023875296606275,0.8999746067623317
26,0.24404333901899417,0.18318801302313342,0.23872465716880864,0.0,0.9964084010922636,1.0709675026678798,0.9785920539637765,1.1614939668424784
96,1.1562612379076604,0.711745693036854,0.7887943702641598,0.9964084010922636,0.0,0.08773239616263538,0.31777770120307997,0.10972693292525856
103,1.2370796791021548,0.692688983103969,0.8243067827867882,1.0709675026678798,0.08773239616263538,0.0,0.39877910224799407,0.06669467545747909
105,1.0862375347751811,0.8956226997704086,0.8023875296606275,0.9785920539637765,0.31777770120307997,0.39877910224799407,0.0,0.3752907800244126
107,1.2770517519466331,0.7876661402813985,0.8999746067623317,1.1614939668424784,0.10972693292525856,0.06669467545747909,0.3752907800244126,0.0
