,96,98,108,110,111,113,120,125
96,0.0,0.7715300291032356,0.8284826808317838,0.12329979283347041,0.06819457696111529,0.17060076493909618,0.4217140178798071,0.1789271893135158
98,0.7715300291032356,0.0,0.06609750623786054,0.6538576359535749,0.7473230388509987,0.6346241312224004,0.37545352794428855,0.9371509704242644
108,0.8284826808317838,0.06609750623786054,0.0,0.713841452692628,0.8074098014445351,0.7000036956988143,0.43711589717120963,0.9932888459214314
110,0.12329979283347041,0.6538576359535749,0.713841452692628,0.0,0.10573581276126635,0.13693527394865204,0.3237236445540161,0.30412918122191007
111,0.06819457696111529,0.7473230388509987,0.8074098014445351,0.10573581276126635,0.0,0.17430438376324156,0.4111513248313455,0.2181636752296646
113,0.17060076493909618,0.6346241312224004,0.7000036956988143,0.13693527394865204,0.17430438376324156,0.0,0.2689977732140623,0.30059797311172487
120,0.4217140178798071,0.37545352794428855,0.43711589717120963,0.3237236445540161,0.4111513248313455,0.2689977732140623,0.0,0.5669092598509295
125,0.1789271893135158,0.9371509704242644,0.9932888459214314,0.30412918122191007,0.2181636752296646,0.30059797311172487,0.5669092598509295,0.0
