,1,5,7,9,13,20,21,25
1,0.0,0.13873320753914734,0.04137460801716235,0.14797788332406564,0.1482883079780121,0.044717060705825505,0.1761266185095731,0.014910595201959108
5,0.13873320753914734,0.0,0.12996369145566328,0.012509903781704265,0.058393794445026063,0.10270282832879765,0.08719058882296933,0.1385050677354709
7,0.04137460801716235,0.12996369145566328,0.0,0.12919886734182287,0.1550584905066199,0.04802900480166948,0.1794717979511271,0.047953464720055294
9,0.14797788332406564,0.012509903781704265,0.12919886734182287,0.0,0.05916148099702531,0.10234270508336618,0.0801354362409144,0.12411438656934874
13,0.1482883079780121,0.058393794445026063,0.1550584905066199,0.05916148099702531,0.0,0.15282943999224474,0.1419420968899345,0.14942713762418067
20,0.044717060705825505,0.10270282832879765,0.04802900480166948,0.10234270508336618,0.15282943999224474,0.0,0.14266152578258665,0.051782691843908595
21,0.1761266185095731,0.08719058882296933,0.1794717979511271,0.0801354362409144,0.1419420968899345,0.14266152578258665,0.0,0.11875907853864964
25,0.014910595201959108,0.1385050677354709,0.047953464720055294,0.12411438656934874,0.14942713762418067,0.051782691843908595,0.11875907853864964,0.0
