,2,5,7,12,15,16,20,28
2,0.0,0.1426530737631376,0.0540729175774278,0.09611028640252214,0.11225532734713868,0.08658073712497977,0.059578283970612746,0.20105203141284833
5,0.1426530737631376,0.0,0.13141542822977675,0.05674323559471806,0.07601312758859899,0.03922715061618807,0.10412018568985404,0.12807908489419584
7,0.0540729175774278,0.13141542822977675,0.0,0.13834985145304068,0.1340271756713637,0.09903083159408237,0.04835193907778556,0.24513761655825486
12,0.09611028640252214,0.05674323559471806,0.13834985145304068,0.0,0.024956858766904365,0.08372629458884102,0.09415889880074174,0.151026704778632
15,0.11225532734713868,0.07601312758859899,0.1340271756713637,0.024956858766904365,0.0,0.09177782386723064,0.08795894772082538,0.18388024102582518
16,0.08658073712497977,0.03922715061618807,0.09903083159408237,0.08372629458884102,0.09177782386723064,0.0,0.08308540781662221,0.1481989405900854
20,0.059578283970612746,0.10412018568985404,0.04835193907778556,0.09415889880074174,0.08795894772082538,0.08308540781662221,0.0,0.2062506482518461
28,0.20105203141284833,0.12807908489419584,0.24513761655825486,0.151026704778632,0.18388024102582518,0.1481989405900854,0.2062506482518461,0.0
