,102,103,110,112,114,116,118,122
102,0.0,0.354082137458635,0.14345892263142013,0.12004973004360261,0.33498375890345045,0.5503423069928661,0.1160468941057656,0.3339545083529263
103,0.354082137458635,0.0,0.21182507921363658,0.37856915637025607,0.6655293361894654,0.8859809189706722,0.23627713598255315,0.06338737547043655
110,0.14345892263142013,0.21182507921363658,0.0,0.2075649112460985,0.4733229395542728,0.6898736701271821,0.042303783530907794,0.20461983278226045
112,0.12004973004360261,0.37856915637025607,0.2075649112460985,0.0,0.29253222272720086,0.5083773081803796,0.16677633191708252,0.3412064521649967
114,0.33498375890345045,0.6655293361894654,0.4733229395542728,0.29253222272720086,0.0,0.2177282567157871,0.43581040182331177,0.6300801652615401
116,0.5503423069928661,0.8859809189706722,0.6898736701271821,0.5083773081803796,0.2177282567157871,0.0,0.6540914764978581,0.8500052024065913
118,0.1160468941057656,0.23627713598255315,0.042303783530907794,0.16677633191708252,0.43581040182331177,0.6540914764978581,0.0,0.21790596679953136
122,0.3339545083529263,0.06338737547043655,0.20461983278226045,0.3412064521649967,0.6300801652615401,0.8500052024065913,0.21790596679953136,0.0
