,1,14,19,27,100,107,116,119
1,0.0,0.20076515631647524,0.25959004364425536,0.16097290004462048,0.8430438439802731,0.9435882703454632,0.9886909067019647,1.045550586735205
14,0.20076515631647524,0.0,0.5237081143133866,0.40752979127486905,0.7741937098737991,1.1016158921666084,0.708983875118461,0.7659823141524085
19,0.25959004364425536,0.5237081143133866,0.0,0.13416529052326023,0.7290220472129231,0.875486081335725,0.7520738074429251,0.7764314894471309
27,0.16097290004462048,0.40752979127486905,0.13416529052326023,0.0,0.7127980602512027,0.8117829156731301,0.789524628511639,0.7904948817979324
100,0.8430438439802731,0.7741937098737991,0.7290220472129231,0.7127980602512027,0.0,0.6329207655892337,0.22229968687618495,0.18404203964675328
107,0.9435882703454632,1.1016158921666084,0.875486081335725,0.8117829156731301,0.6329207655892337,0.0,0.8589198464782702,0.8229257819035466
116,0.9886909067019647,0.708983875118461,0.7520738074429251,0.789524628511639,0.22229968687618495,0.8589198464782702,0.0,0.06832571673880844
119,1.045550586735205,0.7659823141524085,0.7764314894471309,0.7904948817979324,0.18404203964675328,0.8229257819035466,0.06832571673880844,0.0
