,96,99,106,107,117,118,121,123
96,0.0,0.08657673258106532,0.6932059506727855,0.10701660692267319,0.4745815784451011,0.14725084699311805,0.641775648941568,0.2306071685507807
99,0.08657673258106532,0.0,0.7535524911855916,0.04051759621778585,0.5527908694037913,0.22973522751076272,0.7107102566320848,0.28789721405413327
106,0.6932059506727855,0.7535524911855916,0.0,0.7595156414494959,0.20838519677101136,0.546538528129242,0.07682057668132782,0.46849980209619885
107,0.10701660692267319,0.04051759621778585,0.7595156414494959,0.0,0.522807387987773,0.2302313498683939,0.6922278729131099,0.27284393751276065
117,0.4745815784451011,0.5527908694037913,0.20838519677101136,0.522807387987773,0.0,0.34444123610111316,0.16036035100271312,0.24654573678355282
118,0.14725084699311805,0.22973522751076272,0.546538528129242,0.2302313498683939,0.34444123610111316,0.0,0.497325001078875,0.108786082805418
121,0.641775648941568,0.7107102566320848,0.07682057668132782,0.6922278729131099,0.16036035100271312,0.497325001078875,0.0,0.40566043114634603
123,0.2306071685507807,0.28789721405413327,0.46849980209619885,0.27284393751276065,0.24654573678355282,0.108786082805418,0.40566043114634603,0.0
