,6,8,22,23,98,99,116,117
6,0.0,0.7483374573443021,0.2259450447112589,0.13473767680389057,0.8187479040723433,1.2114971644205765,0.8359347640482422,0.8843632601589437
8,0.7483374573443021,0.0,0.24176252703556378,0.19334387941915407,0.9196337399476165,0.7759855119001763,0.9158070219349193,0.8043036679273039
22,0.2259450447112589,0.24176252703556378,0.0,0.2778406977216732,1.2634564687976377,0.7071186238767523,1.094886209126253,0.9154741943828213
23,0.13473767680389057,0.19334387941915407,0.2778406977216732,0.0,0.8499477004186581,1.0995470073444094,0.844710450424821,0.8895806475841807
98,0.8187479040723433,0.9196337399476165,1.2634564687976377,0.8499477004186581,0.0,0.8691703768328628,0.047993222289482405,0.2949591470003094
99,1.2114971644205765,0.7759855119001763,0.7071186238767523,1.0995470073444094,0.8691703768328628,0.0,0.8788377787466964,0.5409931887239373
116,0.8359347640482422,0.9158070219349193,1.094886209126253,0.844710450424821,0.047993222289482405,0.8788377787466964,0.0,0.33511971901790233
117,0.8843632601589437,0.8043036679273039,0.9154741943828213,0.8895806475841807,0.2949591470003094,0.5409931887239373,0.33511971901790233,0.0
