,102,104,111,113,116,118,119,127
102,0.0,0.4344530231713311,0.24836593700203227,0.20646894867556273,0.5260658321062877,0.12204040611355033,0.5719499905289908,0.2554957463965072
104,0.4344530231713311,0.0,0.17495914218976022,0.3165193707535511,0.9903116531226093,0.30910178241574693,0.9474346287417177,0.5697134791538719
111,0.24836593700203227,0.17495914218976022,0.0,0.17693382447718925,0.7656934796261601,0.14989421312718787,0.7865989484613793,0.43076620286076583
113,0.20646894867556273,0.3165193707535511,0.17693382447718925,0.0,0.6865898395034686,0.1298187589779636,0.6484375745842994,0.2876770666840698
116,0.5260658321062877,0.9903116531226093,0.7656934796261601,0.6865898395034686,0.0,0.6712489407083696,0.09050486997794145,0.4202665810986614
118,0.12204040611355033,0.30910178241574693,0.14989421312718787,0.1298187589779636,0.6712489407083696,0.0,0.6507641524720043,0.2997160312606831
119,0.5719499905289908,0.9474346287417177,0.7865989484613793,0.6484375745842994,0.09050486997794145,0.6507641524720043,0.0,0.3776909065871707
127,0.2554957463965072,0.5697134791538719,0.43076620286076583,0.2876770666840698,0.4202665810986614,0.2997160312606831,0.3776909065871707,0.0
