,2,18,20,22,98,103,115,126
2,0.0,0.3713930177450305,0.2503539731698104,0.2577908824296149,1.1785100133921869,0.7726789434966462,1.2203035024605875,0.9350404449806938
18,0.3713930177450305,0.0,0.3026976956430538,0.10900066034315403,0.8139164417540842,1.123938769848663,0.8122411639181752,1.0497993956475182
20,0.2503539731698104,0.3026976956430538,0.0,0.1842052981706487,0.9875925578650934,0.9441882915983101,0.9636770539231543,0.9442601261728923
22,0.2577908824296149,0.10900066034315403,0.1842052981706487,0.0,1.2962693015509688,0.7600996310093159,0.9721343111213767,0.9384091902887597
98,1.1785100133921869,0.8139164417540842,0.9875925578650934,1.2962693015509688,0.0,0.8737851858768724,0.053204865369071354,0.5871649556640217
103,0.7726789434966462,1.123938769848663,0.9441882915983101,0.7600996310093159,0.8737851858768724,0.0,0.838403973421856,0.23323194343819292
115,1.2203035024605875,0.8122411639181752,0.9636770539231543,0.9721343111213767,0.053204865369071354,0.838403973421856,0.0,0.5952082770437452
126,0.9350404449806938,1.0497993956475182,0.9442601261728923,0.9384091902887597,0.5871649556640217,0.23323194343819292,0.5952082770437452,0.0
