,3,9,12,24,111,119,126,127
3,0.0,0.16494367893229547,0.12942719892545718,0.4689403267596394,1.154590895287128,0.8003340254501478,1.1491834491927542,1.026570769818646
9,0.16494367893229547,0.0,0.21284176373540495,0.2952899594406293,1.1022711581687203,0.78351279187535,1.034992559853508,0.9493721680315393
12,0.12942719892545718,0.21284176373540495,0.0,0.19134875843534827,0.9095493287342512,1.1964994941748164,0.9866166742988866,1.081437471139225
24,0.4689403267596394,0.2952899594406293,0.19134875843534827,0.0,0.7923945690756954,1.0170007580782978,0.8331768182783772,0.9198194563246512
111,1.154590895287128,1.1022711581687203,0.9095493287342512,0.7923945690756954,0.0,0.7385765101470229,0.16913736934916365,0.4012836392298818
119,0.8003340254501478,0.78351279187535,1.1964994941748164,1.0170007580782978,0.7385765101470229,0.0,0.6051696545869772,0.3470960043441526
126,1.1491834491927542,1.034992559853508,0.9866166742988866,0.8331768182783772,0.16913736934916365,0.6051696545869772,0.0,0.2554101143543985
127,1.026570769818646,0.9493721680315393,1.081437471139225,0.9198194563246512,0.4012836392298818,0.3470960043441526,0.2554101143543985,0.0
