,4,17,22,26,105,114,125,127
4,0.0,0.465723126326473,0.3648869773404268,0.4275009880620197,1.0120663413991131,0.8191802502174255,1.125533085864712,0.8844739626188448
17,0.465723126326473,0.0,0.4077906350429264,0.19110461333670495,0.9051322935486135,0.9283212629660211,0.8277317325112201,0.8930215408094023
22,0.3648869773404268,0.4077906350429264,0.0,0.16381371075266238,0.9433246505693459,1.0037292763796075,0.8354801544194089,1.0878585285453395
26,0.4275009880620197,0.19110461333670495,0.16381371075266238,0.0,1.0031669112973811,0.7426722184629713,1.2315207373747856,0.8936054856635908
105,1.0120663413991131,0.9051322935486135,0.9433246505693459,1.0031669112973811,0.0,0.2880371021197251,0.48640244567365504,0.16398414310696718
114,0.8191802502174255,0.9283212629660211,1.0037292763796075,0.7426722184629713,0.2880371021197251,0.0,0.7465690235894377,0.21174613243465448
125,1.125533085864712,0.8277317325112201,0.8354801544194089,1.2315207373747856,0.48640244567365504,0.7465690235894377,0.0,0.5755980149045692
127,0.8844739626188448,0.8930215408094023,1.0878585285453395,0.8936054856635908,0.16398414310696718,0.21174613243465448,0.5755980149045692,0.0
