,4,8,21,23,100,111,118,126
4,0.0,0.39422568450321227,0.1356781121196458,0.239342114983352,0.9060831234312121,1.0200934515710296,0.8509568294945529,0.9666936843410612
8,0.39422568450321227,0.0,0.43724058400047994,0.19267178387325026,0.849227735160131,0.8079836717827124,0.7023582846898994,0.7393070078377998
21,0.1356781121196458,0.43724058400047994,0.0,0.5846977719484947,1.080254431435564,0.8477529481261292,0.8228039502287577,0.9047342833764894
23,0.239342114983352,0.19267178387325026,0.5846977719484947,0.0,0.9331997343305389,1.1198929377542557,1.062429302387508,1.1406566158748228
100,0.9060831234312121,0.849227735160131,1.080254431435564,0.9331997343305389,0.0,0.5570909644280043,0.4223575908019123,0.4235808747369182
111,1.0200934515710296,0.8079836717827124,0.8477529481261292,1.1198929377542557,0.5570909644280043,0.0,0.14220942648273882,0.18436309709398763
118,0.8509568294945529,0.7023582846898994,0.8228039502287577,1.062429302387508,0.4223575908019123,0.14220942648273882,0.0,0.1024832502147711
126,0.9666936843410612,0.7393070078377998,0.9047342833764894,1.1406566158748228,0.4235808747369182,0.18436309709398763,0.1024832502147711,0.0
