,0,3,5,6,12,13,24,26
0,0.0,0.09598385879707022,0.06474400145969054,0.1282988607325004,0.09164210560569491,0.07438594019751965,0.18658948685543641,0.15939220820314653
3,0.09598385879707022,0.0,0.05572482286781172,0.05427549403679245,0.027167901634226936,0.11556895251945146,0.1811103435036537,0.14688907218068464
5,0.06474400145969054,0.05572482286781172,0.0,0.06397209235333955,0.055518478289447594,0.05784707089766884,0.13660265353605666,0.12106155354166839
6,0.1282988607325004,0.05427549403679245,0.06397209235333955,0.0,0.0874313529758575,0.11045967746702662,0.14608770734856616,0.12326540318533434
12,0.09164210560569491,0.027167901634226936,0.055518478289447594,0.0874313529758575,0.0,0.11520397398389354,0.17070750758624056,0.1784087323239338
13,0.07438594019751965,0.11556895251945146,0.05784707089766884,0.11045967746702662,0.11520397398389354,0.0,0.11132644813068067,0.09113773384526111
24,0.18658948685543641,0.1811103435036537,0.13660265353605666,0.14608770734856616,0.17070750758624056,0.11132644813068067,0.0,0.011794441758431641
26,0.15939220820314653,0.14688907218068464,0.12106155354166839,0.12326540318533434,0.1784087323239338,0.09113773384526111,0.011794441758431641,0.0
