,97,100,107,108,110,112,119,121
97,0.0,0.31893859065399893,0.3106912318201698,0.5767241533685511,0.1828853306075525,0.04403807443293191,0.5276583615409363,0.3874128955173314
100,0.31893859065399893,0.0,0.607051508813458,0.28484536347574885,0.4670599564345109,0.28168234373173917,0.21698823578305274,0.09263293095163483
107,0.3106912318201698,0.607051508813458,0.0,0.8507475804641982,0.22931287707175496,0.3515988572604511,0.8172633898597979,0.6903024759511016
108,0.5767241533685511,0.28484536347574885,0.8507475804641982,0.0,0.7197476028251631,0.5433264426292707,0.13164613914808368,0.22640194229396657
110,0.1828853306075525,0.4670599564345109,0.22931287707175496,0.7197476028251631,0.0,0.213988848706015,0.6684545446876293,0.5578182675967195
112,0.04403807443293191,0.28168234373173917,0.3515988572604511,0.5433264426292707,0.213988848706015,0.0,0.48503589587328283,0.35830651482280945
119,0.5276583615409363,0.21698823578305274,0.8172633898597979,0.13164613914808368,0.6684545446876293,0.48503589587328283,0.0,0.1339591616576056
121,0.3874128955173314,0.09263293095163483,0.6903024759511016,0.22640194229396657,0.5578182675967195,0.35830651482280945,0.1339591616576056,0.0
