,1,13,15,17,18,19,22,31
1,0.0,0.15069445083990568,0.15280124006375936,0.12693625790735252,0.20727007737309955,0.17594864201870597,0.162770806339233,0.11835735568558901
13,0.15069445083990568,0.0,0.13921356486674605,0.12578290407014991,0.07158167592650849,0.06193530860109358,0.025305204920739666,0.15587583672870486
15,0.15280124006375936,0.13921356486674605,0.0,0.20770797891657355,0.11721505604689696,0.19185122628415255,0.1123597813251726,0.015764738218286604
17,0.12693625790735252,0.12578290407014991,0.20770797891657355,0.0,0.20605068088824072,0.099325909388251,0.12028626670719639,0.1925575965341435
18,0.20727007737309955,0.07158167592650849,0.11721505604689696,0.20605068088824072,0.0,0.12115259381565109,0.06650540164108738,0.11947147272436304
19,0.17594864201870597,0.06193530860109358,0.19185122628415255,0.099325909388251,0.12115259381565109,0.0,0.07980513037408897,0.18943387814582927
22,0.162770806339233,0.025305204920739666,0.1123597813251726,0.12028626670719639,0.06650540164108738,0.07980513037408897,0.0,0.12803866103688877
31,0.11835735568558901,0.15587583672870486,0.015764738218286604,0.1925575965341435,0.11947147272436304,0.18943387814582927,0.12803866103688877,0.0
