,2,4,7,14,17,18,26,30
2,0.0,0.08409660595007916,0.054718321593483076,0.20886675735893148,0.09833096615883775,0.18967141185147812,0.09583250683728795,0.1453595430943042
4,0.08409660595007916,0.0,0.07937534870946135,0.11299380259556994,0.1681195238565964,0.11611611174717094,0.13655389074719837,0.07829558219310802
7,0.054718321593483076,0.07937534870946135,0.0,0.17649020184864617,0.16386763675518282,0.1960916202321084,0.12142042256205601,0.16713441993026454
14,0.20886675735893148,0.11299380259556994,0.17649020184864617,0.0,0.20390815121900788,0.004838306161733949,0.17019677786778467,0.08777574696233414
17,0.09833096615883775,0.1681195238565964,0.16386763675518282,0.20390815121900788,0.0,0.2067707276843519,0.04058980246384421,0.1779910510273427
18,0.18967141185147812,0.11611611174717094,0.1960916202321084,0.004838306161733949,0.2067707276843519,0.0,0.14581864967971686,0.08119679389858744
26,0.09583250683728795,0.13655389074719837,0.12142042256205601,0.17019677786778467,0.04058980246384421,0.14581864967971686,0.0,0.23119007068075442
30,0.1453595430943042,0.07829558219310802,0.16713441993026454,0.08777574696233414,0.1779910510273427,0.08119679389858744,0.23119007068075442,0.0
