,2,6,8,13,15,18,19,22
2,0.0,0.07994984779884783,0.08979972050119361,0.16989226868747162,0.11203351466656862,0.18723380337249548,0.16734494959595833,0.12172380893441924
6,0.07994984779884783,0.0,0.12607031645531167,0.11139245183106765,0.07718840458229437,0.12557594063258995,0.1802160540877358,0.140795947742062
8,0.08979972050119361,0.12607031645531167,0.0,0.10176573087620606,0.17209029966374703,0.17142814991360522,0.08298891431555684,0.1095046856768558
13,0.16989226868747162,0.11139245183106765,0.10176573087620606,0.0,0.1374854652340044,0.07099614631740402,0.060853996583287655,0.024731401661603574
15,0.11203351466656862,0.07718840458229437,0.17209029966374703,0.1374854652340044,0.0,0.1164579606268938,0.19017824859079657,0.11179934512843999
18,0.18723380337249548,0.12557594063258995,0.17142814991360522,0.07099614631740402,0.1164579606268938,0.0,0.11906802138711133,0.06601556365400149
19,0.16734494959595833,0.1802160540877358,0.08298891431555684,0.060853996583287655,0.19017824859079657,0.11906802138711133,0.0,0.07840620696437262
22,0.12172380893441924,0.140795947742062,0.1095046856768558,0.024731401661603574,0.11179934512843999,0.06601556365400149,0.07840620696437262,0.0
