,4,10,11,30,113,114,118,123
4,0.0,0.3318187669542971,0.07626729087279172,0.1550862196044587,0.9277135264529264,0.822946027622185,0.8346358742741361,0.9270075058961842
10,0.3318187669542971,0.0,0.4200359103469023,0.2699028130396799,0.9098121659887848,0.7793064625389922,0.8902280304383224,0.9961369934680929
11,0.07626729087279172,0.4200359103469023,0.0,0.26880047301496884,0.9800913211490088,1.047266188767763,0.9071867210779329,0.9746324271026718
30,0.1550862196044587,0.2699028130396799,0.26880047301496884,0.0,0.9024033849918757,0.838566700554216,0.8748367217395193,0.9132564779614265
113,0.9277135264529264,0.9098121659887848,0.9800913211490088,0.9024033849918757,0.0,0.4806171009289391,0.13079346297262606,0.09654170023419363
114,0.822946027622185,0.7793064625389922,1.047266188767763,0.838566700554216,0.4806171009289391,0.0,0.45310794002639004,0.3603087291745047
118,0.8346358742741361,0.8902280304383224,0.9071867210779329,0.8748367217395193,0.13079346297262606,0.45310794002639004,0.0,0.12923143064952913
123,0.9270075058961842,0.9961369934680929,0.9746324271026718,0.9132564779614265,0.09654170023419363,0.3603087291745047,0.12923143064952913,0.0
