,0,8,17,18,19,23,24,31
0,0.0,0.1781024176789603,0.208151669030221,0.011959840499638344,0.13484842147600015,0.18013991142623967,0.18950954388482502,0.12408098262794012
8,0.1781024176789603,0.0,0.04174685130080576,0.17160775224388577,0.08362750157070079,0.14353092147965105,0.021872617232070114,0.16366062331461578
17,0.208151669030221,0.04174685130080576,0.0,0.2054070037976716,0.09875431102698554,0.17753872455284073,0.024762211972087694,0.19195904499262867
18,0.011959840499638344,0.17160775224388577,0.2054070037976716,0.0,0.12049310146455645,0.17374856885451592,0.20307285385792612,0.11845528647563525
19,0.13484842147600015,0.08362750157070079,0.09875431102698554,0.12049310146455645,0.0,0.21153980308260384,0.10159579041261543,0.1881361590907683
23,0.18013991142623967,0.14353092147965105,0.17753872455284073,0.17374856885451592,0.21153980308260384,0.0,0.13503534455428765,0.14882853702249335
24,0.18950954388482502,0.021872617232070114,0.024762211972087694,0.20307285385792612,0.10159579041261543,0.13503534455428765,0.0,0.1665930675625155
31,0.12408098262794012,0.16366062331461578,0.19195904499262867,0.11845528647563525,0.1881361590907683,0.14882853702249335,0.1665930675625155,0.0
