,5,7,9,10,11,12,13,25
5,0.0,0.13164171367162275,0.012757430318893802,0.13763705369227974,0.06857201007662689,0.0566431038703125,0.05910838466874609,0.13934355207739285
7,0.13164171367162275,0.0,0.13026127802115606,0.03568132003479226,0.10656869148053551,0.13839900809457042,0.15696323106191368,0.048530872661951795
9,0.012757430318893802,0.13026127802115606,0.0,0.11597929385703111,0.07493833336209148,0.04032164215085523,0.0601410684238782,0.12546126433557803
10,0.13763705369227974,0.03568132003479226,0.11597929385703111,0.0,0.10664951941744429,0.14307301404406284,0.13331031358052287,0.010874666280342896
11,0.06857201007662689,0.10656869148053551,0.07493833336209148,0.10664951941744429,0.0,0.04424647699987344,0.12968941647063625,0.08550830859062565
12,0.0566431038703125,0.13839900809457042,0.04032164215085523,0.14307301404406284,0.04424647699987344,0.0,0.1166986047034591,0.11992511695647594
13,0.05910838466874609,0.15696323106191368,0.0601410684238782,0.13331031358052287,0.12968941647063625,0.1166986047034591,0.0,0.15055629781751617
25,0.13934355207739285,0.048530872661951795,0.12546126433557803,0.010874666280342896,0.08550830859062565,0.11992511695647594,0.15055629781751617,0.0
