,0,8,15,19,23,25,27,29
0,0.0,0.17779692568404246,0.11579249186271398,0.1340688189425921,0.1781400650406865,0.18931452325810907,0.17624518041697634,0.12394739763819095
8,0.17779692568404246,0.0,0.17187685295326544,0.08283543713590495,0.14315628680982154,0.09900885238787435,0.035744575206213235,0.07179667642986565
15,0.11579249186271398,0.17187685295326544,0.0,0.18996704942889298,0.15574063812494743,0.12037856076981546,0.1908250618560657,0.1713385418001013
19,0.1340688189425921,0.08283543713590495,0.18996704942889298,0.0,0.21107701396078535,0.16779276601777324,0.05164900984502558,0.01631384324286462
23,0.1781400650406865,0.14315628680982154,0.15574063812494743,0.21107701396078535,0.0,0.04203744711688298,0.18111118551699085,0.1910135092785883
25,0.18931452325810907,0.09900885238787435,0.12037856076981546,0.16779276601777324,0.04203744711688298,0.0,0.13570305486093887,0.1610377351108708
27,0.17624518041697634,0.035744575206213235,0.1908250618560657,0.05164900984502558,0.18111118551699085,0.13570305486093887,0.0,0.048464386940439266
29,0.12394739763819095,0.07179667642986565,0.1713385418001013,0.01631384324286462,0.1910135092785883,0.1610377351108708,0.048464386940439266,0.0
