,2,3,8,12,14,25,26,29
2,0.0,0.14921598792181426,0.08859172849942079,0.09439218789115686,0.207798821099101,0.006607270431185188,0.09313058843952007,0.14693893315423107
3,0.14921598792181426,0.0,0.161260595825144,0.027024729572954508,0.08125489114599209,0.12573592011370424,0.1453993861036594,0.15857559080956748
8,0.08859172849942079,0.161260595825144,0.0,0.14779101382839663,0.15338109310023815,0.09851430428278514,0.02901445573346351,0.07114822700394703
12,0.09439218789115686,0.027024729572954508,0.14779101382839663,0.0,0.09100842988650942,0.1179864684600638,0.17771881790920066,0.15920608783941656
14,0.207798821099101,0.08125489114599209,0.15338109310023815,0.09100842988650942,0.0,0.1864537192932751,0.16898645807451407,0.12451911253002068
25,0.006607270431185188,0.12573592011370424,0.09851430428278514,0.1179864684600638,0.1864537192932751,0.0,0.11179438740074028,0.16096376611840454
26,0.09313058843952007,0.1453993861036594,0.02901445573346351,0.17771881790920066,0.16898645807451407,0.11179438740074028,0.0,0.09595129991146936
29,0.14693893315423107,0.15857559080956748,0.07114822700394703,0.15920608783941656,0.12451911253002068,0.16096376611840454,0.09595129991146936,0.0
