,7,15,25,27,100,104,118,122
7,0.0,0.29730117526106775,0.17882332209906696,0.37018298410049666,0.9613901706720014,1.1422651314658232,0.9243247271952652,1.1496345540407813
15,0.29730117526106775,0.0,0.2358982354747783,0.469816458382072,1.1790164808976613,0.8631257702987166,0.8727073702841222,0.9711657142283474
25,0.17882332209906696,0.2358982354747783,0.0,0.235515001229061,1.0580386555057444,0.8254802137606739,0.8145392498192316,0.9039090473101707
27,0.37018298410049666,0.469816458382072,0.235515001229061,0.0,0.8014093190255941,0.8475719689389429,0.6872914090072061,0.9041834315355276
100,0.9613901706720014,1.1790164808976613,1.0580386555057444,0.8014093190255941,0.0,0.7222867065423123,0.42238432693967026,0.6091476962553577
104,1.1422651314658232,0.8631257702987166,0.8254802137606739,0.8475719689389429,0.7222867065423123,0.0,0.3053103736910838,0.17402075692698224
118,0.9243247271952652,0.8727073702841222,0.8145392498192316,0.6872914090072061,0.42238432693967026,0.3053103736910838,0.0,0.21796444755681724
122,1.1496345540407813,0.9711657142283474,0.9039090473101707,0.9041834315355276,0.6091476962553577,0.17402075692698224,0.21796444755681724,0.0
