,96,98,103,104,108,115,124,126
96,0.0,0.7714803649865836,0.08815472028257551,0.15931986869413722,0.8287378245058872,0.7282260736466611,0.7147032131702464,0.17706648056349186
98,0.7714803649865836,0.0,0.8496395104820387,0.9191422269055274,0.06612039208333634,0.04556989897165221,0.11180552926898475,0.6207186671062468
103,0.08815472028257551,0.8496395104820387,0.0,0.11491352260506936,0.9115555079031489,0.8057607873315152,0.7940634152900903,0.24226111354705301
104,0.15931986869413722,0.9191422269055274,0.11491352260506936,0.0,0.9918088865624038,0.8765917155591405,0.8703417353655999,0.3287535868520369
108,0.8287378245058872,0.06612039208333634,0.9115555079031489,0.9918088865624038,0.0,0.10779604958393935,0.16710481552494558,0.6786887350110213
115,0.7282260736466611,0.04556989897165221,0.8057607873315152,0.8765917155591405,0.10779604958393935,0.0,0.08731594647477774,0.5747377598355942
124,0.7147032131702464,0.11180552926898475,0.7940634152900903,0.8703417353655999,0.16710481552494558,0.08731594647477774,0.0,0.5509982318711778
126,0.17706648056349186,0.6207186671062468,0.24226111354705301,0.3287535868520369,0.6786887350110213,0.5747377598355942,0.5509982318711778,0.0
