,99,101,107,108,115,123,124,125
99,0.0,0.1854948748068215,0.04150928941024381,0.8951915201336016,0.7895028873982056,0.2926996937995499,0.778104699332281,0.10401756345971466
101,0.1854948748068215,0.0,0.16215166702678607,0.7271383597355826,0.615327635801016,0.11687831331917543,0.5865220840473714,0.27503502157937376
107,0.04150928941024381,0.16215166702678607,0.0,0.8935470047620578,0.7767162958839089,0.27398415406617643,0.7461897216603186,0.11508589996481183
108,0.8951915201336016,0.7271383597355826,0.8935470047620578,0.0,0.10632789325339434,0.6019072441156035,0.16595139682378016,0.9921064345518511
115,0.7895028873982056,0.615327635801016,0.7767162958839089,0.10632789325339434,0.0,0.5009031386411342,0.08653882244514055,0.8899737419128351
123,0.2926996937995499,0.11687831331917543,0.27398415406617643,0.6019072441156035,0.5009031386411342,0.0,0.48186425968450636,0.3833170055279927
124,0.778104699332281,0.5865220840473714,0.7461897216603186,0.16595139682378016,0.08653882244514055,0.48186425968450636,0.0,0.8647901690226254
125,0.10401756345971466,0.27503502157937376,0.11508589996481183,0.9921064345518511,0.8899737419128351,0.3833170055279927,0.8647901690226254,0.0
