,99,102,110,112,113,116,117,124
99,0.0,0.34990009842819464,0.20997131771450028,0.3625674600113875,0.21173878710920985,0.8710869735511001,0.5476271685129869,0.7709356032430549
102,0.34990009842819464,0.0,0.1449030047867932,0.12154366256725864,0.19555669146432303,0.5479255896563401,0.25999645983956676,0.47182917800842333
110,0.20997131771450028,0.1449030047867932,0.0,0.20857079533178374,0.13893402832207605,0.690802612779512,0.38397292302197333,0.6074909666934668
112,0.3625674600113875,0.12154366256725864,0.20857079533178374,0.0,0.1644859748478714,0.512266844360796,0.187580910696363,0.40912196465843365
113,0.21173878710920985,0.19555669146432303,0.13893402832207605,0.1644859748478714,0.0,0.671459724125413,0.3470644764502517,0.5692883532484003
116,0.8710869735511001,0.5479255896563401,0.690802612779512,0.512266844360796,0.671459724125413,0.0,0.3287191010371787,0.1258119067581994
117,0.5476271685129869,0.25999645983956676,0.38397292302197333,0.187580910696363,0.3470644764502517,0.3287191010371787,0.0,0.22423630704069455
124,0.7709356032430549,0.47182917800842333,0.6074909666934668,0.40912196465843365,0.5692883532484003,0.1258119067581994,0.22423630704069455,0.0
