,96,97,100,104,110,120,122,125
96,0.0,0.2689776358708495,0.5768781758954231,0.16477054043270115,0.12648256644411424,0.4254214073752667,0.09924970903601944,0.1833248992503551
97,0.2689776358708495,0.0,0.31464723161640273,0.43205772113294805,0.17903984601914305,0.1703144340639624,0.30231270386889003,0.42314263022133475
100,0.5768781758954231,0.31464723161640273,0.0,0.7206626038427754,0.4611796187641806,0.16618523760389733,0.6102718849956051,0.7272651426962907
104,0.16477054043270115,0.43205772113294805,0.7206626038427754,0.0,0.272899854631275,0.5770182758417216,0.17488788917080703,0.11797206669402004
110,0.12648256644411424,0.17903984601914305,0.4611796187641806,0.272899854631275,0.0,0.3304612248555727,0.21303023954795527,0.30250827586967516
120,0.4254214073752667,0.1703144340639624,0.16618523760389733,0.5770182758417216,0.3304612248555727,0.0,0.4514313551716378,0.5782654727023226
122,0.09924970903601944,0.30231270386889003,0.6102718849956051,0.17488788917080703,0.21303023954795527,0.4514313551716378,0.0,0.12468021288820648
125,0.1833248992503551,0.42314263022133475,0.7272651426962907,0.11797206669402004,0.30250827586967516,0.5782654727023226,0.12468021288820648,0.0
