,1,2,7,9,13,24,28,31
1,0.0,0.020087081827018377,0.0406085808905986,0.1474706247947543,0.1459292470836325,0.09243093747352492,0.20594120743359173,0.11321263087255823
2,0.020087081827018377,0.0,0.05247070690167801,0.1288030657651531,0.1699997231700718,0.09461371513233746,0.1959160520417412,0.12103029859753343
7,0.0406085808905986,0.05247070690167801,0.0,0.12779215055384993,0.15259230750950487,0.14945006484636253,0.24572880177356182,0.13047391032296865
9,0.1474706247947543,0.1288030657651531,0.12779215055384993,0.0,0.05794287914855569,0.15061643465072855,0.11793809449353759,0.07162350082440141
13,0.1459292470836325,0.1699997231700718,0.15259230750950487,0.05794287914855569,0.0,0.11038380422450615,0.06810301983478137,0.152669035797298
24,0.09243093747352492,0.09461371513233746,0.14945006484636253,0.15061643465072855,0.11038380422450615,0.0,0.15026324603411,0.16314522500467898
28,0.20594120743359173,0.1959160520417412,0.24572880177356182,0.11793809449353759,0.06810301983478137,0.15026324603411,0.0,0.19786291327774674
31,0.11321263087255823,0.12103029859753343,0.13047391032296865,0.07162350082440141,0.152669035797298,0.16314522500467898,0.19786291327774674,0.0
