,1,4,7,24,111,112,115,117
1,0.0,0.201209462111221,0.16848290600780094,0.32421597490723136,0.9213331169774153,0.7978804372940372,0.9899570813501063,0.8591278538362379
4,0.201209462111221,0.0,0.23241124381856543,0.3074416570073706,1.0091918372500681,0.8179372179110035,0.8846357185528063,0.8337625545491155
7,0.16848290600780094,0.23241124381856543,0.0,0.20054803331663582,1.0220004112984247,0.8517002417459384,0.9039911800641154,0.8922019362417627
24,0.32421597490723136,0.3074416570073706,0.20054803331663582,0.0,0.7980848888823413,0.7862567862023352,1.0298391383029446,0.8644836821929422
111,0.9213331169774153,1.0091918372500681,1.0220004112984247,0.7980848888823413,0.0,0.2949828470530344,0.7056256919729083,0.4776248776750978
112,0.7978804372940372,0.8179372179110035,0.8517002417459384,0.7862567862023352,0.2949828470530344,0.0,0.4299022625766257,0.1853257675760275
115,0.9899570813501063,0.8846357185528063,0.9039911800641154,1.0298391383029446,0.7056256919729083,0.4299022625766257,0.0,0.25267884560673826
117,0.8591278538362379,0.8337625545491155,0.8922019362417627,0.8644836821929422,0.4776248776750978,0.1853257675760275,0.25267884560673826,0.0
