,8,18,22,31,104,106,110,124
8,0.0,0.21093139941972533,0.23342208504226797,0.4454069052930564,0.8806765816761499,0.923707212217288,0.65608682184116,0.8679938948868314
18,0.21093139941972533,0.0,0.10675901437165237,0.6132481223243327,1.1530896226409588,0.8038103704315321,0.9357835183565212,0.74681202756779
22,0.23342208504226797,0.10675901437165237,0.0,0.21579744214666763,0.7694313391290872,1.1717719874482326,0.7096924430488961,1.0868728346235386
31,0.4454069052930564,0.6132481223243327,0.21579744214666763,0.0,0.9335056555527211,1.0758661710449948,0.8195648771130112,1.1417968074626152
104,0.8806765816761499,1.1530896226409588,0.7694313391290872,0.9335056555527211,0.0,0.8500759579878249,0.26775443440653074,0.8748002214685546
106,0.923707212217288,0.8038103704315321,1.1717719874482326,1.0758661710449948,0.8500759579878249,0.0,0.5889960528282606,0.05748723531255273
110,0.65608682184116,0.9357835183565212,0.7096924430488961,0.8195648771130112,0.26775443440653074,0.5889960528282606,0.0,0.6104054687566143
124,0.8679938948868314,0.74681202756779,1.0868728346235386,1.1417968074626152,0.8748002214685546,0.05748723531255273,0.6104054687566143,0.0
