,1,4,5,6,9,14,15,20
1,0.0,0.098191245924517,0.14036771402952317,0.07922738320435577,0.14844124277948373,0.21390231261501108,0.15290364450243385,0.04601567129816328
4,0.098191245924517,0.0,0.0671575696768219,0.02604197707835324,0.05662514537585965,0.112841345328713,0.049915990648939285,0.04702637559329532
5,0.14036771402952317,0.0671575696768219,0.0,0.06606815397572958,0.012924144053651889,0.06294305412110147,0.07656006084580655,0.10514011041600321
6,0.07922738320435577,0.02604197707835324,0.06606815397572958,0.0,0.06878088973725159,0.13706385278833877,0.07859173475060023,0.03086791962660199
9,0.14844124277948373,0.05662514537585965,0.012924144053651889,0.06878088973725159,0.0,0.06032344649788396,0.06695968606255318,0.10430377326891993
14,0.21390231261501108,0.112841345328713,0.06294305412110147,0.13706385278833877,0.06032344649788396,0.0,0.11479158619399812,0.169768124286102
15,0.15290364450243385,0.049915990648939285,0.07656006084580655,0.07859173475060023,0.06695968606255318,0.11479158619399812,0.0,0.08872045438625019
20,0.04601567129816328,0.04702637559329532,0.10514011041600321,0.03086791962660199,0.10430377326891993,0.169768124286102,0.08872045438625019,0.0
