,1,3,9,17,99,107,112,120
1,0.0,0.4206775241119584,0.19222533944166556,0.23176085280575665,0.8267250756367716,0.9625735027516206,0.814912055934859,1.0224565300134945
3,0.4206775241119584,0.0,0.19231706733518092,0.43759894705313884,1.152930902791519,1.2994061327040014,0.9111251839396113,1.0168645472586957
9,0.19222533944166556,0.19231706733518092,0.0,0.32453622859610176,0.997853797367878,1.212576836505273,0.8625358057301563,0.9855270546364097
17,0.23176085280575665,0.43759894705313884,0.32453622859610176,0.0,0.6651109041315793,0.7742706383125312,0.7377148527387465,0.8257600263325363
99,0.8267250756367716,1.152930902791519,0.997853797367878,0.6651109041315793,0.0,0.04490073798044957,0.3659883941684315,0.4924429288232887
107,0.9625735027516206,1.2994061327040014,1.212576836505273,0.7742706383125312,0.04490073798044957,0.0,0.3519571096728914,0.4662866190835934
112,0.814912055934859,0.9111251839396113,0.8625358057301563,0.7377148527387465,0.3659883941684315,0.3519571096728914,0.0,0.13211334396449603
120,1.0224565300134945,1.0168645472586957,0.9855270546364097,0.8257600263325363,0.4924429288232887,0.4662866190835934,0.13211334396449603,0.0
