,96,98,103,110,119,122,124,126
96,0.0,0.7803721562192604,0.09171073771976591,0.12581679618426084,0.7814026982362978,0.09828694831496987,0.7113777656128784,0.17760879209353683
98,0.7803721562192604,0.0,0.8578269273296338,0.6570874809269266,0.06962777053754898,0.8138426322665797,0.11383726899723197,0.6118263480381217
103,0.09171073771976591,0.8578269273296338,0.0,0.21462902038750262,0.8531515111723432,0.06519177163319703,0.7875154967581272,0.2406778069240143
110,0.12581679618426084,0.6570874809269266,0.21462902038750262,0.0,0.6694249871082755,0.21090356576092417,0.6041602230059171,0.12991102633956725
119,0.7814026982362978,0.06962777053754898,0.8531515111723432,0.6694249871082755,0.0,0.8102762197888482,0.06612264642094566,0.6187002711791812
122,0.09828694831496987,0.8138426322665797,0.06519177163319703,0.21090356576092417,0.8102762197888482,0.0,0.7570652990457518,0.1995947121328925
124,0.7113777656128784,0.11383726899723197,0.7875154967581272,0.6041602230059171,0.06612264642094566,0.7570652990457518,0.0,0.5599942634379246
126,0.17760879209353683,0.6118263480381217,0.2406778069240143,0.12991102633956725,0.6187002711791812,0.1995947121328925,0.5599942634379246,0.0
