,1,4,11,16,20,24,25,31
1,0.0,0.09726868724446847,0.10629575362043228,0.09578942472439912,0.04494560433928918,0.0941975193960489,0.014968675251757912,0.11626636818966082
4,0.09726868724446847,0.0,0.008581919705400275,0.052153888444118744,0.04583885232946025,0.14845108184529957,0.09431541007577643,0.051467610214419354
11,0.10629575362043228,0.008581919705400275,0.0,0.0604840361267319,0.05658511708696212,0.13847710077171144,0.08496542710413316,0.039019580965362635
16,0.09578942472439912,0.052153888444118744,0.0604840361267319,0.0,0.08241690003792485,0.10505729543759429,0.0857985776974122,0.09865382562217354
20,0.04494560433928918,0.04583885232946025,0.05658511708696212,0.08241690003792485,0.0,0.12937573826672247,0.05195259104258647,0.08240454129063311
24,0.0941975193960489,0.14845108184529957,0.13847710077171144,0.10505729543759429,0.12937573826672247,0.0,0.08650851866393029,0.16564466906401326
25,0.014968675251757912,0.09431541007577643,0.08496542710413316,0.0857985776974122,0.05195259104258647,0.08650851866393029,0.0,0.10088020317938713
31,0.11626636818966082,0.051467610214419354,0.039019580965362635,0.09865382562217354,0.08240454129063311,0.16564466906401326,0.10088020317938713,0.0
