,4,26,27,29,97,103,109,111
4,0.0,0.4082598202655849,0.2652036768374132,0.19040629691407343,0.8127773733998969,0.9717208547377454,1.0952428494970554,1.0018305226805082
26,0.4082598202655849,0.0,0.2242837329394825,0.2850999110513468,0.8041143742203171,1.0827111832010312,1.19118410410084,1.0126951112038867
27,0.2652036768374132,0.2242837329394825,0.0,0.18011770831588206,0.6620295620620065,0.8102830778819987,0.9324577886501173,0.8322707211477149
29,0.19040629691407343,0.2850999110513468,0.18011770831588206,0.0,0.6388520103956304,0.8596427509920859,0.9749690466273552,0.863178607271049
97,0.8127773733998969,0.8041143742203171,0.6620295620620065,0.6388520103956304,0.0,0.32276704248173843,0.39049172294373236,0.2644998250649836
103,0.9717208547377454,1.0827111832010312,0.8102830778819987,0.8596427509920859,0.32276704248173843,0.0,0.11000264879651146,0.13629332565866964
109,1.0952428494970554,1.19118410410084,0.9324577886501173,0.9749690466273552,0.39049172294373236,0.11000264879651146,0.0,0.1365421544586227
111,1.0018305226805082,1.0126951112038867,0.8322707211477149,0.863178607271049,0.2644998250649836,0.13629332565866964,0.1365421544586227,0.0
