,97,103,105,106,116,118,125,127
97,0.0,0.3463049087821982,0.13217745850799134,0.4549592568003071,0.5465874924034029,0.13833250233887254,0.42335116057384287,0.17283175729433653
103,0.3463049087821982,0.0,0.40649668486214396,0.7867212104715413,0.882878723145887,0.24257012188899318,0.09608215154247021,0.5012067781487917
105,0.13217745850799134,0.40649668486214396,0.0,0.3980163695414277,0.5029030641196961,0.17223057520466656,0.4855799474271563,0.16393203526474948
106,0.4549592568003071,0.7867212104715413,0.3980163695414277,0.0,0.11358765661228208,0.5594324889009511,0.8603982387463293,0.3051173548379011
116,0.5465874924034029,0.882878723145887,0.5029030641196961,0.11358765661228208,0.0,0.6567549719495247,0.9625283434179628,0.41163769928084726
118,0.13833250233887254,0.24257012188899318,0.17223057520466656,0.5594324889009511,0.6567549719495247,0.0,0.3308787895958817,0.29383940318259033
125,0.42335116057384287,0.09608215154247021,0.4855799474271563,0.8603982387463293,0.9625283434179628,0.3308787895958817,0.0,0.5753803355075634
127,0.17283175729433653,0.5012067781487917,0.16393203526474948,0.3051173548379011,0.41163769928084726,0.29383940318259033,0.5753803355075634,0.0
