,4,17,20,31,100,111,117,126
4,0.0,0.45364240612223206,0.26944593017513924,0.18774900943403755,0.8937067977036611,1.009845244910486,0.835812152252768,0.9616790084572048
17,0.45364240612223206,0.0,0.7496226307734352,0.46210969236666005,0.9686024671075144,0.7983592459333797,0.8541833581605389,0.807769498402558
20,0.26944593017513924,0.7496226307734352,0.0,0.2055968122462438,0.888290788329756,0.9518863409061006,0.8836063214196122,0.9473123475905556
31,0.18774900943403755,0.46210969236666005,0.2055968122462438,0.0,1.0677367275232708,0.955785004025116,0.9726118266730416,0.9673292951156539
100,0.8937067977036611,0.9686024671075144,0.888290788329756,1.0677367275232708,0.0,0.5500822737925234,0.08623918132722179,0.4013529128044999
111,1.009845244910486,0.7983592459333797,0.9518863409061006,0.955785004025116,0.5500822737925234,0.0,0.47765898434888143,0.17956925589164852
117,0.835812152252768,0.8541833581605389,0.8836063214196122,0.9726118266730416,0.08623918132722179,0.47765898434888143,0.0,0.32887647197257297
126,0.9616790084572048,0.807769498402558,0.9473123475905556,0.9673292951156539,0.4013529128044999,0.17956925589164852,0.32887647197257297,0.0
