,100,106,110,115,116,117,119,120
100,0.0,0.13969951557541557,0.46373186541744077,0.1718304713976124,0.2488259008192298,0.08955730260662814,0.21480458497074748,0.16699389546813406
106,0.13969951557541557,0.0,0.5940421861693506,0.05220603974055956,0.11394365680345588,0.23324962708002642,0.09484473910769649,0.30098544559366663
110,0.46373186541744077,0.5940421861693506,0.0,0.6096613809140266,0.6950817936490747,0.3850034208584488,0.6688106565992732,0.3331869698572126
115,0.1718304713976124,0.05220603974055956,0.6096613809140266,0.0,0.08725297470013255,0.2616917554941726,0.10342623975175928,0.33603328606686234
116,0.2488259008192298,0.11394365680345588,0.6950817936490747,0.08725297470013255,0.0,0.3320810469259846,0.08455914807257157,0.4145646671109716
117,0.08955730260662814,0.23324962708002642,0.3850034208584488,0.2616917554941726,0.3320810469259846,0.0,0.2934048124346362,0.08755254785124576
119,0.21480458497074748,0.09484473910769649,0.6688106565992732,0.10342623975175928,0.08455914807257157,0.2934048124346362,0.0,0.37329648150165695
120,0.16699389546813406,0.30098544559366663,0.3331869698572126,0.33603328606686234,0.4145646671109716,0.08755254785124576,0.37329648150165695,0.0
