,3,7,8,11,20,21,25,28
3,0.0,0.14469196932496467,0.20242930897402248,0.060192509161475616,0.11234317358384176,0.08549424287671382,0.18327470741332774,0.212264759790954
7,0.14469196932496467,0.0,0.1667497328750397,0.13031644641520718,0.05918296711158556,0.22979863617687785,0.06715544016614414,0.2582430867448491
8,0.20242930897402248,0.1667497328750397,0.0,0.17457848312050303,0.13894512545719864,0.20685413203948927,0.11491872825154316,0.15469372369030196
11,0.060192509161475616,0.13031644641520718,0.17457848312050303,0.0,0.07610020379212443,0.0947441431523548,0.10473540178289613,0.2204937079574964
20,0.11234317358384176,0.05918296711158556,0.13894512545719864,0.07610020379212443,0.0,0.15615313844521367,0.06910704244911638,0.22485225968318615
21,0.08549424287671382,0.22979863617687785,0.20685413203948927,0.0947441431523548,0.15615313844521367,0.0,0.12693211181223776,0.1855099784041408
25,0.18327470741332774,0.06715544016614414,0.11491872825154316,0.10473540178289613,0.06910704244911638,0.12693211181223776,0.0,0.24089242539162167
28,0.212264759790954,0.2582430867448491,0.15469372369030196,0.2204937079574964,0.22485225968318615,0.1855099784041408,0.24089242539162167,0.0
