,102,106,110,111,112,115,122,123
102,0.0,0.48014425693078444,0.15094794075610923,0.25223244572531855,0.126409520056853,0.49753797147344714,0.35182438415871287,0.13785830754627168
106,0.48014425693078444,0.0,0.6250481664560305,0.7143420595779308,0.4266738337293534,0.052056108616267666,0.7829763110664161,0.4974684933149967
110,0.15094794075610923,0.6250481664560305,0.0,0.11289201594201781,0.21780312447042344,0.6407411330929925,0.2153689798665355,0.16318192831324427
111,0.25223244572531855,0.7143420595779308,0.11289201594201781,0.0,0.3147523490332962,0.7431704081460582,0.1440677121579087,0.24010412598987538
112,0.126409520056853,0.4266738337293534,0.21780312447042344,0.3147523490332962,0.0,0.45594493903559435,0.3576956782630736,0.07938369487823663
115,0.49753797147344714,0.052056108616267666,0.6407411330929925,0.7431704081460582,0.45594493903559435,0.0,0.8108525140919479,0.5268030252404836
122,0.35182438415871287,0.7829763110664161,0.2153689798665355,0.1440677121579087,0.3576956782630736,0.8108525140919479,0.0,0.2839511409634452
123,0.13785830754627168,0.4974684933149967,0.16318192831324427,0.24010412598987538,0.07938369487823663,0.5268030252404836,0.2839511409634452,0.0
