,3,20,21,25,102,107,109,127
3,0.0,0.11234341464639874,0.0854944467111159,0.18327501328625026,1.0000948660483586,1.0683343744150615,1.0212312655222766,1.0001233772488056
20,0.11234341464639874,0.0,0.15615341766903373,0.06910722368978557,0.70165637014482,0.9999517981244527,1.0000104855639107,1.0000422482200868
21,0.0854944467111159,0.15615341766903373,0.0,0.12693235391625857,0.9896998853099386,0.999585672341011,1.0000160323427785,1.0000292048142811
25,0.18327501328625026,0.06910722368978557,0.12693235391625857,0.0,0.9797057068205965,0.9988737866100439,0.9996886748551648,0.872431201528264
102,1.0000948660483586,0.70165637014482,0.9896998853099386,0.9797057068205965,0.0,0.36163162968498763,0.4036037771463203,0.24462952308152197
107,1.0683343744150615,0.9999517981244527,0.999585672341011,0.9988737866100439,0.36163162968498763,0.0,0.16477116898363003,0.48269876218893354
109,1.0212312655222766,1.0000104855639107,1.0000160323427785,0.9996886748551648,0.4036037771463203,0.16477116898363003,0.0,0.5820685697226641
127,1.0001233772488056,1.0000422482200868,1.0000292048142811,0.872431201528264,0.24462952308152197,0.48269876218893354,0.5820685697226641,0.0
