,6,10,12,14,19,27,28,29
6,0.0,0.08981894866923995,0.12181857105564019,0.1545038434304556,0.20956191749300068,0.20033616027324222,0.22553823878174598,0.188253379687829
10,0.08981894866923995,0.0,0.18573982411907447,0.16662238267673254,0.1951952675444849,0.1592621422332858,0.24322509832983732,0.17490552768904585
12,0.12181857105564019,0.18573982411907447,0.0,0.12334501365057403,0.19372429802513086,0.2167859983073468,0.18341347317442996,0.19660483157183525
14,0.1545038434304556,0.16662238267673254,0.12334501365057403,0.0,0.15003317154521437,0.18832848409725655,0.11952338224485873,0.13573981412985317
19,0.20956191749300068,0.1951952675444849,0.19372429802513086,0.15003317154521437,0.0,0.05884089532417403,0.0716677764633286,0.0209888626411233
27,0.20033616027324222,0.1592621422332858,0.2167859983073468,0.18832848409725655,0.05884089532417403,0.0,0.0944680822393419,0.05987021897715909
28,0.22553823878174598,0.24322509832983732,0.18341347317442996,0.11952338224485873,0.0716677764633286,0.0944680822393419,0.0,0.08535051805449409
29,0.188253379687829,0.17490552768904585,0.19660483157183525,0.13573981412985317,0.0209888626411233,0.05987021897715909,0.08535051805449409,0.0
