,0,15,24,30,102,109,116,120
0,0.0,0.17284502623290668,0.22950499448618902,0.09978874298520023,0.9850834487185958,0.9995296038287383,0.9329743839440764,0.9993455891541511
15,0.17284502623290668,0.0,0.19572020143739896,0.045711075961267215,0.9998623613935179,1.0001176598981518,1.0029366361818381,1.0016490768341832
24,0.22950499448618902,0.19572020143739896,0.0,0.18652454801392554,0.9033815416827975,0.99671688656279,1.0000353926558363,0.9998252887441721
30,0.09978874298520023,0.045711075961267215,0.18652454801392554,0.0,0.9997068166270023,1.000026767918739,1.000025532861759,0.9999211116860457
102,0.9850834487185958,0.9998623613935179,0.9033815416827975,0.9997068166270023,0.0,0.4036039695996443,0.583086513121716,0.2307806439464654
109,0.9995296038287383,1.0001176598981518,0.99671688656279,1.000026767918739,0.4036039695996443,0.0,0.9720341515072607,0.5725313306619642
116,0.9329743839440764,1.0029366361818381,1.0000353926558363,1.000025532861759,0.583086513121716,0.9720341515072607,0.0,0.4293313510917398
120,0.9993455891541511,1.0016490768341832,0.9998252887441721,0.9999211116860457,0.2307806439464654,0.5725313306619642,0.4293313510917398,0.0
