,4,8,17,27,100,106,108,115
4,0.0,0.1550606162286273,0.20787176134032703,0.16487202352674138,0.9942201482941109,0.9997769727393078,0.9998456419962589,0.9980038823609904
8,0.1550606162286273,0.0,0.054570034856308854,0.04671341938597462,0.9988467068258046,0.9992758506368472,0.9999646791237609,1.000021797249425
17,0.20787176134032703,0.054570034856308854,0.0,0.05383368316897969,1.00005052498032,1.0000481120992115,0.9995229360999598,0.9999845832050287
27,0.16487202352674138,0.04671341938597462,0.05383368316897969,0.0,0.9256572547966926,0.9924969705047986,0.7340998062077398,0.9199101490453928
100,0.9942201482941109,0.9988467068258046,1.00005052498032,0.9256572547966926,0.0,0.14338783164827518,0.2872827529524251,0.1765973242372854
106,0.9997769727393078,0.9992758506368472,1.0000481120992115,0.9924969705047986,0.14338783164827518,0.0,0.1522426341263477,0.05205613343856048
108,0.9998456419962589,0.9999646791237609,0.9995229360999598,0.7340998062077398,0.2872827529524251,0.1522426341263477,0.0,0.11437892930321086
115,0.9980038823609904,1.000021797249425,0.9999845832050287,0.9199101490453928,0.1765973242372854,0.05205613343856048,0.11437892930321086,0.0
