,1,6,7,13,14,18,22,23
1,0.0,0.1245942449924533,0.057038737362073044,0.19373351264491212,0.2388415066546455,0.252366255743036,0.18694558396432778,0.03984710185872714
6,0.1245942449924533,0.0,0.09108724980176296,0.1438519768575315,0.15450378817558524,0.13538767795120668,0.16605869464084647,0.06466652739030473
7,0.057038737362073044,0.09108724980176296,0.0,0.18255082924930813,0.19613365468178082,0.21769872166654894,0.22916749445912166,0.031712327147343
13,0.19373351264491212,0.1438519768575315,0.18255082924930813,0.0,0.07417455627194122,0.08270331965688908,0.04240824195207455,0.177622470131376
14,0.2388415066546455,0.15450378817558524,0.19613365468178082,0.07417455627194122,0.0,0.008451012931454172,0.09148907076993082,0.20838452605290675
18,0.252366255743036,0.13538767795120668,0.21769872166654894,0.08270331965688908,0.008451012931454172,0.0,0.09081075819390227,0.18313630861711733
22,0.18694558396432778,0.16605869464084647,0.22916749445912166,0.04240824195207455,0.09148907076993082,0.09081075819390227,0.0,0.24547387858762157
23,0.03984710185872714,0.06466652739030473,0.031712327147343,0.177622470131376,0.20838452605290675,0.18313630861711733,0.24547387858762157,0.0
