,10,19,23,26,99,112,117,124
10,0.0,0.19519570965767977,0.0338892433118333,0.10590848661413121,0.9999738085290439,0.9973626675050763,0.9870800098931484,0.9791104648189934
19,0.19519570965767977,0.0,0.23600723053380754,0.13650193968450589,0.9262221827720774,0.8067323241516559,0.800426504270335,0.9087451174889767
23,0.0338892433118333,0.23600723053380754,0.0,0.12056215413257426,1.0009202340595047,0.99939187453063,0.9953820958378428,0.999935633639099
26,0.10590848661413121,0.13650193968450589,0.12056215413257426,0.0,1.0003097362012052,0.9922784563890878,0.9098060381289222,0.8866776190796616
99,0.9999738085290439,0.9262221827720774,1.0009202340595047,1.0003097362012052,0.0,0.37969842954015265,0.5797127362669112,0.8120889061139661
112,0.9973626675050763,0.8067323241516559,0.99939187453063,0.9922784563890878,0.37969842954015265,0.0,0.1942195053336722,0.4293118262568625
117,0.9870800098931484,0.800426504270335,0.9953820958378428,0.9098060381289222,0.5797127362669112,0.1942195053336722,0.0,0.234457082220042
124,0.9791104648189934,0.9087451174889767,0.999935633639099,0.8866776190796616,0.8120889061139661,0.4293118262568625,0.234457082220042,0.0
