,0,4,16,24,113,117,126,127
0,0.0,0.13713898506380456,0.11596107287193323,0.22950499448618902,0.9999989988464686,0.9486565381809609,0.9997359480490663,1.0921382725680662
4,0.13713898506380456,0.0,0.06883108789085042,0.18606384331542702,1.0000152435147744,0.9839576127325275,0.9998872850855889,0.9998446912631382
16,0.11596107287193323,0.06883108789085042,0.0,0.12469977418266154,1.000005827848028,0.9937357679322268,0.9998464993504234,0.9999924783470331
24,0.22950499448618902,0.18606384331542702,0.12469977418266154,0.0,0.979166526225065,0.9990246438590482,0.9805287285344451,1.0000235065379155
113,0.9999989988464686,1.0000152435147744,1.000005827848028,0.979166526225065,0.0,0.35859336507477746,0.02248790049531063,0.2854446750640422
117,0.9486565381809609,0.9839576127325275,0.9937357679322268,0.9990246438590482,0.35859336507477746,0.0,0.34864617186014407,0.09129200929708133
126,0.9997359480490663,0.9998872850855889,0.9998464993504234,0.9805287285344451,0.02248790049531063,0.34864617186014407,0.0,0.2728296591778514
127,1.0921382725680662,0.9998446912631382,0.9999924783470331,1.0000235065379155,0.2854446750640422,0.09129200929708133,0.2728296591778514,0.0
