,8,9,19,22,110,113,120,125
8,0.0,0.1635494938414142,0.09667616899688455,0.1300711014700833,0.9098918454814118,0.9854117985779363,1.0002605128318134,0.9986447848270223
9,0.1635494938414142,0.0,0.15288317635090587,0.08963941779725547,0.9999984783828703,1.261604763840061,1.0000613800067395,1.0190418309689206
19,0.09667616899688455,0.15288317635090587,0.0,0.10464422292214842,0.8257003256823772,0.9669340016504403,0.9730198534257278,1.0000045588371227
22,0.1300711014700833,0.08963941779725547,0.10464422292214842,0.0,0.8993052947088814,1.0000966576188786,0.9999811640801012,0.9951993956799983
110,0.9098918454814118,0.9999984783828703,0.8257003256823772,0.8993052947088814,0.0,0.144413654764775,0.34149524463528463,0.31665123399361444
113,0.9854117985779363,1.261604763840061,0.9669340016504403,1.0000966576188786,0.144413654764775,0.0,0.28245686880532794,0.31210898460936415
120,1.0002605128318134,1.0000613800067395,0.9730198534257278,0.9999811640801012,0.34149524463528463,0.28245686880532794,0.0,0.596908567761587
125,0.9986447848270223,1.0190418309689206,1.0000045588371227,0.9951993956799983,0.31665123399361444,0.31210898460936415,0.596908567761587,0.0
