,4,8,25,30,109,112,116,118
4,0.0,0.15506043138207848,0.11374136626485605,0.10085928035762125,1.0001503481996719,0.9928350952345077,0.9994831554013017,0.9985341124897128
8,0.15506043138207848,0.0,0.11491911183482195,0.17910324658416651,0.9994072016434195,0.890266321929498,0.9999567980977155,0.8221888017785662
25,0.11374136626485605,0.11491911183482195,0.0,0.14774070520857457,0.9996886750006386,0.9884147542666698,1.0053479211619882,0.9888919015525629
30,0.10085928035762125,0.17910324658416651,0.14774070520857457,0.0,1.000026767918739,0.9999635759244357,1.000025532861759,0.9957481425335875
109,1.0001503481996719,0.9994072016434195,0.9996886750006386,1.000026767918739,0.0,0.455285301028165,0.9720341515072607,0.29247939557165176
112,0.9928350952345077,0.890266321929498,0.9884147542666698,0.9999635759244357,0.455285301028165,0.0,0.5311665564740603,0.1759038247666986
116,0.9994831554013017,0.9999567980977155,1.0053479211619882,1.000025532861759,0.9720341515072607,0.5311665564740603,0.0,0.6916119496733508
118,0.9985341124897128,0.8221888017785662,0.9888919015525629,0.9957481425335875,0.29247939557165176,0.1759038247666986,0.6916119496733508,0.0
