,4,6,11,17,19,26,27,30
4,0.0,0.03894690862144905,0.012920206680492635,0.20787054711186898,0.17071558669593342,0.16602322446529558,0.1648709425450616,0.100858583004969
6,0.03894690862144905,0.0,0.060923329713116633,0.22281550103806125,0.20956121800580363,0.1378827306198998,0.20033549158028077,0.15911495853977642
11,0.012920206680492635,0.060923329713116633,0.0,0.18299794888674975,0.20410324122325743,0.20439315617620246,0.20077985176027527,0.08692501348509726
17,0.20787054711186898,0.22281550103806125,0.18299794888674975,0.0,0.1268322227973257,0.05710256640261789,0.05383310559931682,0.21343511829415976
19,0.17071558669593342,0.20956121800580363,0.20410324122325743,0.1268322227973257,0.0,0.136500995894412,0.058840544606152845,0.20270432875628905
26,0.16602322446529558,0.1378827306198998,0.20439315617620246,0.05710256640261789,0.136500995894412,0.0,0.07530935732532036,0.24950886300143993
27,0.1648709425450616,0.20033549158028077,0.20077985176027527,0.05383310559931682,0.058840544606152845,0.07530935732532036,0.0,0.217648043876547
30,0.100858583004969,0.15911495853977642,0.08692501348509726,0.21343511829415976,0.20270432875628905,0.24950886300143993,0.217648043876547,0.0
