,100,104,106,107,109,115,123,126
100,0.0,0.765782845783267,0.1433877632756453,0.6444294391860701,0.7287997098840092,0.17659726108117202,0.3547964995470056,0.43161778102589626
104,0.765782845783267,0.0,0.9015617757651434,0.18078102819611336,0.03768995003705083,0.9165162844560676,0.4116705536516228,0.34774055337100007
106,0.1433877632756453,0.9015617757651434,0.0,0.7854143904649321,0.8676588753895478,0.052056108616267666,0.4974684933149967,0.5791219295767254
107,0.6444294391860701,0.18078102819611336,0.7854143904649321,0.0,0.16477146361770337,0.8152890782049919,0.2847819403309843,0.21150810704781245
109,0.7287997098840092,0.03768995003705083,0.8676588753895478,0.16477146361770337,0.0,0.8922261398351382,0.3832469844165447,0.3153505952968206
115,0.17659726108117202,0.9165162844560676,0.052056108616267666,0.8152890782049919,0.8922261398351382,0.0,0.5268030252404836,0.6036362777708286
123,0.3547964995470056,0.4116705536516228,0.4974684933149967,0.2847819403309843,0.3832469844165447,0.5268030252404836,0.0,0.07653071509920539
126,0.43161778102589626,0.34774055337100007,0.5791219295767254,0.21150810704781245,0.3153505952968206,0.6036362777708286,0.07653071509920539,0.0
