,6,10,16,23,98,104,126,127
6,0.0,0.08981890584023793,0.06629979664295853,0.06466652739030473,0.9840695899798557,1.103972889201081,0.9999959156850045,1.0000290154155913
10,0.08981890584023793,0.0,0.09468050939443012,0.033889065556144266,0.9910772509789649,1.0015279396701344,0.9999639510191999,0.9999712242617809
16,0.06629979664295853,0.09468050939443012,0.0,0.10308736859845746,0.9999913225195961,1.0005085144944375,0.9998464991758271,0.9999924783452141
23,0.06466652739030473,0.033889065556144266,0.10308736859845746,0.0,0.9931519386403033,1.0017657464330603,0.9998600532999404,0.9999933644864595
98,0.9840695899798557,0.9910772509789649,0.9999913225195961,0.9931519386403033,0.0,0.9684296365266278,0.65097215060261,0.40097062209234685
104,1.103972889201081,1.0015279396701344,1.0005085144944375,1.0017657464330603,0.9684296365266278,0.0,0.3477399730168239,0.6132340315219527
126,0.9999959156850045,0.9999639510191999,0.9998464991758271,0.9998600532999404,0.65097215060261,0.3477399730168239,0.0,0.2728292363683911
127,1.0000290154155913,0.9999712242617809,0.9999924783452141,0.9999933644864595,0.40097062209234685,0.6132340315219527,0.2728292363683911,0.0
