,5,10,20,27,97,100,108,110
5,0.0,0.14588251118968107,0.13358565328860006,0.17270896494909307,1.0001572994381096,0.9970678498899196,0.9947129582583027,1.0000066453001428
10,0.14588251118968107,0.0,0.08087796219551696,0.1592622561464875,0.9895445196625864,1.0000694473813527,0.9971452368581986,1.0004397921994066
20,0.13358565328860006,0.08087796219551696,0.0,0.18001808569807787,0.5977772440455318,0.9999931712042204,1.001327353235094,0.9755461273813308
27,0.17270896494909307,0.1592622561464875,0.18001808569807787,0.0,0.829905827281466,0.9256571720364885,0.7341011188816589,0.8088502018725241
97,1.0001572994381096,0.9895445196625864,0.5977772440455318,0.829905827281466,0.0,0.32769995758094184,0.6132206720589124,0.1866653070821202
100,0.9970678498899196,1.0000694473813527,0.9999931712042204,0.9256571720364885,0.32769995758094184,0.0,0.2872823419914445,0.48371089542280005
108,0.9947129582583027,0.9971452368581986,1.001327353235094,0.7341011188816589,0.6132206720589124,0.2872823419914445,0.0,0.7465748529787662
110,1.0000066453001428,1.0004397921994066,0.9755461273813308,0.8088502018725241,0.1866653070821202,0.48371089542280005,0.7465748529787662,0.0
