,0,2,16,20,21,23,27,31
0,0.0,0.24260051515202702,0.11596087934117515,0.20507450271683406,0.10087546510286188,0.21538150913471524,0.19822327449035484,0.14663318613483803
2,0.24260051515202702,0.0,0.10731393431100611,0.07719361284937713,0.16791868870276924,0.07072328725148178,0.15814826384282762,0.13801654258310186
16,0.11596087934117515,0.10731393431100611,0.0,0.10530264731798283,0.15521372631992333,0.10308746691028012,0.1365341951920232,0.12331510960164023
20,0.20507450271683406,0.07719361284937713,0.10530264731798283,0.0,0.15615336182422976,0.08708150008984962,0.18001802131860506,0.09884754557679393
21,0.10087546510286188,0.16791868870276924,0.15521372631992333,0.15615336182422976,0.0,0.23615368661651207,0.24138288689258983,0.06154530254605153
23,0.21538150913471524,0.07072328725148178,0.10308746691028012,0.08708150008984962,0.23615368661651207,0.0,0.20465339973202595,0.18346123165538547
27,0.19822327449035484,0.15814826384282762,0.1365341951920232,0.18001802131860506,0.24138288689258983,0.20465339973202595,0.0,0.23078221208999972
31,0.14663318613483803,0.13801654258310186,0.12331510960164023,0.09884754557679393,0.06154530254605153,0.18346123165538547,0.23078221208999972,0.0
