,3,5,10,12,13,14,23,25
3,0.0,0.06328632173162196,0.14087356241379856,0.046618047536915,0.12791438574858888,0.11072329525846539,0.08057617221092143,0.18327507883051436
5,0.06328632173162196,0.0,0.14588256336134195,0.08104019670094499,0.07938259714605779,0.08842999795556027,0.12829017379829405,0.1842089433978484
10,0.14087356241379856,0.14588256336134195,0.0,0.18574002339639364,0.14458663582262768,0.16662258130620955,0.03388916251367725,0.015484757410515568
12,0.046618047536915,0.08104019670094499,0.18574002339639364,0.0,0.14998880455862448,0.1233451900971576,0.18899854117031448,0.1355981386426756
13,0.12791438574858888,0.07938259714605779,0.14458663582262768,0.14998880455862448,0.0,0.07417473311807515,0.1776227242225394,0.19066432313142329
14,0.11072329525846539,0.08842999795556027,0.16662258130620955,0.1233451900971576,0.07417473311807515,0.0,0.20838479930817025,0.24005864891864687
23,0.08057617221092143,0.12829017379829405,0.03388916251367725,0.18899854117031448,0.1776227242225394,0.20838479930817025,0.0,0.053856290261887825
25,0.18327507883051436,0.1842089433978484,0.015484757410515568,0.1355981386426756,0.19066432313142329,0.24005864891864687,0.053856290261887825,0.0
