,8,9,20,24,104,105,106,119
8,0.0,0.16354933786853684,0.13894552298295992,0.032089714742004304,0.8235576314980427,0.9999755479754687,0.9992758501133576,0.9997241731701769
9,0.16354933786853684,0.0,0.13612416499143998,0.1824339625275339,1.0021601804918974,1.0000000139516487,0.9984756004732863,0.9999712507109451
20,0.13894552298295992,0.13612416499143998,0.0,0.1532470900751882,0.9999739084198737,0.9999871687418938,0.9999848016877774,1.0000115143137789
24,0.032089714742004304,0.1824339625275339,0.1532470900751882,0.0,0.9852461785408001,0.9999221313243054,0.9999894042045726,0.9999485139900096
104,0.8235576314980427,1.0021601804918974,0.9999739084198737,0.9852461785408001,0.0,0.48504841423468,0.9015617354621922,0.9739066051108158
105,0.9999755479754687,1.0000000139516487,0.9999871687418938,0.9999221313243054,0.48504841423468,0.0,0.41970916629212873,0.5022289807969388
106,0.9992758501133576,0.9984756004732863,0.9999848016877774,0.9999894042045726,0.9015617354621922,0.41970916629212873,0.0,0.09847367904361277
119,0.9997241731701769,0.9999712507109451,1.0000115143137789,0.9999485139900096,0.9739066051108158,0.5022289807969388,0.09847367904361277,0.0
