,0,6,14,22,23,25,27,29
0,0.0,0.15949146248195792,0.007643195423011842,0.11188840842206134,0.215381457783768,0.2508378318233239,0.19822325086030054,0.14093683749821237
6,0.15949146248195792,0.0,0.1545038802670468,0.16605879361957102,0.06466657364342601,0.10716842519665802,0.20033618415517498,0.18825342457093763
14,0.007643195423011842,0.1545038802670468,0.0,0.09148915802074946,0.20838462541841565,0.24005847721538234,0.18832852899827152,0.13573983031130094
22,0.11188840842206134,0.16605879361957102,0.09148915802074946,0.0,0.24547399563871616,0.15284060845664407,0.15053465443593295,0.09473752487567413
23,0.215381457783768,0.06466657364342601,0.20838462541841565,0.24547399563871616,0.0,0.053856213219901736,0.20465337533544103,0.21988023233231574
25,0.2508378318233239,0.10716842519665802,0.24005847721538234,0.15284060845664407,0.053856213219901736,0.0,0.16914607987956598,0.1821468130164432
27,0.19822325086030054,0.20033618415517498,0.18832852899827152,0.15053465443593295,0.20465337533544103,0.16914607987956598,0.0,0.05987023325133333
29,0.14093683749821237,0.18825342457093763,0.13573983031130094,0.09473752487567413,0.21988023233231574,0.1821468130164432,0.05987023325133333,0.0
