,96,103,106,113,117,119,125,127
96,0.0,0.09292914931183319,0.7447157424167248,0.17669667570583614,0.5107223815660947,0.8131335244117149,0.1862517629491804,0.45311820293098365
103,0.09292914931183319,0.0,0.8219238920580767,0.237894668680359,0.5908025750285557,0.893383932239171,0.09603169897597022,0.5227302371912629
106,0.7447157424167248,0.8219238920580767,0.0,0.5898578549653584,0.23265415466362424,0.09847367904361277,0.9058651176098853,0.3147415805745853
113,0.17669667570583614,0.237894668680359,0.5898578549653584,0.0,0.35859336507477746,0.6598868254961792,0.31210876137170207,0.2854446750640422
117,0.5107223815660947,0.5908025750285557,0.23265415466362424,0.35859336507477746,0.0,0.3049185330478704,0.6722690985755967,0.09129200929708133
119,0.8131335244117149,0.893383932239171,0.09847367904361277,0.6598868254961792,0.3049185330478704,0.0,0.9843183631126459,0.38478861875183573
125,0.1862517629491804,0.09603169897597022,0.9058651176098853,0.31210876137170207,0.6722690985755967,0.9843183631126459,0.0,0.6025282271143914
127,0.45311820293098365,0.5227302371912629,0.3147415805745853,0.2854446750640422,0.09129200929708133,0.38478861875183573,0.6025282271143914,0.0
