,4,6,15,21,107,109,115,122
4,0.0,0.038947103620936105,0.0694641156995053,0.12066921651216608,0.9999912811943353,1.0001503484179834,0.9980038781784044,1.000062430952905
6,0.038947103620936105,0.0,0.09832569141624116,0.1814530637358325,1.0924401993775898,1.1050814756076266,0.9950537733772157,1.0565923060690334
15,0.0694641156995053,0.09832569141624116,0.0,0.05977296247469529,0.9999800105630793,1.0001176600655186,1.0024854190946737,1.0001727582182809
21,0.12066921651216608,0.1814530637358325,0.05977296247469529,0.0,0.9995856719046344,1.0000160323609688,1.0009027659817107,0.9999092159370976
107,0.9999912811943353,1.0924401993775898,0.9999800105630793,0.9995856719046344,0.0,0.1647708939923036,0.8152887744861991,0.01327158857018439
109,1.0001503484179834,1.1050814756076266,1.0001176600655186,1.0000160323609688,0.1647708939923036,0.0,0.8922259470546788,0.1580756220627586
115,0.9980038781784044,0.9950537733772157,1.0024854190946737,1.0009027659817107,0.8152887744861991,0.8922259470546788,0.0,0.8108521999432644
122,1.000062430952905,1.0565923060690334,1.0001727582182809,0.9999092159370976,0.01327158857018439,0.1580756220627586,0.8108521999432644,0.0
