,6,20,23,30,103,117,121,123
6,0.0,0.04515598687950827,0.06466631154284291,0.15911516718770605,1.0452186430754524,1.0002361103424986,1.0003912893787135,1.0000644021420968
20,0.04515598687950827,0.0,0.08708116790092295,0.12297743631951649,0.9994624702871049,0.9972449327472641,0.968753137234312,0.999560427954682
23,0.06466631154284291,0.08708116790092295,0.0,0.21970117406870432,1.036957548996638,0.9953820837865592,0.9997891817374409,1.074366790161636
30,0.15911516718770605,0.12297743631951649,0.21970117406870432,0.0,1.0002603863136232,0.9996355472390049,1.0000519175789848,0.9997696265173456
103,1.0452186430754524,0.9994624702871049,1.036957548996638,1.0002603863136232,0.0,0.5908018707374232,0.766782124148132,0.3207239524281569
117,1.0002361103424986,0.9972449327472641,0.9953820837865592,0.9996355472390049,0.5908018707374232,0.0,0.17218777237903596,0.26952524725775145
121,1.0003912893787135,0.968753137234312,0.9997891817374409,1.0000519175789848,0.766782124148132,0.17218777237903596,0.0,0.44008172935470946
123,1.0000644021420968,0.999560427954682,1.074366790161636,0.9997696265173456,0.3207239524281569,0.26952524725775145,0.44008172935470946,0.0
