,1,7,9,18,103,111,120,125
1,0.0,0.057038927749716806,0.16839309096943128,0.25236664684056576,0.9995083370680631,1.0001380931377948,0.9999502001478082,0.999999822404577
7,0.057038927749716806,0.0,0.15106545389659673,0.21769911094254618,0.9999915259408936,1.000038482217953,0.9999759950995155,1.0022317984992895
9,0.16839309096943128,0.15106545389659673,0.0,0.06486802625962863,1.001016993794326,0.9999489364832039,1.000061380035845,1.019041844255714
18,0.25236664684056576,0.21769911094254618,0.06486802625962863,0.0,1.00014443615127,1.001508475324529,0.9997858061632078,1.0291241361980568
103,0.9995083370680631,0.9999915259408936,1.001016993794326,1.00014443615127,0.0,0.14738761844578455,0.5156007887232554,0.09603169897597022
111,1.0001380931377948,1.000038482217953,0.9999489364832039,1.001508475324529,0.14738761844578455,0.0,0.4266874399284203,0.22693882657354952
120,0.9999502001478082,0.9999759950995155,1.000061380035845,0.9997858061632078,0.5156007887232554,0.4266874399284203,0.0,0.5969083898689977
125,0.999999822404577,1.0022317984992895,1.019041844255714,1.0291241361980568,0.09603169897597022,0.22693882657354952,0.5969083898689977,0.0
