,8,14,22,27,100,103,109,117
8,0.0,0.20485657770699497,0.13007122551561123,0.04671348621010486,0.9988467072909288,0.9286574949821264,0.9994072021669779,0.9703426368486614
14,0.20485657770699497,0.0,0.09148957246327427,0.18832911271243985,0.9876460217029926,0.9998743135195315,1.0040913123247173,0.9141599015602835
22,0.13007122551561123,0.09148957246327427,0.0,0.1505352107359663,0.9999571097317549,0.8891926161196497,0.9949662674292624,0.9999823581757525
27,0.04671348621010486,0.18832911271243985,0.1505352107359663,0.0,0.925657289280113,0.9965495994133589,0.9995032414696267,0.8210166607369366
100,0.9988467072909288,0.9876460217029926,0.9999571097317549,0.925657289280113,0.0,0.677750873988248,0.7287998619234924,0.09191878346736049
103,0.9286574949821264,0.9998743135195315,0.8891926161196497,0.9965495994133589,0.677750873988248,0.0,0.12108429997731203,0.5908028919598393
109,0.9994072021669779,1.0040913123247173,0.9949662674292624,0.9995032414696267,0.7287998619234924,0.12108429997731203,0.0,0.6460059652746157
117,0.9703426368486614,0.9141599015602835,0.9999823581757525,0.8210166607369366,0.09191878346736049,0.5908028919598393,0.6460059652746157,0.0
