,96,100,105,107,115,116,124,127
96,0.0,0.5996841843070733,0.33449138565634456,0.11380386342720139,0.7604817653978602,0.8433024038566724,0.7559160812904149,0.45311831096279465
100,0.5996841843070733,0.0,0.2832481775283351,0.6444294968025545,0.1765973242372854,0.256563648257262,0.15614669782101637,0.1751011926126984
105,0.33449138565634456,0.2832481775283351,0.0,0.3948888292651662,0.43916156785852056,0.5285977226810538,0.4397132344358244,0.1682665116446363
107,0.11380386342720139,0.6444294968025545,0.3948888292651662,0.0,0.8152891146512545,0.8993813736618067,0.7835804411965095,0.4826991649843372
115,0.7604817653978602,0.1765973242372854,0.43916156785852056,0.8152891146512545,0.0,0.08831268372332238,0.09241002648638026,0.350113683950417
116,0.8433024038566724,0.256563648257262,0.5285977226810538,0.8993813736618067,0.08831268372332238,0.0,0.13154790348023485,0.4333427023124839
124,0.7559160812904149,0.15614669782101637,0.4397132344358244,0.7835804411965095,0.09241002648638026,0.13154790348023485,0.0,0.31823465971630177
127,0.45311831096279465,0.1751011926126984,0.1682665116446363,0.4826991649843372,0.350113683950417,0.4333427023124839,0.31823465971630177,0.0
