,3,8,11,12,14,26,28,30
3,0.0,0.20242962268316894,0.060192667022820195,0.046618014193100965,0.11072324246149652,0.173839996914175,0.21226506343834572,0.056736755745404224
8,0.20242962268316894,0.0,0.17457877448002337,0.18959274330235729,0.20485606487068805,0.03738736405751983,0.15469398186352198,0.1791030757780817
11,0.060192667022820195,0.17457877448002337,0.0,0.048647900360768374,0.17537230100714052,0.20439396024136094,0.2204940233765013,0.08692553160009645
12,0.046618014193100965,0.18959274330235729,0.048647900360768374,0.0,0.1233451312816017,0.24233566371510515,0.18341360436201587,0.031520427071098596
14,0.11072324246149652,0.20485606487068805,0.17537230100714052,0.1233451312816017,0.0,0.17773786490469404,0.11952349623129295,0.10833021887637129
26,0.173839996914175,0.03738736405751983,0.20439396024136094,0.24233566371510515,0.17773786490469404,0.0,0.21552991314283448,0.24950972557238546
28,0.21226506343834572,0.15469398186352198,0.2204940233765013,0.18341360436201587,0.11952349623129295,0.21552991314283448,0.0,0.1830228197399111
30,0.056736755745404224,0.1791030757780817,0.08692553160009645,0.031520427071098596,0.10833021887637129,0.24950972557238546,0.1830228197399111,0.0
