,0,2,8,13,15,22,26,28
0,0.0,0.24260103571681652,0.20323038908086616,0.08256078283968599,0.1728452322803573,0.11188878189053958,0.1883897390339305,0.11672036440820589
2,0.24260103571681652,0.0,0.12165603424534427,0.20936992099723953,0.11181190035768819,0.12959953120842746,0.12980879307280754,0.2476352933993228
8,0.20323038908086616,0.12165603424534427,0.0,0.12851919754069202,0.19867540697281758,0.1300711324814542,0.03738751559314458,0.15469435068315518
13,0.08256078283968599,0.20936992099723953,0.12851919754069202,0.0,0.18026108897838367,0.04240846439273927,0.11281280435367443,0.10713041213577758
15,0.1728452322803573,0.11181190035768819,0.19867540697281758,0.18026108897838367,0.0,0.12149817520143567,0.24735627602383894,0.22238288653110014
22,0.11188878189053958,0.12959953120842746,0.1300711324814542,0.04240846439273927,0.12149817520143567,0.0,0.2011449020591211,0.09570735736716023
26,0.1883897390339305,0.12980879307280754,0.03738751559314458,0.11281280435367443,0.24735627602383894,0.2011449020591211,0.0,0.2155303242339117
28,0.11672036440820589,0.2476352933993228,0.15469435068315518,0.10713041213577758,0.22238288653110014,0.09570735736716023,0.2155303242339117,0.0
