,18,19,26,29,96,104,116,126
18,0.0,0.15086617837444283,0.14469196932496467,0.1429367703416563,1.0001559705528202,1.0038580518171993,0.9950087753804743,0.9999791004721659
19,0.15086617837444283,0.0,0.13650193968450589,0.0209889727323778,0.9169293289539956,0.9993398078137314,0.9852924459471192,0.993084547597331
26,0.14469196932496467,0.13650193968450589,0.0,0.1303412114480579,0.9999840323236375,1.000011483578871,0.9339827552877901,1.0000222972224182
29,0.1429367703416563,0.0209889727323778,0.1303412114480579,0.0,0.9927698138730966,0.9999376935214006,0.9739856007913078,1.000529041475688
96,1.0001559705528202,0.9169293289539956,0.9999840323236375,0.9927698138730966,0.0,0.16868278717947982,0.8433023661581182,0.18684162803467771
104,1.0038580518171993,0.9993398078137314,1.000011483578871,0.9999376935214006,0.16868278717947982,0.0,0.9968092708422706,0.34774055337100007
116,0.9950087753804743,0.9852924459471192,0.9339827552877901,0.9739856007913078,0.8433023661581182,0.9968092708422706,0.0,0.6867644841783528
126,0.9999791004721659,0.993084547597331,1.0000222972224182,1.000529041475688,0.18684162803467771,0.34774055337100007,0.6867644841783528,0.0
