,1,4,5,8,12,16,20,27
1,0.0,0.11802501308234659,0.16635625332729362,0.10727088232412685,0.17116113918684253,0.12028391509475876,0.057752164596650044,0.15342911558510264
4,0.11802501308234659,0.0,0.09417472683869073,0.1550604683513706,0.08061746691952068,0.06883110430146255,0.06742732926749484,0.16487186629260203
5,0.16635625332729362,0.09417472683869073,0.0,0.15462571005963083,0.08104029330844531,0.05154810842082162,0.1335858125352032,0.17270915024580955
8,0.10727088232412685,0.1550604683513706,0.15462571005963083,0.0,0.1895929467134125,0.10941326770308542,0.13894555611015802,0.04671334142461015
12,0.17116113918684253,0.08061746691952068,0.08104029330844531,0.1895929467134125,0.0,0.13288243092400473,0.1351305785432296,0.21678633426537008
16,0.12028391509475876,0.06883110430146255,0.05154810842082162,0.10941326770308542,0.13288243092400473,0.0,0.10530284816703477,0.13653442305823507
20,0.057752164596650044,0.06742732926749484,0.1335858125352032,0.13894555611015802,0.1351305785432296,0.10530284816703477,0.0,0.1800182788366344
27,0.15342911558510264,0.16487186629260203,0.17270915024580955,0.04671334142461015,0.21678633426537008,0.13653442305823507,0.1800182788366344,0.0
