,2,4,11,22,25,26,28,29
2,0.0,0.12528998390038198,0.07876098727298131,0.1295990368263931,0.010205700661326209,0.12980832884121768,0.2476346734711235,0.18762183649863223
4,0.12528998390038198,0.0,0.012920317575992012,0.1381308879005806,0.11374109508463003,0.16602379842009618,0.1859758517510043,0.15279730560372376
11,0.07876098727298131,0.012920317575992012,0.0,0.11320299514057053,0.10473550166640645,0.2043937896818206,0.22049383938202696,0.1970607191616509
22,0.1295990368263931,0.1381308879005806,0.11320299514057053,0.0,0.1528405537965928,0.20114432657976344,0.09570696945493976,0.09473747970131277
25,0.010205700661326209,0.11374109508463003,0.10473550166640645,0.1528405537965928,0.0,0.1461254505539736,0.24089256897473893,0.1821467478756783
26,0.12980832884121768,0.16602379842009618,0.2043937896818206,0.20114432657976344,0.1461254505539736,0.0,0.21552973329073477,0.13034083853939418
28,0.2476346734711235,0.1859758517510043,0.22049383938202696,0.09570696945493976,0.24089256897473893,0.21552973329073477,0.0,0.08535049770534728
29,0.18762183649863223,0.15279730560372376,0.1970607191616509,0.09473747970131277,0.1821467478756783,0.13034083853939418,0.08535049770534728,0.0
