,4,5,17,21,22,24,28,30
4,0.0,0.09417432268547586,0.2078709683739999,0.12066913020284752,0.1381306903029018,0.186063288802789,0.18597563005064485,0.10085887156410239
5,0.09417432268547586,0.0,0.22269284642093523,0.10831366443385453,0.09310745468002952,0.1977208520392447,0.15458009555700122,0.08953093661433956
17,0.2078709683739999,0.22269284642093523,0.0,0.2149669928263495,0.13865546630304135,0.03128758065798045,0.19932220052996424,0.21343562716374273
21,0.12066913020284752,0.10831366443385453,0.2149669928263495,0.0,0.11901789868157667,0.20395353883112305,0.18550988994611098,0.025998371330729988
22,0.1381306903029018,0.09310745468002952,0.13865546630304135,0.11901789868157667,0.0,0.14008641107469708,0.0957067869085565,0.12713888536928167
24,0.186063288802789,0.1977208520392447,0.03128758065798045,0.20395353883112305,0.14008641107469708,0.0,0.19871527106641312,0.18652399212828258
28,0.18597563005064485,0.15458009555700122,0.19932220052996424,0.18550988994611098,0.0957067869085565,0.19871527106641312,0.0,0.18302242701596683
30,0.10085887156410239,0.08953093661433956,0.21343562716374273,0.025998371330729988,0.12713888536928167,0.18652399212828258,0.18302242701596683,0.0
