,1,8,15,16,18,22,27,28
1,0.0,0.10727113807814516,0.17174603748929151,0.1202841731963168,0.2523670379387016,0.18694631939223255,0.15342940822819556,0.22842940900644898
8,0.10727113807814516,0.0,0.1986755490765931,0.1094135024787397,0.19514226775596516,0.1300712565270117,0.0467134973474692,0.15469447977023454
15,0.17174603748929151,0.1986755490765931,0.0,0.13060724252320471,0.14544565512758434,0.12149826210373363,0.2432796724603001,0.2223830455917925
16,0.1202841731963168,0.1094135024787397,0.13060724252320471,0.0,0.09329522148005233,0.12432857455497244,0.13653471602963768,0.17678080382036349
18,0.2523670379387016,0.19514226775596516,0.14544565512758434,0.09329522148005233,0.0,0.09081125616762215,0.19009701303199325,0.12866099201436018
22,0.18694631939223255,0.1300712565270117,0.12149826210373363,0.12432857455497244,0.09081125616762215,0.0,0.1505352466263616,0.09570744864085236
27,0.15342940822819556,0.0467134973474692,0.2432796724603001,0.13653471602963768,0.19009701303199325,0.1505352466263616,0.0,0.09446855522239066
28,0.22842940900644898,0.15469447977023454,0.2223830455917925,0.17678080382036349,0.12866099201436018,0.09570744864085236,0.09446855522239066,0.0
