,0,4,11,17,104,105,110,118
0,0.0,0.13713875618862184,0.1647662977766461,0.24538929450529434,1.0023174372750876,0.9996417736446203,1.0002342224279124,0.99999784410516
4,0.13713875618862184,0.0,0.012920329897772918,0.2078712657360181,1.0001287800373861,0.9998489879019447,0.993835418892712,0.998534111327266
11,0.1647662977766461,0.012920329897772918,0.0,0.18299862515471907,0.9958105008193138,0.9998786198669068,0.9900272355637447,1.0001374946078188
17,0.24538929450529434,0.2078712657360181,0.18299862515471907,0.0,0.9104671833206133,0.9999704167777397,0.8162863106298757,0.8725199716689738
104,1.0023174372750876,1.0001287800373861,0.9958105008193138,0.9104671833206133,0.0,0.48504812512338186,0.28315675446133115,0.32095970893929066
105,0.9996417736446203,0.9998489879019447,0.9998786198669068,0.9999704167777397,0.48504812512338186,0.0,0.2139042505586366,0.1796352423014902
110,1.0002342224279124,0.993835418892712,0.9900272355637447,0.8162863106298757,0.28315675446133115,0.2139042505586366,0.0,0.04483896885434023
118,0.99999784410516,0.998534111327266,1.0001374946078188,0.8725199716689738,0.32095970893929066,0.1796352423014902,0.04483896885434023,0.0
