,3,6,18,19,21,22,26,29
3,0.0,0.06076158821370937,0.09673533183959541,0.2134759080397964,0.08549418172648797,0.16868017308755695,0.17383960317111288,0.18603141819370544
6,0.06076158821370937,0.0,0.13538751655661385,0.20956164269418054,0.18145297721228987,0.16605849668357434,0.1378830757952814,0.1882531328309227
18,0.09673533183959541,0.13538751655661385,0.0,0.15086554891300805,0.12192358062119152,0.09081062828816358,0.14469134837572986,0.14293619100354168
19,0.2134759080397964,0.20956164269418054,0.15086554891300805,0.0,0.2183356761780222,0.10464372394079928,0.13650133761076136,0.020988792583352914
21,0.08549418172648797,0.18145297721228987,0.12192358062119152,0.2183356761780222,0.0,0.11901789868157667,0.2648897703000166,0.20985498301259717
22,0.16868017308755695,0.16605849668357434,0.09081062828816358,0.10464372394079928,0.11901789868157667,0.0,0.20114408679718368,0.09473732159121763
26,0.17383960317111288,0.1378830757952814,0.14469134837572986,0.13650133761076136,0.2648897703000166,0.20114408679718368,0.0,0.13034065208546242
29,0.18603141819370544,0.1882531328309227,0.14293619100354168,0.020988792583352914,0.20985498301259717,0.09473732159121763,0.13034065208546242,0.0
