,7,8,9,21,23,26,27,28
7,0.0,0.16675028946324988,0.15106556194706797,0.22979926624278124,0.031712493485554764,0.15281741613054226,0.1892743789543991,0.2582437332301312
8,0.16675028946324988,0.0,0.16354945484818093,0.20685474851376093,0.16677207737571018,0.0373874799376482,0.046713385973945344,0.15469425847816445
9,0.15106556194706797,0.16354945484818093,0.0,0.09408890567731645,0.1382209559922653,0.13746345583743882,0.17678463931432434,0.1650876342224042
21,0.22979926624278124,0.20685474851376093,0.09408890567731645,0.0,0.23615408074082583,0.2648905281568125,0.24138328974408035,0.18551057549694544
23,0.031712493485554764,0.16677207737571018,0.1382209559922653,0.23615408074082583,0.0,0.12056215413257426,0.20465376568114893,0.2864368383950424
26,0.15281741613054226,0.0373874799376482,0.13746345583743882,0.2648905281568125,0.12056215413257426,0.0,0.07531002166879937,0.21553022146106887
27,0.1892743789543991,0.046713385973945344,0.17678463931432434,0.24138328974408035,0.20465376568114893,0.07531002166879937,0.0,0.09446839756111128
28,0.2582437332301312,0.15469425847816445,0.1650876342224042,0.18551057549694544,0.2864368383950424,0.21553022146106887,0.09446839756111128,0.0
