,1,8,18,28,99,110,115,116
1,0.0,0.10727113807814516,0.2523670379387016,0.22842940900644898,0.99608060887409,0.8968922722483433,1.000019198000352,1.1511031288329094
8,0.10727113807814516,0.0,0.19514226775596516,0.15469447977023454,0.9913764703725623,0.9098918929359707,1.0000217972385108,0.999956798148645
18,0.2523670379387016,0.19514226775596516,0.0,0.12866099201436018,1.000533653156628,0.9992948580847681,0.7858270385456525,0.9950087790871709
28,0.22842940900644898,0.15469447977023454,0.12866099201436018,0.0,0.8643313295625497,0.8903206412316278,1.0001158890507211,0.9951693211882253
99,0.99608060887409,0.9913764703725623,1.000533653156628,0.8643313295625497,0.0,0.22010015411274977,0.8343596435060707,0.9252142075324299
110,0.8968922722483433,0.9098918929359707,0.9992948580847681,0.8903206412316278,0.22010015411274977,0.0,0.640741343144339,0.7314995544855951
115,1.000019198000352,1.0000217972385108,0.7858270385456525,1.0001158890507211,0.8343596435060707,0.640741343144339,0.0,0.08831278900030796
116,1.1511031288329094,0.999956798148645,0.9950087790871709,0.9951693211882253,0.9252142075324299,0.7314995544855951,0.08831278900030796,0.0
