,1,2,5,17,23,24,26,31
1,0.0,0.03532346389964891,0.1663560153529346,0.13834831765090533,0.03984714936020249,0.11384476013759977,0.12936932254522995,0.1550497291426323
2,0.03532346389964891,0.0,0.18597744800139424,0.12714167412892724,0.07072328725148178,0.10432155537408189,0.12980842168740284,0.13801654258310186
5,0.1663560153529346,0.18597744800139424,0.0,0.22269319153293077,0.1282900514513086,0.19772118202179229,0.1343119053027109,0.12464502217761926
17,0.13834831765090533,0.12714167412892724,0.22269319153293077,0.0,0.22731059847317064,0.031287692551288396,0.057102947604647146,0.21366084463342064
23,0.03984714936020249,0.07072328725148178,0.1282900514513086,0.22731059847317064,0.0,0.16977856738302854,0.1205618666903421,0.18346123165538547
24,0.11384476013759977,0.10432155537408189,0.19772118202179229,0.031287692551288396,0.16977856738302854,0.0,0.01742705745213862,0.18709571578460396
26,0.12936932254522995,0.12980842168740284,0.1343119053027109,0.057102947604647146,0.1205618666903421,0.01742705745213862,0.0,0.22469925819188064
31,0.1550497291426323,0.13801654258310186,0.12464502217761926,0.21366084463342064,0.18346123165538547,0.18709571578460396,0.22469925819188064,0.0
