,7,10,21,25,98,111,112,115
7,0.0,0.04514738564382912,0.22979882793588297,0.06715555224397003,1.0001225495214112,1.0000384822506962,0.9978622259053851,1.000213370164673
10,0.04514738564382912,0.0,0.21650901025796798,0.015484720492020982,0.9910772528249902,1.0001246184336772,0.9973626642540441,0.9988183191849828
21,0.22979882793588297,0.21650901025796798,0.0,0.12693226312719666,0.9996652782789501,0.998572251234376,0.9996575304367584,1.0009027654573688
25,0.06715555224397003,0.015484720492020982,0.12693226312719666,0.0,1.0020392824801199,0.9976335022563985,0.9884147450613402,1.000500010376399
98,1.0001225495214112,0.9910772528249902,0.9996652782789501,1.0020392824801199,0.0,0.7825349931792707,0.4990900095595649,0.04905603977501898
111,1.0000384822506962,1.0001246184336772,0.998572251234376,0.9976335022563985,0.7825349931792707,0.0,0.3147518987767713,0.7431701202194608
112,0.9978622259053851,0.9973626642540441,0.9996575304367584,0.9884147450613402,0.4990900095595649,0.3147518987767713,0.0,0.4559445042128236
115,1.000213370164673,0.9988183191849828,1.0009027654573688,1.000500010376399,0.04905603977501898,0.7431701202194608,0.4559445042128236,0.0
