,1,2,4,25,104,110,111,126
1,0.0,0.035323564961034344,0.11802498494299403,0.02363320311746382,0.9996015501744013,0.8968921586480918,1.0001380931377948,1.0003378503757447
2,0.035323564961034344,0.0,0.12529025274380987,0.010205749326015243,0.999997815872232,0.9319524918632173,0.9970398121512729,1.1760470553825404
4,0.11802498494299403,0.12529025274380987,0.0,0.11374136626485605,1.0001287799355096,0.9938354235206188,1.000007923699301,0.9998872850855889
25,0.02363320311746382,0.010205749326015243,0.11374136626485605,0.0,0.9977568608294664,0.9245168738794985,0.9976335043469153,1.0000536854244348
104,0.9996015501744013,0.999997815872232,1.0001287799355096,0.9977568608294664,0.0,0.2831570582557339,0.17989237501914074,0.34774042900930935
110,0.8968921586480918,0.9319524918632173,0.9938354235206188,0.9245168738794985,0.2831570582557339,0.0,0.11289190827985301,0.1343414652797711
111,1.0001380931377948,0.9970398121512729,1.000007923699301,0.9976335043469153,0.17989237501914074,0.11289190827985301,0.0,0.19026648196754167
126,1.0003378503757447,1.1760470553825404,0.9998872850855889,1.0000536854244348,0.34774042900930935,0.1343414652797711,0.19026648196754167,0.0
