,1,5,6,10,11,13,23,24
1,0.0,0.16635532126299848,0.12459376970403416,0.01162734887460392,0.13388783037522178,0.19373293527491234,0.03984685485196816,0.11384419014220175
5,0.16635532126299848,0.0,0.07770289701714578,0.145881867740731,0.09441615860094968,0.07938204828566074,0.12828947030472107,0.19772042777677848
6,0.12459376970403416,0.07770289701714578,0.0,0.08981849896573726,0.060923329713116633,0.1438514624036926,0.06466618820175962,0.1849557557890319
10,0.01162734887460392,0.145881867740731,0.08981849896573726,0.0,0.1548087271682243,0.1445858774375307,0.03388884740270929,0.13193788918618632
11,0.13388783037522178,0.09441615860094968,0.060923329713116633,0.1548087271682243,0.0,0.17845820850037683,0.18236503495288436,0.1630698797561902
13,0.19373293527491234,0.07938204828566074,0.1438514624036926,0.1445858774375307,0.17845820850037683,0.0,0.17762187725340825,0.14610710895994727
23,0.03984685485196816,0.12828947030472107,0.06466618820175962,0.03388884740270929,0.18236503495288436,0.17762187725340825,0.0,0.16977787925222154
24,0.11384419014220175,0.19772042777677848,0.1849557557890319,0.13193788918618632,0.1630698797561902,0.14610710895994727,0.16977787925222154,0.0
