,100,107,116,117,119,123,124,127
100,0.0,0.6444294391860701,0.25656358708772886,0.09191867389169706,0.22451172567467267,0.3547964995470056,0.1561466419786156,0.1751011299916433
107,0.6444294391860701,0.0,0.8993813535590667,0.5541646648429778,0.8729608749443155,0.2847819403309843,0.7835804061677348,0.4826990786710081
116,0.25656358708772886,0.8993813535590667,0.0,0.34401389637866814,0.0858323980880302,0.6098021549251942,0.13154784075332132,0.4333426248247773
117,0.09191867389169706,0.5541646648429778,0.34401389637866814,0.0,0.30491867844439186,0.2695262111568723,0.234457082220042,0.09129209635996739
119,0.22451172567467267,0.8729608749443155,0.0858323980880302,0.30491867844439186,0.0,0.5703260632372813,0.06952488998295638,0.3847887792981918
123,0.3547964995470056,0.2847819403309843,0.6098021549251942,0.2695262111568723,0.5703260632372813,0.0,0.5048748919162646,0.19943314801487322
124,0.1561466419786156,0.7835804061677348,0.13154784075332132,0.234457082220042,0.06952488998295638,0.5048748919162646,0.0,0.3182345838432554
127,0.1751011299916433,0.4826990786710081,0.4333426248247773,0.09129209635996739,0.3847887792981918,0.19943314801487322,0.3182345838432554,0.0
