,97,99,100,102,108,110,118,123
97,0.0,0.3371860131885454,0.32770034822996597,0.1102667269427857,0.6132209461899761,0.186665663118278,0.14313635562422897,0.0389469271927867
99,0.3371860131885454,0.0,0.663986588905727,0.367121187455971,0.9494318090564848,0.2200999704469454,0.24339669142304524,0.30763643961123605
100,0.32770034822996597,0.663986588905727,0.0,0.3457365405269386,0.2872827529524251,0.48371129906279375,0.4440502855530815,0.354796584137093
102,0.1102667269427857,0.367121187455971,0.3457365405269386,0.0,0.6003202993142028,0.1509480127337135,0.1222608087229309,0.13785835684825318
108,0.6132209461899761,0.9494318090564848,0.2872827529524251,0.6003202993142028,0.0,0.7465750977251154,0.7120837601226014,0.6406189330748457
110,0.186665663118278,0.2200999704469454,0.48371129906279375,0.1509480127337135,0.7465750977251154,0.0,0.044839171973221896,0.16318198667165992
118,0.14313635562422897,0.24339669142304524,0.4440502855530815,0.1222608087229309,0.7120837601226014,0.044839171973221896,0.0,0.11885924036834668
123,0.0389469271927867,0.30763643961123605,0.354796584137093,0.13785835684825318,0.6406189330748457,0.16318198667165992,0.11885924036834668,0.0
