,98,104,105,110,111,113,118,126
98,0.0,0.9684296870341705,0.4851619326457343,0.6936317011132119,0.7825352380535905,0.6667559881912312,0.6509080351675687,0.6509725774133517
104,0.9684296870341705,0.0,0.48504855879039366,0.28315719327557304,0.17989250368824009,0.3328579018227934,0.3209601680761656,0.34774055337100007
105,0.4851619326457343,0.48504855879039366,0.0,0.21390465854900553,0.30270213405399465,0.21458737079065385,0.17963562775731678,0.19289139368970323
110,0.6936317011132119,0.28315719327557304,0.21390465854900553,0.0,0.11289201594201781,0.14441360311843665,0.04483915059224366,0.13434156136830924
111,0.7825352380535905,0.17989250368824009,0.30270213405399465,0.11289201594201781,0.0,0.18126324387000675,0.14411735417440671,0.19026661805678316
113,0.6667559881912312,0.3328579018227934,0.21458737079065385,0.14441360311843665,0.18126324387000675,0.0,0.11850791289865754,0.02248793802607493
118,0.6509080351675687,0.3209601680761656,0.17963562775731678,0.04483915059224366,0.14411735417440671,0.11850791289865754,0.0,0.10359501841812925
126,0.6509725774133517,0.34774055337100007,0.19289139368970323,0.13434156136830924,0.19026661805678316,0.02248793802607493,0.10359501841812925,0.0
