,96,100,102,103,107,113,118,119
96,0.0,0.599684112819152,0.2816451404882685,0.0929292379360184,0.1138038091613035,0.1766968020891924,0.16211287638741373,0.8131335971115206
100,0.599684112819152,0.0,0.34573645809693365,0.6777506922013219,0.6444294391860701,0.44493273937822087,0.44405020615071,0.22451172567467267
102,0.2816451404882685,0.34573645809693365,0.0,0.37330059781212444,0.3616319745639493,0.20457171187150386,0.1222607504244482,0.5634625130989869
103,0.0929292379360184,0.6777506922013219,0.37330059781212444,0.0,0.06998826857089165,0.23789481047667346,0.2517442163238572,0.8933839721765457
107,0.1138038091613035,0.6444294391860701,0.3616319745639493,0.06998826857089165,0.0,0.1924809661954759,0.24123108853317565,0.8729608749443155
113,0.1766968020891924,0.44493273937822087,0.20457171187150386,0.23789481047667346,0.1924809661954759,0.0,0.11850791289865754,0.6598869434931491
118,0.16211287638741373,0.44405020615071,0.1222607504244482,0.2517442163238572,0.24123108853317565,0.11850791289865754,0.0,0.6646996684722555
119,0.8131335971115206,0.22451172567467267,0.5634625130989869,0.8933839721765457,0.8729608749443155,0.6598869434931491,0.6646996684722555,0.0
