,3,7,8,31,103,112,119,123
3,0.0,0.1446924177899582,0.20242981573519303,0.04555672198323555,1.0078084108415288,0.9998894032295668,1.0003081007593633,1.0000885710983234
7,0.1446924177899582,0.0,0.1667501900723618,0.17693464707316647,0.9999915259427126,0.9978622279963812,0.9980575223303519,0.9997336113985414
8,0.20242981573519303,0.1667501900723618,0.0,0.18955839256592147,0.9286574327107908,0.8902663351955,0.9997241731992728,0.9246916092655548
31,0.04555672198323555,0.17693464707316647,0.18955839256592147,0.0,0.9972501939357623,1.0000041774279396,0.9999007616629474,0.9998972711928988
103,1.0078084108415288,0.9999915259427126,0.9286574327107908,0.9972501939357623,0.0,0.39635378899064644,0.893383945551629,0.32072483179467615
112,0.9998894032295668,0.9978622279963812,0.8902663351955,1.0000041774279396,0.39635378899064644,0.0,0.49925022869654373,0.07938361917208178
119,1.0003081007593633,0.9980575223303519,0.9997241731992728,0.9999007616629474,0.893383945551629,0.49925022869654373,0.0,0.5703259612550432
123,1.0000885710983234,0.9997336113985414,0.9246916092655548,0.9998972711928988,0.32072483179467615,0.07938361917208178,0.5703259612550432,0.0
