,96,105,108,111,119,122,125,126
96,0.0,0.3344913059073932,0.876243258296056,0.07145413300553169,0.8131335971115206,0.09959419952024028,0.18625189616687007,0.18684162803467771
105,0.3344913059073932,0.0,0.545531548229049,0.30270213405399465,0.5022291304728611,0.3859393430657045,0.5013593392935056,0.19289139368970323
108,0.876243258296056,0.545531548229049,0.0,0.8396511961194248,0.13372047567340264,0.9272833539434695,1.0000402407442428,0.7167158283367889
111,0.07145413300553169,0.30270213405399465,0.8396511961194248,0.0,0.8030825513179582,0.1440677121579087,0.22693896183967127,0.19026661805678316
119,0.8131335971115206,0.5022291304728611,0.13372047567340264,0.8030825513179582,0.0,0.8563917465212236,0.9843183686129533,0.6536080618379217
122,0.09959419952024028,0.3859393430657045,0.9272833539434695,0.1440677121579087,0.8563917465212236,0.0,0.12635094462520263,0.20452226132061432
125,0.18625189616687007,0.5013593392935056,1.0000402407442428,0.22693896183967127,0.9843183686129533,0.12635094462520263,0.0,0.32990820173930113
126,0.18684162803467771,0.19289139368970323,0.7167158283367889,0.19026661805678316,0.6536080618379217,0.20452226132061432,0.32990820173930113,0.0
