,5,14,27,31,100,101,115,118
5,0.0,0.08843008228901833,0.1727091296572757,0.12464520048388127,0.9970678512828073,1.0000099140952758,0.9916060705644483,1.0000279234979177
14,0.08843008228901833,0.0,0.188328775954045,0.1765995978724098,0.9876460097453713,0.9998205374977156,0.9430181708920864,1.0002085795659157
27,0.1727091296572757,0.188328775954045,0.0,0.23078245969258443,0.9256572134165896,0.8995734825600903,0.9199101010683411,0.8698093609680213
31,0.12464520048388127,0.1765995978724098,0.23078245969258443,0.0,1.3137391250086685,0.9999236134898938,1.0030400760109115,0.9984520274814057
100,0.9970678512828073,0.9876460097453713,0.9256572134165896,1.3137391250086685,0.0,0.4792032202076725,0.1765971137169953,0.44405007381345574
101,1.0000099140952758,0.9998205374977156,0.8995734825600903,0.9999236134898938,0.4792032202076725,0.0,0.6526130904441508,0.11762776448388741
115,0.9916060705644483,0.9430181708920864,0.9199101010683411,1.0030400760109115,0.1765971137169953,0.6526130904441508,0.0,0.6073234856399687
118,1.0000279234979177,1.0002085795659157,0.8698093609680213,0.9984520274814057,0.44405007381345574,0.11762776448388741,0.6073234856399687,0.0
