,8,21,22,28,108,116,125,126
8,0.0,0.20685482249079698,0.1300711014700833,0.15469431380115228,0.9999646791273987,0.9999567981195425,0.9986447848270223,0.9943045989672498
21,0.20685482249079698,0.0,0.1190185229569363,0.18551064184070903,1.0252602175869177,1.0017793404383781,1.0000165694136116,1.000058352183108
22,0.1300711014700833,0.1190185229569363,0.0,0.09570733454875079,1.005235755017476,1.0032436471585608,0.9951993956799983,0.9997678416576022
28,0.15469431380115228,0.18551064184070903,0.09570733454875079,0.0,1.0004636415659838,0.9951693184077544,0.9999988441480668,1.0099014954030687
108,0.9999646791273987,1.0252602175869177,1.005235755017476,1.0004636415659838,0.0,0.057022597520563933,1.0000402407333284,0.7167158710563826
116,0.9999567981195425,1.0017793404383781,1.0032436471585608,0.9951693184077544,0.057022597520563933,0.0,0.99978047928039,0.6867645455798852
125,0.9986447848270223,1.0000165694136116,0.9951993956799983,0.9999988441480668,1.0000402407333284,0.99978047928039,0.0,0.3299082803955552
126,0.9943045989672498,1.000058352183108,0.9997678416576022,1.0099014954030687,0.7167158710563826,0.6867645455798852,0.3299082803955552,0.0
