,98,101,102,106,111,117,118,126
98,0.0,0.6962369744703011,0.5432676350522823,0.09398590699111954,0.7825352380535905,0.3116671381073846,0.6509080351675687,0.6509725774133517
101,0.6962369744703011,0.0,0.22658994621181358,0.6208720045764592,0.1770210198343896,0.38581337193966825,0.11762787666251878,0.058208811884959265
102,0.5432676350522823,0.22658994621181358,0.0,0.48014425693078444,0.25223244572531855,0.2724044815549795,0.1222607504244482,0.18396798672687265
106,0.09398590699111954,0.6208720045764592,0.48014425693078444,0.0,0.7143420595779308,0.23265429333634802,0.5886523863585326,0.5791219295767254
111,0.7825352380535905,0.1770210198343896,0.25223244572531855,0.7143420595779308,0.0,0.49962731096078195,0.14411735417440671,0.19026661805678316
117,0.3116671381073846,0.38581337193966825,0.2724044815549795,0.23265429333634802,0.49962731096078195,0.0,0.3612693436611898,0.34864629654575374
118,0.6509080351675687,0.11762787666251878,0.1222607504244482,0.5886523863585326,0.14411735417440671,0.3612693436611898,0.0,0.10359501841812925
126,0.6509725774133517,0.058208811884959265,0.18396798672687265,0.5791219295767254,0.19026661805678316,0.34864629654575374,0.10359501841812925,0.0
