,2,22,28,29,96,98,103,116
2,0.0,0.1295993458149436,0.24763508675641727,0.18762219435922683,0.9492960827979879,0.9995236368188264,0.9809245149026046,1.007480070694324
22,0.1295993458149436,0.0,0.09570722045678523,0.09473775074780408,0.901773989062377,1.0005995951343003,0.8891925167446365,1.0032436490272478
28,0.24763508675641727,0.09570722045678523,0.0,0.08535072154622908,0.9252914717953217,0.9887257242325712,0.9596609882911047,0.9951693160906953
29,0.18762219435922683,0.09473775074780408,0.08535072154622908,0.0,0.9927698115616242,0.992865402941523,1.000156848548964,0.9739855953487391
96,0.9492960827979879,0.901773989062377,0.9252914717953217,0.9927698115616242,0.0,0.8069769936513933,0.09292917146787157,0.8433023284595655
98,0.9995236368188264,1.0005995951343003,0.9887257242325712,0.992865402941523,0.8069769936513933,0.0,0.8885158516650928,0.04668599615272051
103,0.9809245149026046,0.8891925167446365,0.9596609882911047,1.000156848548964,0.09292917146787157,0.8885158516650928,0.0,0.9315226718688291
116,1.007480070694324,1.0032436490272478,0.9951693160906953,0.9739855953487391,0.8433023284595655,0.04668599615272051,0.9315226718688291,0.0
