,2,9,12,15,16,22,23,29
2,0.0,0.15638163588238455,0.0972445719456583,0.11181187369965695,0.10731426692478614,0.12959950030949507,0.07072354017811888,0.18762235092345161
9,0.15638163588238455,0.0,0.06591960776490755,0.0830206177003206,0.04421266924427791,0.08963941779725547,0.13822102190116886,0.14263530404768382
12,0.0972445719456583,0.06591960776490755,0.0,0.029780428699551165,0.132882589332301,0.09518739702852339,0.18899885659592314,0.19660534718920186
15,0.11181187369965695,0.0830206177003206,0.029780428699551165,0.0,0.1306070868273316,0.12149814623401682,0.20153264539917398,0.22590814711922505
16,0.10731426692478614,0.04421266924427791,0.132882589332301,0.1306070868273316,0.0,0.12432842634385034,0.10308778642435126,0.12425141011251875
22,0.12959950030949507,0.08963941779725547,0.09518739702852339,0.12149814623401682,0.12432842634385034,0.0,0.24547449310649083,0.094737863684071
23,0.07072354017811888,0.13822102190116886,0.18899885659592314,0.20153264539917398,0.10308778642435126,0.24547449310649083,0.0,0.21988070414461502
29,0.18762235092345161,0.14263530404768382,0.19660534718920186,0.22590814711922505,0.12425141011251875,0.094737863684071,0.21988070414461502,0.0
