,4,8,9,12,13,17,24,27
4,0.0,0.1550604683513706,0.06742403378278274,0.08061746691952068,0.14136842531616503,0.2078715878786845,0.1860638654959669,0.16487186629260203
8,0.1550604683513706,0.0,0.16354935736513837,0.1895929467134125,0.12851898305131973,0.05456995679330366,0.032089730043576334,0.04671334142461015
9,0.06742403378278274,0.16354935736513837,0.0,0.06591951346621969,0.07712357911916932,0.2009137399143922,0.18243398427535826,0.1767845550168594
12,0.08061746691952068,0.1895929467134125,0.06591951346621969,0.0,0.14998891183901583,0.19611955647345922,0.18394778966737726,0.21678633426537008
13,0.14136842531616503,0.12851898305131973,0.07712357911916932,0.14998891183901583,0.0,0.15169196529609685,0.14610797982877555,0.1126796637819744
17,0.2078715878786845,0.05456995679330366,0.2009137399143922,0.19611955647345922,0.15169196529609685,0.0,0.03128778206622286,0.053833606159333275
24,0.1860638654959669,0.032089730043576334,0.18243398427535826,0.18394778966737726,0.14610797982877555,0.03128778206622286,0.0,0.06831822369436813
27,0.16487186629260203,0.04671334142461015,0.1767845550168594,0.21678633426537008,0.1126796637819744,0.053833606159333275,0.06831822369436813,0.0
