,1,6,12,13,14,20,23,30
1,0.0,0.12459403705354684,0.17116050666407942,0.19373325860190022,0.238841221933552,0.057751820367950346,0.03984699735568071,0.15719261407868312
6,0.12459403705354684,0.0,0.12181830966162506,0.14385175392730876,0.1545035487380421,0.04515602994363372,0.06466637321347277,0.1591152620277645
12,0.17116050666407942,0.12181830966162506,0.0,0.14998832179781293,0.12334474898117194,0.13512999862694444,0.18899802297224302,0.03152026925532954
13,0.19373325860190022,0.14385175392730876,0.14998832179781293,0.0,0.07417439711078118,0.1798004430341065,0.17762221604057607,0.16221194912266598
14,0.238841221933552,0.1545035487380421,0.12334474898117194,0.07417439711078118,0.0,0.19480427358672314,0.20838425279800157,0.10832985728585874
20,0.057751820367950346,0.04515602994363372,0.13512999862694444,0.1798004430341065,0.19480427358672314,0.0,0.08708123018625018,0.12297752427986483
23,0.03984699735568071,0.06466637321347277,0.18899802297224302,0.17762221604057607,0.20838425279800157,0.08708123018625018,0.0,0.2197012788304128
30,0.15719261407868312,0.1591152620277645,0.03152026925532954,0.16221194912266598,0.10832985728585874,0.12297752427986483,0.2197012788304128,0.0
