,0,13,15,28,109,110,111,120
0,0.0,0.0825607631556638,0.17284521167560118,0.11672033657990577,0.9995296041196398,1.0002342221076952,1.0000155336389538,0.999345589561338
13,0.0825607631556638,0.0,0.1802610460007961,0.10713038659389998,1.0006053860925068,0.9999706454543484,0.9999072778871391,0.9997323719936952
15,0.17284521167560118,0.1802610460007961,0.0,0.2223828600209958,1.000117659818107,0.997174084129069,0.9999609650419189,1.001649075901325
28,0.11672033657990577,0.10713038659389998,0.2223828600209958,0.0,0.9984619604024894,0.8903205815309785,0.9817529419542281,0.9914994687110485
109,0.9995296041196398,1.0006053860925068,1.000117659818107,0.9984619604024894,0.0,0.2532587496680859,0.1472392093705669,0.5725315354151603
110,1.0002342221076952,0.9999706454543484,0.997174084129069,0.8903205815309785,0.2532587496680859,0.0,0.1128920697731387,0.34149524463528463
111,1.0000155336389538,0.9999072778871391,0.9999609650419189,0.9817529419542281,0.1472392093705669,0.1128920697731387,0.0,0.42668766882146125
120,0.999345589561338,0.9997323719936952,1.001649075901325,0.9914994687110485,0.5725315354151603,0.34149524463528463,0.42668766882146125,0.0
