,1,10,11,15,16,19,21,26
1,0.0,0.01162745421776902,0.13388837303920822,0.17174540280504777,0.12028362831589937,0.1928433642725926,0.1986810912031187,0.12936926085714456
10,0.01162745421776902,0.0,0.15480933617248877,0.19208430326713383,0.09468055454162591,0.1951952675444849,0.21650895863820355,0.10590815835747831
11,0.13388837303920822,0.15480933617248877,0.0,0.037797386539372015,0.09456274853602656,0.20410394682354616,0.09474425609624207,0.2043938140474605
15,0.17174540280504777,0.19208430326713383,0.037797386539372015,0.0,0.13060668201893014,0.22054244554454686,0.059773062231672,0.24735568628122334
16,0.12028362831589937,0.09468055454162591,0.09456274853602656,0.13060668201893014,0.0,0.1442005815539641,0.15521367081117912,0.09639126118103321
19,0.1928433642725926,0.1951952675444849,0.20410394682354616,0.22054244554454686,0.1442005815539641,0.0,0.21833596248225914,0.13650156542213615
21,0.1986810912031187,0.21650895863820355,0.09474425609624207,0.059773062231672,0.15521367081117912,0.21833596248225914,0.0,0.26489005449606096
26,0.12936926085714456,0.10590815835747831,0.2043938140474605,0.24735568628122334,0.09639126118103321,0.13650156542213615,0.26489005449606096,0.0
