,1,2,4,6,21,25,28,31
1,0.0,0.03532329546464905,0.11802445029657004,0.12459397764249444,0.1986806885647873,0.023633005907471902,0.2284278840807156,0.1550493040257498
2,0.03532329546464905,0.0,0.12528968518613873,0.10907209816918613,0.1679182483190599,0.01020564713043629,0.24763428970682547,0.1380161312623651
4,0.11802445029657004,0.12528968518613873,0.0,0.03894701076391574,0.12066901512385214,0.11374082390505054,0.18597549703055602,0.07139521277605197
6,0.12459397764249444,0.10907209816918613,0.03894701076391574,0.0,0.1814528690579196,0.10716806748404378,0.2255377817159045,0.1166559596611364
21,0.1986806885647873,0.1679182483190599,0.12066901512385214,0.1814528690579196,0.0,0.12693189997159834,0.1855097572591453,0.06154503842283377
25,0.023633005907471902,0.01020564713043629,0.11374082390505054,0.10716806748404378,0.12693189997159834,0.0,0.24089216694222632,0.11090694330062381
28,0.2284278840807156,0.24763428970682547,0.18597549703055602,0.2255377817159045,0.1855097572591453,0.24089216694222632,0.0,0.23173328165535562
31,0.1550493040257498,0.1380161312623651,0.07139521277605197,0.1166559596611364,0.06154503842283377,0.11090694330062381,0.23173328165535562,0.0
