,0,5,9,12,13,16,20,24
0,0.0,0.08982061901624855,0.07371182050582989,0.11848115891872933,0.08256048757984594,0.11596087934117515,0.20507450271683406,0.22950474825417502
5,0.08982061901624855,0.0,0.01754413615362458,0.08104011941502764,0.07938250251468411,0.05154798552070048,0.13358558959001196,0.19772118202179229
9,0.07371182050582989,0.01754413615362458,0.0,0.06591937201844082,0.07712343201775641,0.04421249004557082,0.13612397026439926,0.18243372330163707
12,0.11848115891872933,0.08104011941502764,0.06591937201844082,0.0,0.14998867939826488,0.1328822091527072,0.1351303530199341,0.18394754845639688
13,0.08256048757984594,0.07938250251468411,0.07712343201775641,0.14998867939826488,0.0,0.07684200875012742,0.17980085027834614,0.14610775340238083
16,0.11596087934117515,0.05154798552070048,0.04421249004557082,0.1328822091527072,0.07684200875012742,0.0,0.10530264731798283,0.12469956606763438
20,0.20507450271683406,0.13358558959001196,0.13612397026439926,0.1351303530199341,0.17980085027834614,0.10530264731798283,0.0,0.15324688912207587
24,0.22950474825417502,0.19772118202179229,0.18243372330163707,0.18394754845639688,0.14610775340238083,0.12469956606763438,0.15324688912207587,0.0
