,2,3,6,8,20,21,25,31
2,0.0,0.19889896708252358,0.10907209816918613,0.12165528011615223,0.07719331837967493,0.1679182483190599,0.01020564713043629,0.1380161312623651
3,0.19889896708252358,0.0,0.060761515780294914,0.20242909179105203,0.11234301287575779,0.08549407980954207,0.18327448893298132,0.04555654819846424
6,0.10907209816918613,0.060761515780294914,0.0,0.16543864505185157,0.045155997645535774,0.1814528690579196,0.10716806748404378,0.1166559596611364
8,0.12165528011615223,0.20242909179105203,0.16543864505185157,0.0,0.1389449266947445,0.20685391010920123,0.11491856385910133,0.18955766945941888
20,0.07719331837967493,0.11234301287575779,0.045155997645535774,0.1389449266947445,0.0,0.15615293368139627,0.06910691063801915,0.09884721563806548
21,0.1679182483190599,0.08549407980954207,0.1814528690579196,0.20685391010920123,0.15615293368139627,0.0,0.12693189997159834,0.06154503842283377
25,0.01020564713043629,0.18327448893298132,0.10716806748404378,0.11491856385910133,0.06910691063801915,0.12693189997159834,0.0,0.11090694330062381
31,0.1380161312623651,0.04555654819846424,0.1166559596611364,0.18955766945941888,0.09884721563806548,0.06154503842283377,0.11090694330062381,0.0
