,4,6,9,19,20,22,24,25
4,0.0,0.03894701076391574,0.06742361583037752,0.17071583090671377,0.06742691129466137,0.13813059150416837,0.18606315572000176,0.11374082390505054
6,0.03894701076391574,0.0,0.08641404482159501,0.20956149280406688,0.045155997645535774,0.16605837790932435,0.1849560203705521,0.10716806748404378
9,0.06742361583037752,0.08641404482159501,0.0,0.15288237444883612,0.13612358081115353,0.08963881939157942,0.18243328834626468,0.15363725251337654
19,0.17071583090671377,0.20956149280406688,0.15288237444883612,0.0,0.2064323769721104,0.10464364909380212,0.12559522323933658,0.20450565856522934
20,0.06742691129466137,0.045155997645535774,0.13612358081115353,0.2064323769721104,0.0,0.17151363385265725,0.153246468948238,0.06910691063801915
22,0.13813059150416837,0.16605837790932435,0.08963881939157942,0.10464364909380212,0.17151363385265725,0.0,0.14008629417753507,0.15284022583669568
24,0.18606315572000176,0.1849560203705521,0.18243328834626468,0.12559522323933658,0.153246468948238,0.14008629417753507,0.0,0.10016979945964723
25,0.11374082390505054,0.10716806748404378,0.15363725251337654,0.20450565856522934,0.06910691063801915,0.15284022583669568,0.10016979945964723,0.0
