,1,2,11,27,103,108,112,121
1,0.0,0.03532349758674526,0.13388850072517175,0.153428932683453,0.9995083368353469,1.0000831272033563,0.9359639396244377,1.0000949854508805
2,0.03532349758674526,0.0,0.07876109994155794,0.15814832040106427,0.9809245039399188,1.0915418747422168,0.9997246208673954,0.9999484070607719
11,0.13388850072517175,0.07876109994155794,0.0,0.20078068948084482,0.9750680738530815,1.0459095200535506,1.0001387880297272,1.0048641776146583
27,0.153428932683453,0.15814832040106427,0.20078068948084482,0.0,0.9965495940767313,0.7341011188816589,0.8071133193664647,0.9093224266734542
103,0.9995083368353469,0.9809245039399188,0.9750680738530815,0.9965495940767313,0.0,0.8810585205449206,0.39635355274544887,0.7667824669265295
108,1.0000831272033563,1.0915418747422168,1.0459095200535506,0.7341011188816589,0.8810585205449206,0.0,0.5677062598836413,0.23255627234613419
112,0.9359639396244377,0.9997246208673954,1.0001387880297272,0.8071133193664647,0.39635355274544887,0.5677062598836413,0.0,0.36540723498920347
121,1.0000949854508805,0.9999484070607719,1.0048641776146583,0.9093224266734542,0.7667824669265295,0.23255627234613419,0.36540723498920347,0.0
