,7,20,25,28,96,109,110,127
7,0.0,0.05918312232529728,0.06715561628852594,0.25824342537979506,0.9999886554103377,1.003038109151875,0.9995504228697771,0.9999990367023294
20,0.05918312232529728,0.0,0.06910722368978557,0.22485258133715377,0.9925499067237281,1.0000104855639107,0.9755461273813308,1.0000422482200868
25,0.06715561628852594,0.06910722368978557,0.0,0.24089274127459256,0.9667584471525499,0.9996886748551648,0.9245168394385618,0.872431201528264
28,0.25824342537979506,0.22485258133715377,0.24089274127459256,0.0,0.9252914304315705,0.998461958542709,0.890320462129692,0.991743743334697
96,0.9999886554103377,0.9925499067237281,0.9667584471525499,0.9252914304315705,0.0,0.1442788002927502,0.13079586413121952,0.45311814891508784
109,1.003038109151875,1.0000104855639107,0.9996886748551648,0.998461958542709,0.1442788002927502,0.0,0.253258357188047,0.5820685697226641
110,0.9995504228697771,0.9755461273813308,0.9245168394385618,0.890320462129692,0.13079586413121952,0.253258357188047,0.0,0.3537863276222597
127,0.9999990367023294,1.0000422482200868,0.872431201528264,0.991743743334697,0.45311814891508784,0.5820685697226641,0.3537863276222597,0.0
