,97,101,108,110,111,115,122,124
97,0.0,0.15356203296327253,0.6132209461899761,0.186665663118278,0.2799963301085925,0.5019290001773339,0.31552285458000934,0.4757080392309465
101,0.15356203296327253,0.0,0.7555418252827402,0.14349933949014743,0.17702108314205092,0.6526132654886457,0.16883676829877897,0.620915785229779
108,0.6132209461899761,0.7555418252827402,0.0,0.7465750977251154,0.8396512336547591,0.11437892930321086,0.9272833677610683,0.1774577685373124
110,0.186665663118278,0.14349933949014743,0.7465750977251154,0.0,0.1128920697731387,0.6407411903797166,0.21536905688849853,0.640322294060735
111,0.2799963301085925,0.17702108314205092,0.8396512336547591,0.1128920697731387,0.0,0.7431704524424677,0.14406778085476352,0.7297422032819146
115,0.5019290001773339,0.6526132654886457,0.11437892930321086,0.6407411903797166,0.7431704524424677,0.0,0.8108525503398808,0.09241002648638026
122,0.31552285458000934,0.16883676829877897,0.9272833677610683,0.21536905688849853,0.14406778085476352,0.8108525503398808,0.0,0.7919768083030946
124,0.4757080392309465,0.620915785229779,0.1774577685373124,0.640322294060735,0.7297422032819146,0.09241002648638026,0.7919768083030946,0.0
