,0,4,5,6,13,15,21,24
0,0.0,0.13713841287656398,0.08982031920808788,0.15949108222513256,0.08256019232106182,0.17284438748737077,0.10087517649625408,0.22950428314998053
4,0.13713841287656398,0.0,0.09417423287388588,0.0389470293353021,0.14136781863000317,0.06946399976885169,0.12066904389359069,0.1860631779004597
5,0.08982031920808788,0.09417423287388588,0.0,0.07770308227550962,0.07938223754743795,0.11493388076464209,0.10831358696191232,0.19772073418846833
6,0.15949108222513256,0.0389470293353021,0.07770308227550962,0.0,0.14385171963038207,0.09832555076031195,0.1814528906887885,0.1849560424190292
13,0.08256019232106182,0.14136781863000317,0.07938223754743795,0.14385171963038207,0.0,0.18026020793988637,0.19017428120474683,0.14610737022005074
15,0.17284438748737077,0.06946399976885169,0.11493388076464209,0.09832555076031195,0.18026020793988637,0.0,0.05977286271788506,0.1957197114730228
21,0.10087517649625408,0.12066904389359069,0.10831358696191232,0.1814528906887885,0.19017428120474683,0.05977286271788506,0.0,0.20395344157852036
24,0.22950428314998053,0.1860631779004597,0.19772073418846833,0.1849560424190292,0.14610737022005074,0.1957197114730228,0.20395344157852036,0.0
