,0,4,6,8,18,25,29,30
0,0.0,0.13713851096563567,0.1594911772892539,0.20322958959307888,0.0199508544140361,0.2508375028993426,0.14093658548373364,0.09978812440836933
4,0.13713851096563567,0.0,0.038947066478101394,0.15505991381291412,0.13710768175551563,0.11374093237680474,0.15279708702558115,0.10085887156410239
6,0.1594911772892539,0.038947066478101394,0.0,0.16543878310467255,0.13538751655661385,0.10716816968752602,0.1882531328309227,0.15911531893182668
8,0.20322958959307888,0.15505991381291412,0.16543878310467255,0.0,0.19514133724733965,0.11491867345403642,0.09370331980344794,0.17910269146498647
18,0.0199508544140361,0.13710768175551563,0.13538751655661385,0.19514133724733965,0.0,0.25074954616783063,0.14293619100354168,0.10343839722364394
25,0.2508375028993426,0.11374093237680474,0.10716816968752602,0.11491867345403642,0.25074954616783063,0.0,0.18214653073996365,0.14774019445958675
29,0.14093658548373364,0.15279708702558115,0.1882531328309227,0.09370331980344794,0.14293619100354168,0.18214653073996365,0.0,0.1914757184334318
30,0.09978812440836933,0.10085887156410239,0.15911531893182668,0.17910269146498647,0.10343839722364394,0.14774019445958675,0.1914757184334318,0.0
