,5,14,17,29,98,104,123,124
5,0.0,0.08843008228901833,0.2226934304569333,0.12920453529365436,0.9682748252490146,1.0279976851826418,1.0000695780448057,0.9960044777132642
14,0.08843008228901833,0.0,0.2345260995985839,0.13574007303324898,0.9211725093226626,1.0028545916908498,0.9963046061681426,0.9391882762833246
17,0.2226934304569333,0.2345260995985839,0.0,0.11792794410388044,0.9999534963289389,0.9104672579392167,0.9483631961884399,1.0000193733088367
29,0.12920453529365436,0.13574007303324898,0.11792794410388044,0.0,0.9928654024791841,0.9999376934922986,0.9561476463197499,0.9205895904150767
98,0.9682748252490146,0.9211725093226626,0.9999534963289389,0.9928654024791841,0.0,0.9684296726034438,0.5768548979781898,0.11853820558102236
104,1.0279976851826418,1.0028545916908498,0.9104672579392167,0.9999376934922986,0.9684296726034438,0.0,0.41167040642678643,0.9120400759564081
123,1.0000695780448057,0.9963046061681426,0.9483631961884399,0.9561476463197499,0.5768548979781898,0.41167040642678643,0.0,0.5048747715447246
124,0.9960044777132642,0.9391882762833246,1.0000193733088367,0.9205895904150767,0.11853820558102236,0.9120400759564081,0.5048747715447246,0.0
