,2,3,7,10,21,23,25,29
2,0.0,0.19889937016320952,0.06615568206791148,0.027550491970632238,0.16791862865037724,0.07072325352799849,0.010205705527784669,0.1876218812311692
3,0.19889937016320952,0.0,0.14469212456268973,0.14087337768610944,0.08549434479385412,0.08057605694586495,0.1832748821977924,0.18603168431397413
7,0.06615568206791148,0.14469212456268973,0.0,0.04514737487985487,0.22979880054172958,0.03171234982977505,0.0671555362328406,0.19747519155494359
10,0.027550491970632238,0.14087337768610944,0.04514737487985487,0.0,0.21650895863820355,0.03388908979550151,0.015484720492020982,0.17490552768904585
21,0.16791862865037724,0.08549434479385412,0.22979880054172958,0.21650895863820355,0.0,0.23615363031309236,0.12693223286419045,0.20985525819607534
23,0.07072325352799849,0.08057605694586495,0.03171234982977505,0.03388908979550151,0.23615363031309236,0.0,0.05385620037958143,0.2198801799087894
25,0.010205705527784669,0.1832748821977924,0.0671555362328406,0.015484720492020982,0.12693223286419045,0.05385620037958143,0.0,0.1821467913028523
29,0.1876218812311692,0.18603168431397413,0.19747519155494359,0.17490552768904585,0.20985525819607534,0.2198801799087894,0.1821467913028523,0.0
