,2,8,9,15,20,24,25,29
2,0.0,0.12165583121010193,0.15638144946105853,0.11181171375160304,0.07719374168022508,0.10432172947960619,0.010205749326015243,0.18762217199291967
8,0.12165583121010193,0.0,0.16354933786853684,0.19867517013341757,0.13894552298295992,0.032089714742004304,0.11491911183482195,0.09370372193533338
9,0.15638144946105853,0.16354933786853684,0.0,0.0830204989384593,0.13612416499143998,0.1824339625275339,0.153637875224221,0.14263513401325256
15,0.11181171375160304,0.19867517013341757,0.0830204989384593,0.0,0.12048879237250308,0.19572020143739896,0.13671198123477132,0.22590793167653
20,0.07719374168022508,0.13894552298295992,0.13612416499143998,0.12048879237250308,0.0,0.1532470900751882,0.06910732254853275,0.18885314098356246
24,0.10432172947960619,0.032089714742004304,0.1824339625275339,0.19572020143739896,0.1532470900751882,0.0,0.10017030099006913,0.1143818472370431
25,0.010205749326015243,0.11491911183482195,0.153637875224221,0.13671198123477132,0.06910732254853275,0.10017030099006913,0.0,0.18214707357973564
29,0.18762217199291967,0.09370372193533338,0.14263513401325256,0.22590793167653,0.18885314098356246,0.1143818472370431,0.18214707357973564,0.0
