,101,106,108,111,112,119,120,123
101,0.0,0.6208720045764592,0.7555417802489394,0.1770210198343896,0.19541910481073746,0.6883387379788275,0.3096655883642031,0.122849930685933
106,0.6208720045764592,0.0,0.15224257968014868,0.7143420595779308,0.4266738337293534,0.0984737729554761,0.31323456492706453,0.4974684933149967
108,0.7555417802489394,0.15224257968014868,0.0,0.8396511961194248,0.5677065644250927,0.13372047567340264,0.4562892857419324,0.6406188757990523
111,0.1770210198343896,0.7143420595779308,0.8396511961194248,0.0,0.3147523490332962,0.8030825513179582,0.42668759252376726,0.24010412598987538
112,0.19541910481073746,0.4266738337293534,0.5677065644250927,0.3147523490332962,0.0,0.49925034772708804,0.12898246998987903,0.07938369487823663
119,0.6883387379788275,0.0984737729554761,0.13372047567340264,0.8030825513179582,0.49925034772708804,0.0,0.38627612720424825,0.5703260632372813
120,0.3096655883642031,0.31323456492706453,0.4562892857419324,0.42668759252376726,0.12898246998987903,0.38627612720424825,0.0,0.19264415502984109
123,0.122849930685933,0.4974684933149967,0.6406188757990523,0.24010412598987538,0.07938369487823663,0.5703260632372813,0.19264415502984109,0.0
