,97,99,100,103,109,116,118,120
97,0.0,0.3371861337756822,0.327700504489706,0.35709780227618826,0.42060378695766776,0.5811591880848994,0.14313645800336516,0.16909948779289635
99,0.3371861337756822,0.0,0.6639867076357919,0.03593670219338605,0.15685580783567668,0.9252141937456639,0.2433968364988218,0.503302074446319
100,0.327700504489706,0.6639867076357919,0.0,0.677750873988248,0.7287998619234924,0.25656380118115873,0.4440504443578671,0.17206748875994948
103,0.35709780227618826,0.03593670219338605,0.677750873988248,0.0,0.12108429997731203,0.9315227343322938,0.25174445640596504,0.5156011575098096
109,0.42060378695766776,0.15685580783567668,0.7287998619234924,0.12108429997731203,0.0,0.9720341804761362,0.2924797791007737,0.5725316377917858
116,0.5811591880848994,0.9252141937456639,0.25656380118115873,0.9315227343322938,0.9720341804761362,0.0,0.6916121970131025,0.4293317349440515
118,0.14313645800336516,0.2433968364988218,0.4440504443578671,0.25174445640596504,0.2924797791007737,0.6916121970131025,0.0,0.2980107000488607
120,0.16909948779289635,0.503302074446319,0.17206748875994948,0.5156011575098096,0.5725316377917858,0.4293317349440515,0.2980107000488607,0.0
