,11,15,19,22,24,27,29,30
11,0.0,0.037797359504584106,0.2041038738302997,0.11320296815087649,0.1630704435010555,0.20078045013175402,0.19706067217871984,0.086925407252215
15,0.037797359504584106,0.0,0.2205423666724362,0.12149768275625462,0.19571992145760525,0.24327888942924353,0.2259075277220306,0.045710912486012834
19,0.2041038738302997,0.2205423666724362,0.0,0.10464387363495418,0.12559549273773774,0.058840853237901114,0.020988847628724248,0.2027049570274772
22,0.11320296815087649,0.12149768275625462,0.10464387363495418,0.0,0.140086578070812,0.15053456471031365,0.09473745711414017,0.12713906724304613
24,0.1630704435010555,0.19571992145760525,0.12559549273773774,0.140086578070812,0.0,0.06831797936979772,0.11438154725910403,0.18652419224692318
27,0.20078045013175402,0.24327888942924353,0.058840853237901114,0.15053456471031365,0.06831797936979772,0.0,0.059870176154656785,0.21764864062774478
29,0.19706067217871984,0.2259075277220306,0.020988847628724248,0.09473745711414017,0.11438154725910403,0.059870176154656785,0.0,0.19147590103899378
30,0.086925407252215,0.045710912486012834,0.2027049570274772,0.12713906724304613,0.18652419224692318,0.21764864062774478,0.19147590103899378,0.0
