,4,9,12,20,103,104,114,115
4,0.0,0.06742400163250574,0.08061744769882107,0.06742731319156871,0.9999559391429146,1.0001287799355096,0.9834891195671723,0.998003880966795
9,0.06742400163250574,0.0,0.06591949774978483,0.13612416499143998,1.001016993794326,1.0021601804918974,0.9527380048775995,0.9992138866882919
12,0.08061744769882107,0.06591949774978483,0.0,0.13513054632559293,0.9787228573705445,0.9936957432093088,1.0000792401876775,1.0030790854001281
20,0.06742731319156871,0.13612416499143998,0.13513054632559293,0.0,0.9994624715669851,0.9999739084198737,0.999466882218409,0.9999986841028903
103,0.9999559391429146,1.001016993794326,0.9787228573705445,0.9994624715669851,0.0,0.12131176814463346,0.7013635728473371,0.774028088172234
104,1.0001287799355096,1.0021601804918974,0.9936957432093088,0.9999739084198737,0.12131176814463346,0.0,0.7734339043895273,0.916516250313176
114,0.9834891195671723,0.9527380048775995,1.0000792401876775,0.999466882218409,0.7013635728473371,0.7734339043895273,0.0,0.1486626732407752
115,0.998003880966795,0.9992138866882919,1.0030790854001281,0.9999986841028903,0.774028088172234,0.916516250313176,0.1486626732407752,0.0
