,107,109,115,121,122,124,126,127
107,0.0,0.16477152254458124,0.8152891146512545,0.725938809451343,0.013271708810074065,0.7835804411965095,0.2115081574752808,0.4826991649843372
109,0.16477152254458124,0.0,0.8922261597779467,0.8289750981001675,0.158076225074552,0.8788424670210203,0.3153506704822704,0.5820689513566829
115,0.8152891146512545,0.8922261597779467,0.0,0.12502089245953335,0.8108525503398808,0.09241002648638026,0.6036363497298848,0.350113683950417
121,0.725938809451343,0.8289750981001675,0.12502089245953335,0.0,0.7223176398098669,0.06549678241275969,0.51653195375992,0.25015108285120524
122,0.013271708810074065,0.158076225074552,0.8108525503398808,0.7223176398098669,0.0,0.7919768083030946,0.2045223344634878,0.477096905227298
124,0.7835804411965095,0.8788424670210203,0.09241002648638026,0.06549678241275969,0.7919768083030946,0.0,0.5817907718660421,0.31823465971630177
126,0.2115081574752808,0.3153506704822704,0.6036363497298848,0.51653195375992,0.2045223344634878,0.5817907718660421,0.0,0.27282985432090023
127,0.4826991649843372,0.5820689513566829,0.350113683950417,0.25015108285120524,0.477096905227298,0.31823465971630177,0.27282985432090023,0.0
