,0,6,8,11,15,19,23,26
0,0.0,0.1594913674176666,0.20322978340801123,0.16476621920997161,0.17284467595280437,0.16025291436302158,0.21538135508191023,0.1883891326741187
6,0.1594913674176666,0.0,0.16543896060132596,0.060923649269536195,0.09832576174428122,0.20956184254783217,0.06466652739030473,0.13788324016481443
8,0.20322978340801123,0.16543896060132596,0.0,0.17457858717741878,0.19867481487484695,0.09667577715796627,0.16677160023765206,0.03738728383302597
11,0.16476621920997161,0.060923649269536195,0.17457858717741878,0.0,0.037797359504584106,0.2041038738302997,0.1823656219231979,0.2043937409505495
15,0.17284467595280437,0.09832576174428122,0.19867481487484695,0.037797359504584106,0.0,0.2205423666724362,0.2015320688104753,0.24735562730703914
19,0.16025291436302158,0.20956184254783217,0.09667577715796627,0.2041038738302997,0.2205423666724362,0.0,0.2360066959835816,0.13650151660538098
23,0.21538135508191023,0.06466652739030473,0.16677160023765206,0.1823656219231979,0.2015320688104753,0.2360066959835816,0.0,0.12056175171364113
26,0.1883891326741187,0.13788324016481443,0.03738728383302597,0.2043937409505495,0.24735562730703914,0.13650151660538098,0.12056175171364113,0.0
