,8,9,12,15,22,27,29,30
8,0.0,0.1635494938414142,0.1895931049221619,0.19867538328886486,0.1300711014700833,0.04671341938597462,0.0937038559796787,0.17910343874120663
9,0.1635494938414142,0.0,0.06591960776490755,0.0830206177003206,0.08963941779725547,0.1767847025374494,0.14263530404768382,0.08945649195054638
12,0.1895931049221619,0.06591960776490755,0.0,0.029780428699551165,0.09518739702852339,0.2167865151660598,0.19660534718920186,0.031520547312214896
15,0.19867538328886486,0.0830206177003206,0.029780428699551165,0.0,0.12149814623401682,0.24327949845318084,0.22590814711922505,0.0457111631483086
22,0.1300711014700833,0.08963941779725547,0.09518739702852339,0.12149814623401682,0.0,0.15053508511965005,0.094737863684071,0.12713952192859557
27,0.04671341938597462,0.1767847025374494,0.2167865151660598,0.24327949845318084,0.15053508511965005,0.0,0.059870475912816114,0.21764923738057876
29,0.0937038559796787,0.14263530404768382,0.19660534718920186,0.22590814711922505,0.094737863684071,0.059870475912816114,0.0,0.19147647168249732
30,0.17910343874120663,0.08945649195054638,0.031520547312214896,0.0457111631483086,0.12713952192859557,0.21764923738057876,0.19147647168249732,0.0
