,0,1,5,6,19,21,22,30
0,0.0,0.24161120998844923,0.08982021213398729,0.15949093012265628,0.16025249408357917,0.10087505624374452,0.11188795492629935,0.09978783891266375
1,0.24161120998844923,0.0,0.166355440249639,0.12459388852596898,0.19284283553274711,0.1986805464573357,0.18694513825185413,0.15719242669059635
5,0.08982021213398729,0.166355440249639,0.0,0.0777029896462725,0.14793419465653987,0.10831345784213178,0.0931072770918225,0.08953074450199744
6,0.15949093012265628,0.12459388852596898,0.0777029896462725,0.0,0.20956136789572075,0.1814527609036138,0.1660582591351593,0.1591150723477041
19,0.16025249408357917,0.19284283553274711,0.14793419465653987,0.20956136789572075,0.0,0.21833538987416065,0.1046435742468585,0.20270447374177503
21,0.10087505624374452,0.1986805464573357,0.10831345784213178,0.1814527609036138,0.21833538987416065,0.0,0.11901770004919437,0.025998290750423095
22,0.11188795492629935,0.18694513825185413,0.0931072770918225,0.1660582591351593,0.1046435742468585,0.11901770004919437,0.0,0.12713867318355193
30,0.09978783891266375,0.15719242669059635,0.08953074450199744,0.1591150723477041,0.20270447374177503,0.025998290750423095,0.12713867318355193,0.0
