,2,8,10,11,18,20,21,31
2,0.0,0.12165536713082042,0.027550400011097622,0.07876081827041856,0.234199250556248,0.07719337359265853,0.16791834840616515,0.1380162299792301
8,0.12165536713082042,0.0,0.13968551070077478,0.17457835825228604,0.19514131398468085,0.13894500951239916,0.20685400874485543,0.18955775984758086
10,0.027550400011097622,0.13968551070077478,0.0,0.15480905935207157,0.18696996605556043,0.08087769223664391,0.21650857149036257,0.1854910051225434
11,0.07876081827041856,0.17457835825228604,0.15480905935207157,0.0,0.16172478596036557,0.07610013121734921,0.09474405279734194,0.05112752370190916
18,0.234199250556248,0.19514131398468085,0.18696996605556043,0.16172478596036557,0.0,0.19814316116493755,0.12192355155234813,0.1803646302358677
20,0.07719337359265853,0.13894500951239916,0.08087769223664391,0.07610013121734921,0.19814316116493755,0.0,0.15615302675582543,0.09884728633912886
21,0.16791834840616515,0.20685400874485543,0.21650857149036257,0.09474405279734194,0.12192355155234813,0.15615302675582543,0.0,0.0615450971167842
31,0.1380162299792301,0.18955775984758086,0.1854910051225434,0.05112752370190916,0.1803646302358677,0.09884728633912886,0.0615450971167842,0.0
