,100,101,106,110,111,115,118,122
100,0.0,0.47920344870962867,0.14338783164827518,0.48371129906279375,0.5775945424661318,0.1765973242372854,0.4440502855530815,0.6354486988288176
101,0.47920344870962867,0.0,0.6208720600867447,0.14349933949014743,0.17702108314205092,0.6526132654886457,0.1176279327518746,0.16883676829877897
106,0.14338783164827518,0.6208720600867447,0.0,0.6250482409675827,0.7143421021560369,0.05205613343856048,0.5886524565313694,0.7829763460681854
110,0.48371129906279375,0.14349933949014743,0.6250482409675827,0.0,0.1128920697731387,0.6407411903797166,0.044839171973221896,0.21536905688849853
111,0.5775945424661318,0.17702108314205092,0.7143421021560369,0.1128920697731387,0.0,0.7431704524424677,0.1441174228949327,0.14406778085476352
115,0.1765973242372854,0.6526132654886457,0.05205613343856048,0.6407411903797166,0.7431704524424677,0.0,0.6073236847361548,0.8108525503398808
118,0.4440502855530815,0.1176279327518746,0.5886524565313694,0.044839171973221896,0.1441174228949327,0.6073236847361548,0.0,0.23232143968531913
122,0.6354486988288176,0.16883676829877897,0.7829763460681854,0.21536905688849853,0.14406778085476352,0.8108525503398808,0.23232143968531913,0.0
