,96,98,100,106,108,110,111,127
96,0.0,0.8069770898505532,0.5996841843070733,0.7447158755822886,0.8762432844101405,0.13079617597323207,0.07145418411352855,0.45311831096279465
98,0.8069770898505532,0.0,0.22397324081379918,0.09398595180710302,0.06972175985298577,0.6936317631287214,0.7825352730356425,0.4009712912848271
100,0.5996841843070733,0.22397324081379918,0.0,0.14338783164827518,0.2872827529524251,0.48371129906279375,0.5775945424661318,0.1751011926126984
106,0.7447158755822886,0.09398595180710302,0.14338783164827518,0.0,0.1522426341263477,0.6250482409675827,0.7143421021560369,0.31474180569538707
108,0.8762432844101405,0.06972175985298577,0.2872827529524251,0.1522426341263477,0.0,0.7465750977251154,0.8396512336547591,0.46194712941930544
110,0.13079617597323207,0.6936317631287214,0.48371129906279375,0.6250482409675827,0.7465750977251154,0.0,0.1128920697731387,0.35378674936867877
111,0.07145418411352855,0.7825352730356425,0.5775945424661318,0.7143421021560369,0.8396512336547591,0.1128920697731387,0.0,0.43510566309212817
127,0.45311831096279465,0.4009712912848271,0.1751011926126984,0.31474180569538707,0.46194712941930544,0.35378674936867877,0.43510566309212817,0.0
