,3,6,8,21,22,23,26,28
3,0.0,0.06076173308079732,0.2024294778942717,0.08549434479385412,0.16868043449492626,0.08057605694586495,0.1738398725741643,0.21226491161459557
6,0.06076173308079732,0.0,0.1654390197669194,0.1814531935212238,0.16605875402807413,0.06466655822571524,0.13788330591268252,0.22553823878174598
8,0.2024294778942717,0.1654390197669194,0.0,0.20685430465210014,0.13007066731166717,0.16677165987983467,0.03738731057450479,0.1546938712178035
21,0.08549434479385412,0.1814531935212238,0.20685430465210014,0.0,0.11901812569041949,0.23615363031309236,0.26489005449606096,0.185510155320327
22,0.16868043449492626,0.16605875402807413,0.13007066731166717,0.11901812569041949,0.0,0.2454739663759373,0.20114435055803714,0.09570699227326214
23,0.08057605694586495,0.06466655822571524,0.16677165987983467,0.23615363031309236,0.2454739663759373,0.0,0.12056180920197791,0.2864363603523932
26,0.1738398725741643,0.13788330591268252,0.03738731057450479,0.26489005449606096,0.20114435055803714,0.12056180920197791,0.0,0.21552975898388269
28,0.21226491161459557,0.22553823878174598,0.1546938712178035,0.185510155320327,0.09570699227326214,0.2864363603523932,0.21552975898388269,0.0
