,7,10,14,24,110,111,122,124
7,0.0,0.045147504047715274,0.1961340287773957,0.17172740741177725,0.9995504230734124,1.000038482217953,1.0005746081641251,0.997719879648142
10,0.045147504047715274,0.0,0.16662266075806664,0.131938801426218,1.00043979199559,1.000124618331801,1.0000415991883729,0.979110457524052
14,0.1961340287773957,0.16662266075806664,0.0,0.23269223729871327,0.9893968577196721,1.2021559528225463,1.00019180081798,0.9391882762833246
24,0.17172740741177725,0.131938801426218,0.23269223729871327,0.0,0.8130713321093356,0.974050291496497,0.9986768566158903,1.000015895754503
110,0.9995504230734124,1.00043979199559,0.9893968577196721,0.8130713321093356,0.0,0.11289190827985301,0.21536885149665835,0.6403221223129351
111,1.000038482217953,1.000124618331801,1.2021559528225463,0.974050291496497,0.11289190827985301,0.0,0.14406759193849156,0.7297420510458437
122,1.0005746081641251,1.0000415991883729,1.00019180081798,0.9986768566158903,0.21536885149665835,0.14406759193849156,0.0,0.7919766902893626
124,0.997719879648142,0.979110457524052,0.9391882762833246,1.000015895754503,0.6403221223129351,0.7297420510458437,0.7919766902893626,0.0
