,103,104,106,107,114,115,120,127
103,0.0,0.12131185491360265,0.8219239655438024,0.06998826857089165,0.7013636773586615,0.774028088172234,0.5156009423842876,0.5227303306627216
104,0.12131185491360265,0.0,0.9015617757651434,0.18078102819611336,0.7734339735399102,0.9165162844560676,0.6056017941700463,0.6132344884170805
106,0.8219239655438024,0.9015617757651434,0.0,0.7854143904649321,0.1304807541314011,0.052056108616267666,0.31323456492706453,0.3147417306551019
107,0.06998826857089165,0.18078102819611336,0.7854143904649321,0.0,0.6680336563127912,0.8152890782049919,0.478213573527106,0.4826990786710081
114,0.7013636773586615,0.7734339735399102,0.1304807541314011,0.6680336563127912,0.0,0.14866277957264318,0.20985390729882655,0.21954919126839786
115,0.774028088172234,0.9165162844560676,0.052056108616267666,0.8152890782049919,0.14866277957264318,0.0,0.35052591042697145,0.3501136004768199
120,0.5156009423842876,0.6056017941700463,0.31323456492706453,0.478213573527106,0.20985390729882655,0.35052591042697145,0.0,0.015611244657334421
127,0.5227303306627216,0.6132344884170805,0.3147417306551019,0.4826990786710081,0.21954919126839786,0.3501136004768199,0.015611244657334421,0.0
