,97,104,105,106,112,117,119,121
97,0.0,0.44902703857927284,0.1378003570438947,0.472149666419091,0.04374630881734653,0.23828671775480828,0.5453810189292567,0.40726389523614065
104,0.44902703857927284,0.0,0.4850484720569603,0.9015617488965091,0.4850286683290631,0.6801608970766458,0.9739066069248583,0.8422643224492663
105,0.1378003570438947,0.4850484720569603,0.0,0.41970919130874523,0.1184329774432019,0.21753054172691286,0.5022290107321197,0.37666920463578385
106,0.472149666419091,0.9015617488965091,0.41970919130874523,0.0,0.42667370657066084,0.23265418239816238,0.09847370252157021,0.08318770553153704
112,0.04374630881734653,0.4850286683290631,0.1184329774432019,0.42667370657066084,0.0,0.19421941272261728,0.49925022869654373,0.3654074527889528
117,0.23828671775480828,0.6801608970766458,0.21753054172691286,0.23265418239816238,0.19421941272261728,0.0,0.30491856939699424,0.17218849080390522
119,0.5453810189292567,0.9739066069248583,0.5022290107321197,0.09847370252157021,0.49925022869654373,0.30491856939699424,0.0,0.13373071000913062
121,0.40726389523614065,0.8422643224492663,0.37666920463578385,0.08318770553153704,0.3654074527889528,0.17218849080390522,0.13373071000913062,0.0
