,1,3,7,8,12,18,19,31
1,0.0,0.1729958155889964,0.05703898214630318,0.10727093347488173,0.17116120039884686,0.2523667671783892,0.19284375508123625,0.15505004336020764
3,0.1729958155889964,0.0,0.14469246953600845,0.20242988812974955,0.04661813645386904,0.09673579311070249,0.21347659514530817,0.04555674370637858
7,0.05703898214630318,0.14469246953600845,0.0,0.16675024970688754,0.1958213703486128,0.21769921474959633,0.2169956856108042,0.1769347103499385
8,0.10727093347488173,0.20242988812974955,0.16675024970688754,0.0,0.18959301451714608,0.19514201186565083,0.09667609984872474,0.1895584603572975
12,0.17116120039884686,0.04661813645386904,0.1958213703486128,0.18959301451714608,0.0,0.11816187778600215,0.19372469061903957,0.05599515229912761
18,0.2523667671783892,0.09673579311070249,0.21769921474959633,0.19514201186565083,0.11816187778600215,0.0,0.15086614240514723,0.18036531827364183
19,0.19284375508123625,0.21347659514530817,0.2169956856108042,0.09667609984872474,0.19372469061903957,0.15086614240514723,0.0,0.22984047082420267
31,0.15505004336020764,0.04555674370637858,0.1769347103499385,0.1895584603572975,0.05599515229912761,0.18036531827364183,0.22984047082420267,0.0
