,98,100,101,103,113,115,118,127
98,0.0,0.22397316071474077,0.6962369744703011,0.8885158847648883,0.6667559881912312,0.0490562269093167,0.6509080351675687,0.40097119568583295
100,0.22397316071474077,0.0,0.47920336302138233,0.6777506922013219,0.44493273937822087,0.17659726108117202,0.44405020615071,0.1751011299916433
101,0.6962369744703011,0.47920336302138233,0.0,0.21512365074901404,0.03812559999653624,0.6526132071404755,0.11762787666251878,0.31282129209268195
103,0.8885158847648883,0.6777506922013219,0.21512365074901404,0.0,0.23789481047667346,0.774028088172234,0.2517442163238572,0.5227303306627216
113,0.6667559881912312,0.44493273937822087,0.03812559999653624,0.23789481047667346,0.0,0.6158247281469802,0.11850791289865754,0.28544481117470233
115,0.0490562269093167,0.17659726108117202,0.6526132071404755,0.774028088172234,0.6158247281469802,0.0,0.6073236123375342,0.3501136004768199
118,0.6509080351675687,0.44405020615071,0.11762787666251878,0.2517442163238572,0.11850791289865754,0.6073236123375342,0.0,0.30841095911046335
127,0.40097119568583295,0.1751011299916433,0.31282129209268195,0.5227303306627216,0.28544481117470233,0.3501136004768199,0.30841095911046335,0.0
