,12,13,21,24,97,110,117,121
12,0.0,0.1499887330384062,0.04793702688846484,0.18394761424117836,0.9990260636139806,0.9717062972489396,1.0000076474026638,0.9999103776426584
13,0.1499887330384062,0.0,0.19017477995730184,0.14610780565459464,0.9938949610112721,0.9999706454179697,0.8808700505955606,0.8930723219862271
21,0.04793702688846484,0.19017477995730184,0.0,0.20395392784199748,0.9991499148304395,0.9596314626900764,1.0000103640332332,1.000057787881638
24,0.18394761424117836,0.14610780565459464,0.20395392784199748,0.0,0.8871535496482361,0.8130712472993912,0.9990246433356902,0.9999938430967995
97,0.9990260636139806,0.9938949610112721,0.9991499148304395,0.8871535496482361,0.0,0.1866653070821202,0.2382865189129589,0.40726367676282105
110,0.9717062972489396,0.9999706454179697,0.9596314626900764,0.8130712472993912,0.1866653070821202,0.0,0.4049811767898859,0.5737889045422085
117,1.0000076474026638,0.8808700505955606,1.0000103640332332,0.9990246433356902,0.2382865189129589,0.4049811767898859,0.0,0.17218830606579538
121,0.9999103776426584,0.8930723219862271,1.000057787881638,0.9999938430967995,0.40726367676282105,0.5737889045422085,0.17218830606579538,0.0
