,104,106,112,115,123,124,126,127
104,0.0,0.9015617757651434,0.48502878396892285,0.9165162844560676,0.4116705536516228,0.9120401099325492,0.34774055337100007,0.6132344884170805
106,0.9015617757651434,0.0,0.4266738337293534,0.052056108616267666,0.4974684933149967,0.06263302945347549,0.5791219295767254,0.3147417306551019
112,0.48502878396892285,0.4266738337293534,0.0,0.45594493903559435,0.07938369487823663,0.4293118262568625,0.1536200740153478,0.13546550869361795
115,0.9165162844560676,0.052056108616267666,0.45594493903559435,0.0,0.5268030252404836,0.09240998242185634,0.6036362777708286,0.3501136004768199
123,0.4116705536516228,0.4974684933149967,0.07938369487823663,0.5268030252404836,0.0,0.5048748919162646,0.07653071509920539,0.19943314801487322
124,0.9120401099325492,0.06263302945347549,0.4293118262568625,0.09240998242185634,0.5048748919162646,0.0,0.581790737188611,0.3182345838432554
126,0.34774055337100007,0.5791219295767254,0.1536200740153478,0.6036362777708286,0.07653071509920539,0.581790737188611,0.0,0.2728297892732018
127,0.6132344884170805,0.3147417306551019,0.13546550869361795,0.3501136004768199,0.19943314801487322,0.3182345838432554,0.2728297892732018,0.0
