,4,26,28,29,98,102,109,126
4,0.0,0.16602431300194914,0.18597636166283404,0.1527977791907721,0.999418825870954,0.9810572783562865,1.0001503480977931,0.9998872851656153
26,0.16602431300194914,0.0,0.21553027284748416,0.1303412735996056,0.869048665768467,0.9863788583110314,1.00085665420518,1.000022297216961
28,0.18597636166283404,0.21553027284748416,0.0,0.08535084364150294,0.9887257297575067,0.7655439812258947,0.9984619604024894,1.0099014954030687
29,0.1527977791907721,0.1303412735996056,0.08535084364150294,0.0,0.9928654071025739,0.8182137786743179,1.1831241578608154,1.000529041359211
98,0.999418825870954,0.869048665768467,0.9887257297575067,0.9928654071025739,0.0,0.5432676998148349,0.9330458102667085,0.6509726356148381
102,0.9810572783562865,0.9863788583110314,0.7655439812258947,0.8182137786743179,0.5432676998148349,0.0,0.4036042101664284,0.1839680525189634
109,1.0001503480977931,1.00085665420518,0.9984619604024894,1.1831241578608154,0.9330458102667085,0.4036042101664284,0.0,0.3153506704822704
126,0.9998872851656153,1.000022297216961,1.0099014954030687,1.000529041359211,0.6509726356148381,0.1839680525189634,0.3153506704822704,0.0
