,96,100,103,109,112,114,121,122
96,0.0,0.5700079673669769,0.08880819644386095,0.1374415155014593,0.3042044922290106,0.5880638605146604,0.6543584157091324,0.09471372097256253
100,0.5700079673669769,0.0,0.6476038724148153,0.6913745855189534,0.269636311114793,0.04768480157392923,0.08924457152869207,0.6054723653089243
103,0.08880819644386095,0.6476038724148153,0.0,0.11492661936531169,0.378820653309596,0.6679742307272205,0.728450428632144,0.06438771517269387
109,0.1374415155014593,0.6913745855189534,0.11492661936531169,0.0,0.43548766165188973,0.7108564828469707,0.7801602448436861,0.1480077690746848
112,0.3042044922290106,0.269636311114793,0.378820653309596,0.43548766165188973,0.0,0.2918118072665706,0.34985876492967016,0.3398438837225775
114,0.5880638605146604,0.04768480157392923,0.6679742307272205,0.7108564828469707,0.2918118072665706,0.0,0.09778584069719061,0.628082820480865
121,0.6543584157091324,0.08924457152869207,0.728450428632144,0.7801602448436861,0.34985876492967016,0.09778584069719061,0.0,0.6890873963572878
122,0.09471372097256253,0.6054723653089243,0.06438771517269387,0.1480077690746848,0.3398438837225775,0.628082820480865,0.6890873963572878,0.0
