,4,8,12,15,21,23,27,29
4,0.0,0.1301167892360477,0.05337865440432952,0.045571354866124,0.09005593388200799,0.09617648620317383,0.1564010622026385,0.14537928126304653
8,0.1301167892360477,0.0,0.15536726541339316,0.16731764154399942,0.18979246236342884,0.12528147082353197,0.03397426875808774,0.06984311323220355
12,0.05337865440432952,0.15536726541339316,0.0,0.027814039842386642,0.038338650158614096,0.14939897776219718,0.17325608415114818,0.14482118470571878
15,0.045571354866124,0.16731764154399942,0.027814039842386642,0.0,0.05059745221671758,0.1393942582128817,0.18952307655553435,0.1670131070439443
21,0.09005593388200799,0.18979246236342884,0.038338650158614096,0.05059745221671758,0.0,0.18625123007937455,0.20495973273834586,0.16976589812757456
23,0.09617648620317383,0.12528147082353197,0.14939897776219718,0.1393942582128817,0.18625123007937455,0.0,0.15900166520514236,0.17951728885942048
27,0.1564010622026385,0.03397426875808774,0.17325608415114818,0.18952307655553435,0.20495973273834586,0.15900166520514236,0.0,0.053713502693192035
29,0.14537928126304653,0.06984311323220355,0.14482118470571878,0.1670131070439443,0.16976589812757456,0.17951728885942048,0.053713502693192035,0.0
