,1,2,8,9,13,17,22,29
1,0.0,0.017665185179458934,0.10356005056948256,0.1322858465494733,0.14966038611828766,0.12503678076181754,0.1609204062293082,0.1603800230296135
2,0.017665185179458934,0.0,0.08924725254201767,0.11753544971312059,0.1322882751058401,0.11409357740595297,0.1437794056027942,0.14333104232126515
8,0.10356005056948256,0.08924725254201767,0.0,0.12387032210790391,0.08616650818740919,0.03669478226818045,0.10625095684621887,0.06987845749513243
9,0.1322858465494733,0.11753544971312059,0.12387032210790391,0.0,0.07029562272460436,0.1603084009258877,0.061458936030158284,0.11213872473738527
13,0.14966038611828766,0.1322882751058401,0.08616650818740919,0.07029562272460436,0.0,0.11562870456763452,0.020580212239093447,0.043721179899413085
17,0.12503678076181754,0.11409357740595297,0.03669478226818045,0.1603084009258877,0.11562870456763452,0.0,0.1368090337215308,0.0878159367085663
22,0.1609204062293082,0.1437794056027942,0.10625095684621887,0.061458936030158284,0.020580212239093447,0.1368090337215308,0.0,0.06229721149438431
29,0.1603800230296135,0.14333104232126515,0.06987845749513243,0.11213872473738527,0.043721179899413085,0.0878159367085663,0.06229721149438431,0.0
