,8,11,17,22,24,27,29,31
8,0.0,0.13534222070029364,0.03638260743173115,0.10565398957273503,0.020374104883829885,0.03372317482206647,0.06942298902413199,0.1741199457622352
11,0.13534222070029364,0.0,0.17150300225259216,0.10897597474544235,0.1477034779951926,0.16109983080513077,0.14796200787120026,0.04001143378322226
17,0.03638260743173115,0.17150300225259216,0.0,0.13670362095593364,0.02580155546785477,0.03425402521442759,0.08719046409592075,0.21080769724916318
22,0.10565398957273503,0.10897597474544235,0.13670362095593364,0.0,0.12641636165383002,0.10643568767430119,0.06169387513402875,0.12966397150555747
24,0.020374104883829885,0.1477034779951926,0.02580155546785477,0.12641636165383002,0.0,0.04283692296426745,0.08754309237008094,0.18766599270258313
27,0.03372317482206647,0.16109983080513077,0.03425402521442759,0.10643568767430119,0.04283692296426745,0.0,0.053658361488569,0.1975820018496683
29,0.06942298902413199,0.14796200787120026,0.08719046409592075,0.06169387513402875,0.08754309237008094,0.053658361488569,0.0,0.17805138455554387
31,0.1741199457622352,0.04001143378322226,0.21080769724916318,0.12966397150555747,0.18766599270258313,0.1975820018496683,0.17805138455554387,0.0
