,13,14,15,17,105,110,120,121
13,0.0,0.05170033580263038,0.7924381521228802,0.6918912938251852,0.894207987115108,0.8486683384040153,0.8736199073557487,0.7383952693716866
14,0.05170033580263038,0.0,0.7617056826259583,0.6515893395206531,0.9091030183198422,0.8803679803587808,0.9037068688764796,0.7735457747434905
15,0.7924381521228802,0.7617056826259583,0.0,0.19003447804967433,1.053283750346724,0.8272499769746992,1.1002884932551096,1.1664507165358806
17,0.6918912938251852,0.6515893395206531,0.19003447804967433,0.0,0.8915588040170671,0.6461041026086546,0.9079670123260841,0.9700577432452961
105,0.894207987115108,0.9091030183198422,1.053283750346724,0.8915588040170671,0.0,0.2016854274320404,0.14624403842119593,0.35574865195025657
110,0.8486683384040153,0.8803679803587808,0.8272499769746992,0.6461041026086546,0.2016854274320404,0.0,0.32631141670805935,0.5465725713548459
120,0.8736199073557487,0.9037068688764796,1.1002884932551096,0.9079670123260841,0.14624403842119593,0.32631141670805935,0.0,0.23937989407248542
121,0.7383952693716866,0.7735457747434905,1.1664507165358806,0.9700577432452961,0.35574865195025657,0.5465725713548459,0.23937989407248542,0.0
