,99,106,107,112,113,118,121,125
99,0.0,0.7627264855191924,0.04165621623187216,0.36224586255331664,0.20810683566125984,0.23118271227677134,0.7107900068791833,0.10407719907451957
106,0.7627264855191924,0.0,0.7446887103003235,0.40442745047020867,0.5597292694005269,0.5508050887696756,0.0779255994245205,0.8613593450786966
107,0.04165621623187216,0.7446887103003235,0.0,0.3505015918507451,0.18442668981657984,0.2231801190153103,0.6916906287869816,0.11644493922216069
112,0.36224586255331664,0.40442745047020867,0.3505015918507451,0.0,0.16137344031894396,0.16427800401157633,0.34929718048716346,0.45533480182334957
113,0.20810683566125984,0.5597292694005269,0.18442668981657984,0.16137344031894396,0.0,0.11092540154498866,0.5059062944155608,0.29955354439558846
118,0.23118271227677134,0.5508050887696756,0.2231801190153103,0.16427800401157633,0.11092540154498866,0.0,0.5036744714932699,0.3259670281082284
121,0.7107900068791833,0.0779255994245205,0.6916906287869816,0.34929718048716346,0.5059062944155608,0.5036744714932699,0.0,0.8015949180973768
125,0.10407719907451957,0.8613593450786966,0.11644493922216069,0.45533480182334957,0.29955354439558846,0.3259670281082284,0.8015949180973768,0.0
