,102,103,104,105,114,115,116,121
102,0.0,0.3557975099477466,0.41080636868485054,0.06739389962692117,0.3360821607337708,0.471447587936433,0.5492313439692558,0.41570833701364035
103,0.3557975099477466,0.0,0.11573179980203968,0.4035709170868291,0.6676029057474046,0.8087140648197987,0.8847489864019255,0.7284268090632825
104,0.41080636868485054,0.11573179980203968,0.0,0.46240004099332854,0.7401928266805624,0.878574044669172,0.9567369492931952,0.8080222364864987
105,0.06739389962692117,0.4035709170868291,0.46240004099332854,0.0,0.28614156009234,0.4175195397529813,0.49899027420477415,0.3598829815084745
114,0.3360821607337708,0.6676029057474046,0.7401928266805624,0.28614156009234,0.0,0.1423640002441255,0.21817301199153788,0.0981429616964119
115,0.471447587936433,0.8087140648197987,0.878574044669172,0.4175195397529813,0.1423640002441255,0.0,0.08315490739885263,0.11890739680992103
116,0.5492313439692558,0.8847489864019255,0.9567369492931952,0.49899027420477415,0.21817301199153788,0.08315490739885263,0.0,0.17958796599299331
121,0.41570833701364035,0.7284268090632825,0.8080222364864987,0.3598829815084745,0.0981429616964119,0.11890739680992103,0.17958796599299331,0.0
