,96,103,105,106,108,117,119,122
96,0.0,0.09082372805220017,0.3223882297004108,0.7048712284101607,0.8356869558219204,0.4949784807262536,0.7790940278955121,0.0959671546860319
103,0.09082372805220017,0.0,0.40550085533880403,0.7858343688741845,0.9104773111560741,0.5601605786174547,0.8506952508941013,0.06442983736197831
105,0.3223882297004108,0.40550085533880403,0.0,0.3999679465608648,0.5213127363222622,0.2075010081967815,0.48298391032200755,0.3695700954392978
106,0.7048712284101607,0.7858343688741845,0.3999679465608648,0.0,0.14839750576250274,0.2227798050030315,0.09511652598198017,0.7426126599878677
108,0.8356869558219204,0.9104773111560741,0.5213127363222622,0.14839750576250274,0.0,0.36756689038659696,0.12713279274851647,0.8738228938091508
117,0.4949784807262536,0.5601605786174547,0.2075010081967815,0.2227798050030315,0.36756689038659696,0.0,0.29086755807068293,0.5264311304708669
119,0.7790940278955121,0.8506952508941013,0.48298391032200755,0.09511652598198017,0.12713279274851647,0.29086755807068293,0.0,0.8133997461925632
122,0.0959671546860319,0.06442983736197831,0.3695700954392978,0.7426126599878677,0.8738228938091508,0.5264311304708669,0.8133997461925632,0.0
