,7,9,15,28,96,103,106,108
7,0.0,0.2032810781811975,0.6625652513753705,0.24819844450933246,0.9751895492643489,1.0198133130095395,0.9586781123735392,0.9787474537761667
9,0.2032810781811975,0.0,0.8555080536068491,0.38867681680574057,1.0301048390450855,1.1083860388529814,0.8440892756935728,0.8354802789156627
15,0.6625652513753705,0.8555080536068491,0.0,0.5000933486342742,0.8359419389646655,0.8582813930222183,1.2297240829143539,1.3040364624133691
28,0.24819844450933246,0.38867681680574057,0.5000933486342742,0.0,0.7235246398749892,0.8095496875003585,0.8311699218826095,0.8872001301952521
96,0.9751895492643489,1.0301048390450855,0.8359419389646655,0.7235246398749892,0.0,0.08816386346626726,0.704126007283777,0.8322287917175595
103,1.0198133130095395,1.1083860388529814,0.8582813930222183,0.8095496875003585,0.08816386346626726,0.0,0.7800055275297242,0.9159362164727498
106,0.9586781123735392,0.8440892756935728,1.2297240829143539,0.8311699218826095,0.704126007283777,0.7800055275297242,0.0,0.14478638460199988
108,0.9787474537761667,0.8354802789156627,1.3040364624133691,0.8872001301952521,0.8322287917175595,0.9159362164727498,0.14478638460199988,0.0
