,2,10,25,31,104,107,126,127
2,0.0,0.7283718010143281,0.1265766875230788,0.1440872062045874,0.8594161520890173,0.9183346790138572,0.9459802178995139,1.0737017691000588
10,0.7283718010143281,0.0,0.5721372141656449,0.5849418475000195,1.1441771756387604,1.1243680191112275,0.995916857551338,0.9539202857003626
25,0.1265766875230788,0.5721372141656449,0.0,0.047611119596949907,0.8687491488786552,0.9209192551618561,0.9267921441005164,1.015751310918314
31,0.1440872062045874,0.5849418475000195,0.047611119596949907,0.0,0.9171545279814326,0.9724143355007352,0.9633523449810304,1.0589931497882348
104,0.8594161520890173,1.1441771756387604,0.8687491488786552,0.9171545279814326,0.0,0.1659072867127863,0.33060496559448654,0.5672524040549694
107,0.9183346790138572,1.1243680191112275,0.9209192551618561,0.9724143355007352,0.1659072867127863,0.0,0.19941486642853065,0.4449149447752311
126,0.9459802178995139,0.995916857551338,0.9267921441005164,0.9633523449810304,0.33060496559448654,0.19941486642853065,0.0,0.24806376889913703
127,1.0737017691000588,0.9539202857003626,1.015751310918314,1.0589931497882348,0.5672524040549694,0.4449149447752311,0.24806376889913703,0.0
